101,'5475',614,,3896,3,,,0,100,,3897,26,,,0,200,,3899,26,,,0,100,,3900,26,,,0,100,,3902,26,,,0,100,,3901,26,,,0,100,,3904,26,,,0,100,,3903,26,,,0,100,,3905,26,,,0,100,,3906,26,,,0,100,,3907,26,,,0,100,,3908,26,,,0
101,'5501',614,,3909,3,,,0,100,,3910,26,,,0,200,,3912,26,,,0,100,,3913,26,,,0,100,,3915,26,,,0,100,,3914,26,,,0,100,,3917,26,,,0,100,,3916,26,,,0,100,,3918,26,,,0,100,,3919,26,,,0,100,,3920,26,,,0,100,,3921,26,,,0
101,'5503',914,,3926,26,,,0,100,,3928,26,,,0,100,,3922,26,,,0,100,,3924,26,,,0,100,,3927,26,,,0,100,,3925,26,,,0,100,,3929,26,,,0,100,,3923,26,,,0,100,,3930,26,,,0,100,,3931,26,,,0
101,'5505',614,,3933,3,,,0,100,,3934,26,,,0,200,,3936,26,,,0,100,,3937,26,,,0,100,,3939,26,,,0,100,,3938,26,,,0,100,,3941,26,,,0,100,,3940,26,,,0,100,,3942,26,,,0,100,,3943,26,,,0,100,,3944,26,,,0,100,,3945,26,,,0
101,'5506',614,,3946,3,,,0,100,,3947,26,,,0,200,,3949,26,,,0,100,,3950,26,,,0,100,,3952,26,,,0,100,,3951,26,,,0,100,,3954,26,,,0,100,,3953,26,,,0,100,,3955,26,,,0,100,,3956,26,,,0,100,,3957,26,,,0,100,,3958,26,,,0
101,'5508',614,,3959,3,,,0,100,,3960,26,,,0,200,,3962,26,,,0,100,,3963,26,,,0,100,,3965,26,,,0,100,,3964,26,,,0,100,,3967,26,,,0,100,,3966,26,,,0,100,,3968,26,,,0,100,,3969,26,,,0,100,,3970,26,,,0,100,,3971,26,,,0
1501,'5475',1954,,4825,20,,,0,164,,4827,20,,,0,388,,4830,20,,,0
1501,'5501',1954,,4833,20,,,0,164,,4835,20,,,0
1501,'5503',1954,,4836,20,,,0,164,,4839,20,,,0
1501,'5505',1954,,4841,20,,,0,164,,4843,20,,,0
1501,'5506',1954,,4845,20,,,0,164,,4847,20,,,0
1501,'5508',1954,,4849,20,,,0,164,,4851,20,,,0
4001,'5475',1004,,5000,18,,,0,604,,5001,18,,,0
4001,'5501',1004,,5002,18,,,0,604,,5003,18,,,0
4001,'5505',1004,,5004,18,,,0,328,,5006,3,,,0,276,,5005,18,,,0
4001,'5506',1004,,5007,18,,,0,604,,5008,18,,,0
7001,'5475',1821,,5042,29,,,0
7001,'5501',1821,,5046,29,,,0
7001,'5505',1821,,5050,29,,,0
7001,'5506',1821,,5054,29,,,0
