500,'5475',732,,4423,16,,,0,70,,4445,16,,,0,30,,4425,16,,,0,70,,4443,16,,,0,30,,4426,16,,,0,70,,4433,16,,,0,30,,4427,16,,,0,70,,4434,16,,,0,30,,4424,16,,,0,70,,4435,16,,,0,30,,4429,16,,,0,70,,4436,16,,,0,30,,4428,16,,,0,70,,4437,16,,,0,30,,4430,16,,,0,70,,4439,16,,,0,30,,4431,16,,,0,70,,4446,16,,,0,30,,4432,16,,,0,70,,4444,16,,,0,30,,4438,16,,,0,70,,4440,16,,,0,30,,4441,16,,,0
500,'5501',732,,4447,16,,,0,69,,4469,16,0,11 12,0,31,,4449,16,,,0,70,,4467,16,,,0,30,,4450,16,,,0,70,,4457,16,,,0,30,,4451,16,,,0,70,,4458,16,,,0,30,,4448,16,,,0,70,,4459,16,,,0,30,,4453,16,,,0,70,,4460,16,,,0,30,,4452,16,,,0,70,,4461,16,,,0,30,,4454,16,,,0,70,,4463,16,,,0,30,,4455,16,,,0,73,,4470,16,,,0,27,,4456,16,,,0,70,,4468,16,,,0,30,,4462,16,,,0,70,,4464,16,,,0,30,,4465,16,,,0
500,'5503',932,,4471,16,,,0,70,,4487,16,,,0,30,,4476,16,,,0,70,,4484,16,,,0,30,,4477,16,,,0,70,,4485,16,,,0,30,,4479,16,,,0,70,,4483,16,,,0,30,,4480,16,,,0,70,,4486,16,,,0,30,,4478,16,,,0,70,,4488,16,,,0,30,,4475,16,,,0,70,,4482,16,,,0,30,,4474,16,,,0,70,,4481,16,,,0,30,,4472,16,,,0,70,,4489,16,,,0,30,,4473,16,,,0
500,'5504',1302,,4491,16,,,0,100,,4492,16,,,0,100,,4493,16,,,0,100,,4494,16,,,0
500,'5505',732,,4495,16,,,0,69,,4517,16,0,11 12,0,31,,4497,16,,,0,70,,4515,16,,,0,30,,4498,16,,,0,70,,4505,16,,,0,30,,4499,16,,,0,70,,4506,16,,,0,30,,4496,16,,,0,70,,4507,16,,,0,30,,4501,16,,,0,70,,4508,16,,,0,30,,4500,16,,,0,70,,4509,16,,,0,30,,4502,16,,,0,70,,4511,16,,,0,30,,4503,16,,,0,73,,4518,16,,,0,27,,4504,16,,,0,70,,4516,16,,,0,30,,4510,16,,,0,70,,4512,16,,,0,30,,4513,16,,,0
500,'5506',732,,4519,16,,,0,70,,4541,16,,,0,30,,4521,16,,,0,70,,4539,16,,,0,30,,4522,16,,,0,70,,4529,16,,,0,30,,4523,16,,,0,70,,4530,16,,,0,30,,4520,16,,,0,70,,4531,16,,,0,30,,4525,16,,,0,70,,4532,16,,,0,30,,4524,16,,,0,70,,4533,16,,,0,30,,4526,16,,,0,70,,4535,16,,,0,30,,4527,16,,,0,70,,4542,16,,,0,30,,4528,16,,,0,70,,4540,16,,,0,30,,4534,16,,,0,70,,4536,16,,,0,30,,4537,16,,,0
500,'5508',732,,4543,16,,,0,70,,4565,16,,,0,30,,4545,16,,,0,70,,4563,16,,,0,30,,4546,16,,,0,70,,4553,16,,,0,30,,4547,16,,,0,70,,4554,16,,,0,30,,4544,16,,,0,70,,4555,16,,,0,30,,4549,16,,,0,70,,4556,16,,,0,30,,4548,16,,,0,70,,4557,16,,,0,30,,4550,16,,,0,70,,4559,16,,,0,30,,4551,16,,,0,70,,4566,16,,,0,30,,4552,16,,,0,70,,4564,16,,,0,30,,4558,16,,,0,70,,4560,16,,,0,30,,4561,16,,,0
1501,'5475',1927,,4824,18,0,7,0,124,,4826,18,0,7,0,388,,4831,18,0,7,0,164,,4829,18,0,7,0
1501,'5501',1927,,4832,18,0,7,0,124,,4834,18,0,7,0
1501,'5503',1927,,4837,18,0,7,0,124,,4838,18,0,7,0
1501,'5505',1927,,4840,18,0,7,0,124,,4842,18,0,7,0
1501,'5506',1927,,4844,18,0,7,0,124,,4846,18,0,7,0
1501,'5508',1927,,4848,18,0,7,0,124,,4850,18,0,7,0
1600,'5504',902,,4852,5,0,16 18,0,100,,4855,11,,,0,100,,4854,11,,,0,100,,4853,11,,,0,100,,4856,11,,,0,100,,4857,11,,,0,100,,4858,11,,,0,100,,4859,11,,,0,100,,4860,11,,,0
1000100,'5475',1910,,5055,20,,,0,30,,5066,20,,,0,70,,5064,20,,,0,30,,5065,20,,,0,70,,5061,20,,,0,30,,5063,20,,,0,70,,5062,20,,,0,30,,5060,20,,,0,170,,5057,20,,,0,30,,5059,20,,,0,70,,5056,20,,,0,30,,5058,20,,,0
