101,'5475',706,,2246,21,,,0,100,,2247,21,,,0,100,,2248,21,,,0,100,,2249,21,,,0,100,,2251,21,,,0,100,,2250,21,,,0,100,,2253,21,,,0,100,,2252,21,,,0,100,,2254,21,,,0,100,,2255,21,,,0,100,,2256,21,,,0,100,,2257,21,,,0
101,'5501',706,,2259,21,,,0,100,,2260,21,,,0,100,,2261,21,,,0,100,,2262,21,,,0,100,,2264,21,,,0,100,,2263,21,,,0,100,,2266,21,,,0,100,,2265,21,,,0,100,,2267,21,,,0,100,,2268,21,,,0,100,,2269,21,,,0,100,,2270,21,,,0
101,'5503',906,,2275,21,,,0,100,,2277,21,,,0,100,,2271,21,,,0,100,,2273,21,,,0,100,,2276,21,,,0,100,,2274,21,,,0,100,,2278,21,,,0,100,,2272,21,,,0,100,,2279,21,,,0,100,,2280,21,,,0
101,'5505',706,,2283,21,,,0,100,,2284,21,,,0,100,,2285,21,,,0,100,,2286,21,,,0,100,,2288,21,,,0,100,,2287,21,,,0,100,,2290,21,,,0,100,,2289,21,,,0,100,,2291,21,,,0,100,,2292,21,,,0,100,,2293,21,,,0,100,,2294,21,,,0
101,'5506',706,,2296,21,,,0,100,,2297,21,,,0,100,,2298,21,,,0,100,,2299,21,,,0,100,,2301,21,,,0,100,,2300,21,,,0,100,,2303,21,,,0,100,,2302,21,,,0,100,,2304,21,,,0,100,,2305,21,,,0,100,,2306,21,,,0,100,,2307,21,,,0
101,'5508',706,,2309,21,,,0,100,,2310,21,,,0,100,,2311,21,,,0,100,,2312,21,,,0,100,,2314,21,,,0,100,,2313,21,,,0,100,,2316,21,,,0,100,,2315,21,,,0,100,,2317,21,,,0,100,,2318,21,,,0,100,,2319,21,,,0,100,,2320,21,,,0
301,'5475',636,,2543,13,,,0,100,,2544,23,,,0,100,,2545,16,,,0,100,,2546,23,,,0,100,,2547,23,,,0,100,,2548,23,,,0,100,,2549,23,,,0,100,,2550,23,,,0,100,,2551,23,,,0,100,,2552,23,,,0,100,,2553,23,,,0,100,,2554,23,,,0
301,'5501',636,,2556,13,,,0,100,,2557,23,,,0,100,,2558,16,,,0,100,,2559,23,,,0,100,,2560,23,,,0,100,,2561,23,,,0,100,,2562,23,,,0,100,,2563,23,,,0,100,,2564,23,,,0,100,,2565,23,,,0,100,,2566,23,,,0,100,,2567,23,,,0
301,'5503',836,,2570,16,,,0,100,,2569,23,,,0,100,,2572,23,,,0,100,,2571,23,,,0,100,,2573,23,,,0,100,,2574,23,,,0,100,,2575,23,,,0,100,,2576,23,,,0,100,,2577,23,,,0,100,,2579,23,,,0
301,'5505',636,,2580,13,,,0,100,,2581,23,,,0,100,,2582,16,,,0,100,,2583,23,,,0,100,,2584,23,,,0,100,,2585,23,,,0,100,,2586,23,,,0,100,,2587,23,,,0,100,,2588,23,,,0,100,,2589,23,,,0,100,,2590,23,,,0,100,,2591,23,,,0
301,'5506',636,,2593,13,,,0,100,,2594,23,,,0,100,,2595,16,,,0,100,,2596,23,,,0,100,,2597,23,,,0,100,,2598,23,,,0,100,,2599,23,,,0,100,,2600,23,,,0,100,,2601,23,,,0,100,,2602,23,,,0,100,,2603,23,,,0,100,,2604,23,,,0
301,'5508',636,,2606,13,,,0,100,,2607,23,,,0,100,,2608,16,,,0,100,,2609,23,,,0,100,,2610,23,,,0,100,,2611,23,,,0,100,,2612,23,,,0,100,,2613,23,,,0,100,,2614,23,,,0,100,,2615,23,,,0,100,,2616,23,,,0,100,,2617,23,,,0
3001,'5475',756,,3310,22,,,0,350,,3311,20,,,0,145,,3314,20,,,0,295,,3312,22,,,0,170,,3313,20,,,0
3001,'5501',756,,3315,22,,,0,350,,3316,20,,,0,145,,3319,20,,,0,295,,3317,22,,,0,170,,3318,20,,,0
3001,'5503',856,,3320,22,,,0,250,,3321,20,,,0,145,,3322,20,,,0,295,,3323,22,,,0,170,,3324,20,,,0
3001,'5505',756,,3325,22,,,0,350,,3326,20,,,0,145,,3329,20,,,0,295,,3327,22,,,0,170,,3328,20,,,0
3001,'5506',756,,3330,22,,,0,350,,3331,20,,,0,145,,3334,20,,,0,295,,3332,22,,,0,170,,3333,20,,,0
3001,'5508',756,,3335,22,,,0,350,,3336,20,,,0,145,,3339,20,,,0,295,,3337,22,,,0,170,,3338,20,,,0
4001,'5475',957,,3349,15,,,0,644,,3350,15,,,0
4001,'5501',957,,3351,15,,,0,644,,3352,15,,,0
4001,'5505',957,,3353,15,,,0,644,,3354,15,,,0
4001,'5506',957,,3356,15,,,0,644,,3357,15,,,0
