201,'5475',715,,4042,23,,,0,100,,4043,23,,,0,100,,4044,23,,,0,100,,4045,23,,,0,100,,4046,23,,,0,100,,4047,23,,,0,100,,4048,23,,,0,100,,4049,23,,,0,100,,4050,23,,,0,100,,4051,23,,,0,100,,4052,23,,,0,100,,4054,5,,,0
201,'5501',715,,4055,23,,,0,100,,4056,23,,,0,100,,4057,23,,,0,100,,4058,23,,,0,100,,4059,23,,,0,100,,4060,23,,,0,100,,4061,23,,,0,100,,4062,23,,,0,100,,4063,23,,,0,100,,4064,23,,,0,100,,4065,23,,,0,100,,4067,5,,,0
201,'5503',815,,4068,23,,,0,100,,4069,23,,,0,100,,4070,23,,,0,100,,4071,23,,,0,100,,4072,23,,,0,100,,4073,23,,,0,100,,4074,23,,,0,100,,4075,23,,,0,100,,4076,23,,,0,100,,4077,23,,,0,100,,4078,23,,,0
201,'5505',715,,4079,23,,,0,100,,4080,23,,,0,100,,4081,23,,,0,100,,4082,23,,,0,100,,4083,23,,,0,100,,4084,23,,,0,100,,4085,23,,,0,100,,4086,23,,,0,100,,4087,23,,,0,100,,4088,23,,,0,100,,4089,23,,,0,100,,4091,5,,,0
201,'5506',715,,4092,23,,,0,100,,4093,23,,,0,100,,4094,23,,,0,100,,4095,23,,,0,100,,4096,23,,,0,100,,4097,23,,,0,100,,4098,23,,,0,100,,4099,23,,,0,100,,4100,23,,,0,100,,4101,23,,,0,100,,4102,23,,,0,100,,4104,5,,,0
201,'5508',715,,4105,23,,,0,100,,4106,23,,,0,100,,4107,23,,,0,100,,4108,23,,,0,100,,4109,23,,,0,100,,4110,23,,,0,100,,4111,23,,,0,100,,4112,23,,,0,100,,4113,23,,,0,100,,4114,23,,,0,100,,4115,23,,,0,100,,4117,5,,,0
401,'5475',646,,4353,7,,,0,100,,4354,20,,,0,100,,4355,20,,,0,100,,4356,20,,,0,100,,4357,20,,,0,100,,4358,20,,,0,100,,4359,20,,,0,100,,4351,20,,,0,100,,4352,20,,,0,100,,4349,20,,,0,100,,4348,20,,,0,100,,4350,20,,,0
401,'5501',646,,4366,7,,,0,100,,4367,20,,,0,100,,4368,20,,,0,100,,4369,20,,,0,100,,4370,20,,,0,100,,4371,20,,,0,100,,4372,20,,,0,100,,4364,20,,,0,100,,4365,20,,,0,100,,4362,20,,,0,100,,4361,20,,,0,100,,4363,20,,,0
401,'5503',846,,4373,20,,,0,100,,4375,20,,,0,100,,4376,20,,,0,100,,4374,20,,,0,100,,4378,20,,,0,100,,4377,20,,,0,100,,4379,20,,,0,100,,4380,20,,,0,100,,4381,20,,,0,100,,4382,20,,,0
401,'5505',646,,4390,7,,,0,100,,4391,20,,,0,100,,4392,20,,,0,100,,4393,20,,,0,100,,4394,20,,,0,100,,4395,20,,,0,100,,4396,20,,,0,100,,4388,20,,,0,100,,4389,20,,,0,100,,4386,20,,,0,100,,4385,20,,,0,100,,4387,20,,,0
401,'5506',646,,4403,7,,,0,100,,4404,20,,,0,100,,4405,20,,,0,100,,4406,20,,,0,100,,4407,20,,,0,100,,4408,20,,,0,100,,4409,20,,,0,100,,4401,20,,,0,100,,4402,20,,,0,100,,4399,20,,,0,100,,4398,20,,,0,100,,4400,20,,,0
401,'5508',646,,4416,7,,,0,100,,4417,20,,,0,100,,4418,20,,,0,100,,4419,20,,,0,100,,4420,20,,,0,100,,4421,20,,,0,100,,4422,20,,,0,100,,4414,20,,,0,100,,4415,20,,,0,100,,4412,20,,,0,100,,4411,20,,,0,100,,4413,20,,,0
1100,'5475',1837,,4751,10,,,0
1100,'5501',1837,,4754,10,,,0
1100,'5505',1837,,4757,10,,,0
1100,'5506',1837,,4760,10,,,0
1101,'5475',1241,,4763,11,,,0,572,,4761,11,,,0
1101,'5501',1241,,4766,11,,,0,572,,4764,11,,,0
1101,'5505',1241,,4769,11,,,0,572,,4767,11,,,0
1101,'5506',1241,,4772,11,,,0,572,,4770,11,,,0
1501,'5475',1942,,4825,5,,,0,164,,4827,5,,,0,348,,4830,5,,,0,164,,4828,5,0,14 15,0
1501,'5501',1942,,4833,5,,,0,164,,4835,5,,,0
1501,'5503',1942,,4836,5,,,0,164,,4839,5,,,0
1501,'5505',1942,,4841,5,,,0,164,,4843,5,,,0
1501,'5506',1942,,4845,5,,,0,164,,4847,5,,,0
1501,'5508',1942,,4849,5,,,0,164,,4851,5,,,0
3001,'5475',747,,4961,12,,,0,310,,4962,10,,,0,185,,4965,10,,,0,295,,4963,12,,,0,170,,4964,10,,,0
3001,'5501',747,,4966,12,,,0,310,,4967,10,,,0,185,,4970,10,,,0,295,,4968,12,,,0,170,,4969,10,,,0
3001,'5503',847,,4971,12,,,0,210,,4972,10,,,0,185,,4973,10,,,0,295,,4974,12,,,0,170,,4975,10,,,0
3001,'5505',747,,4976,12,,,0,310,,4977,10,,,0,185,,4980,10,,,0,295,,4978,12,,,0,170,,4979,10,,,0
3001,'5506',747,,4981,12,,,0,310,,4982,10,,,0,185,,4985,10,,,0,295,,4983,12,,,0,170,,4984,10,,,0
3001,'5508',747,,4986,12,,,0,310,,4987,10,,,0,185,,4990,10,,,0,295,,4988,12,,,0,170,,4989,10,,,0
4001,'5475',945,,5000,5,,,0,604,,5001,5,,,0
4001,'5501',945,,5002,5,,,0,604,,5003,5,,,0
4001,'5505',945,,5004,5,,,0,604,,5005,5,,,0
4001,'5506',945,,5007,5,,,0,604,,5008,5,,,0
