401,'5475',649,,4353,10,,,0,100,,4354,23,,,0,100,,4355,23,,,0,100,,4356,23,,,0,100,,4357,23,,,0,100,,4358,23,,,0,100,,4359,23,,,0,100,,4351,23,,,0,100,,4352,23,,,0,100,,4349,23,,,0,100,,4348,23,,,0,100,,4350,23,,,0
401,'5501',649,,4366,10,,,0,100,,4367,23,,,0,100,,4368,23,,,0,100,,4369,23,,,0,100,,4370,23,,,0,100,,4371,23,,,0,100,,4372,23,,,0,100,,4364,23,,,0,100,,4365,23,,,0,100,,4362,23,,,0,100,,4361,23,,,0,100,,4363,23,,,0
401,'5503',849,,4373,23,,,0,100,,4375,23,,,0,100,,4376,23,,,0,100,,4374,23,,,0,100,,4378,23,,,0,100,,4377,23,,,0,100,,4379,23,,,0,100,,4380,23,,,0,100,,4381,23,,,0,100,,4382,23,,,0
401,'5505',649,,4390,10,,,0,100,,4391,23,,,0,100,,4392,23,,,0,100,,4393,23,,,0,100,,4394,23,,,0,100,,4395,23,,,0,100,,4396,23,,,0,100,,4388,23,,,0,100,,4389,23,,,0,100,,4386,23,,,0,100,,4385,23,,,0,100,,4387,23,,,0
401,'5506',649,,4403,10,,,0,100,,4404,23,,,0,100,,4405,23,,,0,100,,4406,23,,,0,100,,4407,23,,,0,100,,4408,23,,,0,100,,4409,23,,,0,100,,4401,23,,,0,100,,4402,23,,,0,100,,4399,23,,,0,100,,4398,23,,,0,100,,4400,23,,,0
401,'5508',649,,4416,10,,,0,100,,4417,23,,,0,100,,4418,23,,,0,100,,4419,23,,,0,100,,4420,23,,,0,100,,4421,23,,,0,100,,4422,23,,,0,100,,4414,23,,,0,100,,4415,23,,,0,100,,4412,23,,,0,100,,4411,23,,,0,100,,4413,23,,,0
3001,'5475',749,,4961,15,,,0,310,,4962,13,,,0,185,,4965,13,,,0,295,,4963,15,,,0,170,,4964,13,,,0
3001,'5501',749,,4966,15,,,0,310,,4967,13,,,0,185,,4970,13,,,0,295,,4968,15,,,0,170,,4969,13,,,0
3001,'5503',849,,4971,15,,,0,210,,4972,13,,,0,185,,4973,13,,,0,295,,4974,15,,,0,170,,4975,13,,,0
3001,'5505',749,,4976,15,,,0,310,,4977,13,,,0,185,,4980,13,,,0,295,,4978,15,,,0,170,,4979,13,,,0
3001,'5506',749,,4981,15,,,0,310,,4982,13,,,0,185,,4985,13,,,0,295,,4983,15,,,0,170,,4984,13,,,0
3001,'5508',749,,4986,15,,,0,310,,4987,13,,,0,185,,4990,13,,,0,295,,4988,15,,,0,170,,4989,13,,,0
4001,'5475',949,,5000,8,,,0,604,,5001,8,,,0
4001,'5501',949,,5002,8,,,0,604,,5003,8,,,0
4001,'5505',949,,5004,8,,,0,604,,5005,8,,,0
4001,'5506',949,,5007,8,,,0,604,,5008,8,,,0
