500,'5475',710,,4423,2,,,0,30,,4445,2,,,0,70,,4425,2,,,0,30,,4443,2,,,0,70,,4426,2,,,0,30,,4433,2,,,0,70,,4427,2,,,0,30,,4434,2,,,0,70,,4424,2,,,0,30,,4435,2,,,0,70,,4429,2,,,0,30,,4436,2,,,0,70,,4428,2,,,0,30,,4437,2,,,0,70,,4430,2,,,0,30,,4439,2,,,0,70,,4431,2,,,0,30,,4446,2,,,0,70,,4432,2,,,0,30,,4444,2,,,0,70,,4438,2,,,0,30,,4440,2,,,0,70,,4441,2,,,0,30,,4442,2,0,13,0
500,'5501',710,,4447,2,,,0,30,,4469,2,0,11 12,0,70,,4449,2,,,0,34,,4467,2,,,0,66,,4450,2,,,0,30,,4457,2,,,0,70,,4451,2,,,0,30,,4458,2,,,0,70,,4448,2,,,0,30,,4459,2,,,0,70,,4453,2,,,0,30,,4460,2,,,0,70,,4452,2,,,0,30,,4461,2,,,0,70,,4454,2,,,0,30,,4463,2,,,0,70,,4455,2,,,0,40,,4470,2,,,0,60,,4456,2,,,0,33,,4468,2,,,0,67,,4462,2,,,0,30,,4464,2,,,0,70,,4465,2,,,0,30,,4466,2,0,13,0
500,'5503',910,,4471,2,,,0,30,,4487,2,,,0,70,,4476,2,,,0,30,,4484,2,,,0,70,,4477,2,,,0,30,,4485,2,,,0,70,,4479,2,,,0,30,,4483,2,,,0,70,,4480,2,,,0,30,,4486,2,,,0,70,,4478,2,,,0,30,,4488,2,,,0,70,,4475,2,,,0,30,,4482,2,,,0,70,,4474,2,,,0,30,,4481,2,,,0,70,,4472,2,,,0,30,,4489,2,,,0,70,,4473,2,,,0,30,,4490,2,0,13,0
500,'5504',1240,,4491,2,,,0,100,,4492,2,,,0,100,,4493,2,,,0,100,,4494,2,,,0
500,'5505',710,,4495,2,,,0,30,,4517,2,0,11 12,0,70,,4497,2,,,0,34,,4515,2,,,0,66,,4498,2,,,0,30,,4505,2,,,0,70,,4499,2,,,0,30,,4506,2,,,0,70,,4496,2,,,0,30,,4507,2,,,0,70,,4501,2,,,0,30,,4508,2,,,0,70,,4500,2,,,0,30,,4509,2,,,0,70,,4502,2,,,0,30,,4511,2,,,0,70,,4503,2,,,0,40,,4518,2,,,0,60,,4504,2,,,0,33,,4516,2,,,0,67,,4510,2,,,0,30,,4512,2,,,0,70,,4513,2,,,0,30,,4514,2,0,13,0
500,'5506',710,,4519,2,,,0,30,,4541,2,,,0,70,,4521,2,,,0,30,,4539,2,,,0,70,,4522,2,,,0,30,,4529,2,,,0,70,,4523,2,,,0,30,,4530,2,,,0,70,,4520,2,,,0,30,,4531,2,,,0,70,,4525,2,,,0,30,,4532,2,,,0,70,,4524,2,,,0,30,,4533,2,,,0,70,,4526,2,,,0,30,,4535,2,,,0,70,,4527,2,,,0,30,,4542,2,,,0,70,,4528,2,,,0,30,,4540,2,,,0,70,,4534,2,,,0,30,,4536,2,,,0,70,,4537,2,,,0,30,,4538,2,0,13,0
500,'5508',710,,4543,2,,,0,30,,4565,2,,,0,70,,4545,2,,,0,30,,4563,2,,,0,70,,4546,2,,,0,30,,4553,2,,,0,70,,4547,2,,,0,30,,4554,2,,,0,70,,4544,2,,,0,30,,4555,2,,,0,70,,4549,2,,,0,30,,4556,2,,,0,70,,4548,2,,,0,30,,4557,2,,,0,70,,4550,2,,,0,30,,4559,2,,,0,70,,4551,2,,,0,30,,4566,2,,,0,70,,4552,2,,,0,30,,4564,2,,,0,70,,4558,2,,,0,30,,4560,2,,,0,70,,4561,2,,,0,30,,4562,2,0,13,0
1500,'5475',1910,,4774,9,0,13,0,124,,4776,35,0,13,0,123,,4778,35,0,13,0,85,,4780,35,0,13,0,181,,4783,35,0,13,0,124,,4781,35,0,13,0
1500,'5501',1910,,4786,9,0,13,0,124,,4788,35,0,13,0,123,,4790,35,0,13,0,85,,4792,35,0,13,0
1500,'5503',1910,,4793,35,0,13,0,124,,4795,35,0,13,0,123,,4797,35,0,13,0,85,,4799,35,0,13,0
1500,'5505',1910,,4801,9,0,13,0,124,,4803,35,0,13,0,123,,4805,35,0,13,0,85,,4807,35,0,13,0
1500,'5506',1910,,4809,9,0,13,0,124,,4811,35,0,13,0,123,,4813,35,0,13,0,85,,4815,35,0,13,0
1500,'5508',1910,,4817,9,0,13,0,124,,4819,35,0,13,0,123,,4821,35,0,13,0,85,,4823,35,0,13,0
1601,'5504',947,,4862,30,0,22 18,0,100,,4864,30,0,22 18,0,100,,4863,30,0,22 18,0,100,,4865,30,0,22 18,0,100,,4867,30,0,22 18,0,100,,4866,30,0,22 18,0,100,,4868,30,0,22 18,0,100,,4869,30,0,22 18,0,100,,4870,30,0,22 18,0
7000,'5475',556,,5023,8,,,0
7000,'5501',556,,5027,8,,,0
7000,'5505',556,,5031,8,,,0
7000,'5506',556,,5035,8,,,0
