201,'5475',726,,4042,33,,,0,100,,4043,33,,,0,100,,4044,33,,,0,100,,4045,33,,,0,100,,4046,33,,,0,100,,4047,33,,,0,100,,4048,33,,,0,100,,4049,33,,,0,100,,4050,33,,,0,100,,4051,33,,,0,100,,4052,33,,,0,100,,4054,15,,,0
201,'5501',726,,4055,33,,,0,100,,4056,33,,,0,100,,4057,33,,,0,100,,4058,33,,,0,100,,4059,33,,,0,100,,4060,33,,,0,100,,4061,33,,,0,100,,4062,33,,,0,100,,4063,33,,,0,100,,4064,33,,,0,100,,4065,33,,,0,100,,4067,15,,,0
201,'5503',826,,4068,33,,,0,100,,4069,33,,,0,100,,4070,33,,,0,100,,4071,33,,,0,100,,4072,33,,,0,100,,4073,33,,,0,100,,4074,33,,,0,100,,4075,33,,,0,100,,4076,33,,,0,100,,4077,33,,,0,100,,4078,33,,,0
201,'5505',726,,4079,33,,,0,100,,4080,33,,,0,100,,4081,33,,,0,100,,4082,33,,,0,100,,4083,33,,,0,100,,4084,33,,,0,100,,4085,33,,,0,100,,4086,33,,,0,100,,4087,33,,,0,100,,4088,33,,,0,100,,4089,33,,,0,100,,4091,15,,,0
201,'5506',726,,4092,33,,,0,100,,4093,33,,,0,100,,4094,33,,,0,100,,4095,33,,,0,100,,4096,33,,,0,100,,4097,33,,,0,100,,4098,33,,,0,100,,4099,33,,,0,100,,4100,33,,,0,100,,4101,33,,,0,100,,4102,33,,,0,100,,4104,15,,,0
201,'5508',726,,4105,33,,,0,100,,4106,33,,,0,100,,4107,33,,,0,100,,4108,33,,,0,100,,4109,33,,,0,100,,4110,33,,,0,100,,4111,33,,,0,100,,4112,33,,,0,100,,4113,33,,,0,100,,4114,33,,,0,100,,4115,33,,,0,100,,4117,15,,,0
401,'5475',652,,4353,13,,,0,100,,4354,26,,,0,100,,4355,26,,,0,100,,4356,26,,,0,100,,4357,26,,,0,100,,4358,26,,,0,100,,4359,26,,,0,100,,4351,26,,,0,100,,4352,26,,,0,100,,4349,26,,,0,100,,4348,26,,,0,100,,4350,26,,,0
401,'5501',652,,4366,13,,,0,100,,4367,26,,,0,100,,4368,26,,,0,100,,4369,26,,,0,100,,4370,26,,,0,100,,4371,26,,,0,100,,4372,26,,,0,100,,4364,26,,,0,100,,4365,26,,,0,100,,4362,26,,,0,100,,4361,26,,,0,100,,4363,26,,,0
401,'5503',852,,4373,26,,,0,100,,4375,26,,,0,100,,4376,26,,,0,100,,4374,26,,,0,100,,4378,26,,,0,100,,4377,26,,,0,100,,4379,26,,,0,100,,4380,26,,,0,100,,4381,26,,,0,100,,4382,26,,,0
401,'5505',652,,4390,13,,,0,100,,4391,26,,,0,100,,4392,26,,,0,100,,4393,26,,,0,100,,4394,26,,,0,100,,4395,26,,,0,100,,4396,26,,,0,100,,4388,26,,,0,100,,4389,26,,,0,100,,4386,26,,,0,100,,4385,26,,,0,100,,4387,26,,,0
401,'5506',652,,4403,13,,,0,100,,4404,26,,,0,100,,4405,26,,,0,100,,4406,26,,,0,100,,4407,26,,,0,100,,4408,26,,,0,100,,4409,26,,,0,100,,4401,26,,,0,100,,4402,26,,,0,100,,4399,26,,,0,100,,4398,26,,,0,100,,4400,26,,,0
401,'5508',652,,4416,13,,,0,100,,4417,26,,,0,100,,4418,26,,,0,100,,4419,26,,,0,100,,4420,26,,,0,100,,4421,26,,,0,100,,4422,26,,,0,100,,4414,26,,,0,100,,4415,26,,,0,100,,4412,26,,,0,100,,4411,26,,,0,100,,4413,26,,,0
1001,'5475',753,,4730,25,,,0,165,,4731,25,,,0,434,,4732,25,,,0,402,,4733,25,,,0
1001,'5501',753,,4734,25,,,0,165,,4735,25,,,0,434,,4736,25,,,0,402,,4737,25,,,0
1001,'5503',918,,4738,25,,,0,434,,4739,25,,,0,402,,4740,25,,,0
1001,'5505',753,,4741,25,,,0,165,,4742,25,,,0,434,,4743,25,,,0,402,,4744,25,,,0
1001,'5506',753,,4745,25,,,0,165,,4746,25,,,0,434,,4747,25,,,0,402,,4748,25,,,0
1100,'5475',1002,,4749,15,,,0,308,,4750,15,,,0
1100,'5501',1002,,4752,15,,,0,308,,4753,15,,,0
1100,'5505',1002,,4755,15,,,0,308,,4756,15,,,0
1100,'5506',1002,,4758,15,,,0,308,,4759,15,,,0
1501,'5475',1950,,4825,15,,,0,164,,4827,15,,,0,388,,4830,15,,,0,125,,4828,15,0,14 15,0
1501,'5501',1950,,4833,15,,,0,164,,4835,15,,,0
1501,'5503',1950,,4836,15,,,0,164,,4839,15,,,0
1501,'5505',1950,,4841,15,,,0,164,,4843,15,,,0
1501,'5506',1950,,4845,15,,,0,164,,4847,15,,,0
1501,'5508',1950,,4849,15,,,0,164,,4851,15,,,0
7001,'5475',855,,5039,27,0,14 15,0,296,,5040,25,0,14 15,0,365,,5041,27,0,14 15,0,302,,5042,25,,,0
7001,'5501',855,,5043,27,0,14 15,0,296,,5044,25,0,14 15,0,365,,5045,27,0,14 15,0,302,,5046,25,,,0
7001,'5505',855,,5047,27,0,14 15,0,296,,5048,25,0,14 15,0,365,,5049,27,0,14 15,0,302,,5050,25,,,0
7001,'5506',855,,5051,27,0,14 15,0,296,,5052,25,0,14 15,0,365,,5053,27,0,14 15,0,302,,5054,25,,,0
