300,'5475',817,,2468,35,0,11 12,0
300,'5501',817,,2481,35,0,11 12,0
300,'5503',817,,2494,29,0,11 12,0
300,'5505',817,,2505,35,0,11 12,0
300,'5506',817,,2518,35,0,11 12,0
300,'5508',817,,2531,35,0,11 12,0
500,'5475',737,,2772,21,,,0,70,,2794,21,,,0,30,,2774,21,,,0,70,,2792,21,,,0,30,,2775,21,,,0,70,,2782,21,,,0,30,,2776,21,,,0,70,,2783,21,,,0,30,,2773,21,,,0,70,,2784,21,,,0,30,,2778,21,,,0,70,,2785,21,,,0,30,,2777,21,,,0,70,,2786,21,,,0,30,,2779,21,,,0,70,,2788,21,,,0,30,,2780,21,,,0,70,,2795,21,,,0,30,,2781,21,,,0,70,,2793,21,,,0,30,,2787,21,,,0,70,,2789,21,,,0,30,,2790,21,,,0
500,'5501',737,,2796,21,,,0,78,,2818,36,0,11 12,0,22,,2798,21,,,0,70,,2816,21,,,0,30,,2799,21,,,0,70,,2806,21,,,0,30,,2800,21,,,0,70,,2807,21,,,0,30,,2797,21,,,0,70,,2808,21,,,0,30,,2802,21,,,0,70,,2809,21,,,0,30,,2801,21,,,0,70,,2810,21,,,0,30,,2803,21,,,0,70,,2812,21,,,0,30,,2804,21,,,0,73,,2819,21,,,0,27,,2805,21,,,0,70,,2817,21,,,0,30,,2811,21,,,0,70,,2813,21,,,0,30,,2814,21,,,0
500,'5503',937,,2820,21,,,0,70,,2836,21,,,0,30,,2825,21,,,0,70,,2833,21,,,0,30,,2826,21,,,0,70,,2834,21,,,0,30,,2828,21,,,0,70,,2832,21,,,0,30,,2829,21,,,0,70,,2835,21,,,0,30,,2827,21,,,0,70,,2837,21,,,0,30,,2824,21,,,0,70,,2831,21,,,0,30,,2823,21,,,0,70,,2830,21,,,0,30,,2821,21,,,0,70,,2838,21,,,0,30,,2822,21,,,0
500,'5504',1307,,2840,21,,,0,100,,2841,21,,,0,100,,2842,21,,,0,100,,2843,21,,,0
500,'5505',737,,2844,21,,,0,78,,2866,36,0,11 12,0,22,,2846,21,,,0,70,,2864,21,,,0,30,,2847,21,,,0,70,,2854,21,,,0,30,,2848,21,,,0,70,,2855,21,,,0,30,,2845,21,,,0,70,,2856,21,,,0,30,,2850,21,,,0,70,,2857,21,,,0,30,,2849,21,,,0,70,,2858,21,,,0,30,,2851,21,,,0,70,,2860,21,,,0,30,,2852,21,,,0,73,,2867,21,,,0,27,,2853,21,,,0,70,,2865,21,,,0,30,,2859,21,,,0,70,,2861,21,,,0,30,,2862,21,,,0
500,'5506',737,,2868,21,,,0,70,,2890,21,,,0,30,,2870,21,,,0,70,,2888,21,,,0,30,,2871,21,,,0,70,,2878,21,,,0,30,,2872,21,,,0,70,,2879,21,,,0,30,,2869,21,,,0,70,,2880,21,,,0,30,,2874,21,,,0,70,,2881,21,,,0,30,,2873,21,,,0,70,,2882,21,,,0,30,,2875,21,,,0,70,,2884,21,,,0,30,,2876,21,,,0,70,,2891,21,,,0,30,,2877,21,,,0,70,,2889,21,,,0,30,,2883,21,,,0,70,,2885,21,,,0,30,,2886,21,,,0
500,'5508',737,,2892,21,,,0,70,,2914,21,,,0,30,,2894,21,,,0,70,,2912,21,,,0,30,,2895,21,,,0,70,,2902,21,,,0,30,,2896,21,,,0,70,,2903,21,,,0,30,,2893,21,,,0,70,,2904,21,,,0,30,,2898,21,,,0,70,,2905,21,,,0,30,,2897,21,,,0,70,,2906,21,,,0,30,,2899,21,,,0,70,,2908,21,,,0,30,,2900,21,,,0,70,,2915,21,,,0,30,,2901,21,,,0,70,,2913,21,,,0,30,,2907,21,,,0,70,,2909,21,,,0,30,,2910,21,,,0
1000100,'5475',1913,,3404,24,,,0,30,,3415,24,,,0,70,,3413,24,,,0,30,,3414,24,,,0,70,,3410,24,,,0,30,,3412,24,,,0,70,,3411,24,,,0,30,,3409,24,,,0,170,,3406,24,,,0,30,,3408,24,,,0,70,,3405,24,,,0,30,,3407,24,,,0
