100,'5475',644,,2169,29,,,0,100,,2170,29,,,0,100,,2171,21,,,0,100,,2172,29,,,0,100,,2173,29,,,0,100,,2174,29,,,0,100,,2175,29,,,0,100,,2176,29,,,0,100,,2177,29,,,0,100,,2178,29,,,0,100,,2179,29,,,0,100,,2180,29,,,0
100,'5501',644,,2182,29,,,0,100,,2183,29,,,0,100,,2184,21,,,0,100,,2185,29,,,0,100,,2186,29,,,0,100,,2187,29,,,0,100,,2188,29,,,0,100,,2189,29,,,0,100,,2190,29,,,0,100,,2191,29,,,0,100,,2192,29,,,0,100,,2193,29,,,0
100,'5503',844,,2195,21,,,0,100,,2197,29,,,0,100,,2201,29,,,0,100,,2205,29,,,0,100,,2198,29,,,0,100,,2196,29,,,0,100,,2202,29,,,0,100,,2200,29,,,0,100,,2199,29,,,0,100,,2204,29,,,0
100,'5505',644,,2206,29,,,0,100,,2207,29,,,0,100,,2208,21,,,0,100,,2209,29,,,0,100,,2210,29,,,0,100,,2211,29,,,0,100,,2212,29,,,0,100,,2213,29,,,0,100,,2214,29,,,0,100,,2215,29,,,0,100,,2216,29,,,0,100,,2217,29,,,0
100,'5506',644,,2219,29,,,0,100,,2220,29,,,0,100,,2221,21,,,0,100,,2222,29,,,0,100,,2223,29,,,0,100,,2224,29,,,0,100,,2225,29,,,0,100,,2226,29,,,0,100,,2227,29,,,0,100,,2228,29,,,0,100,,2229,29,,,0,100,,2230,29,,,0
100,'5508',644,,2232,29,,,0,100,,2233,29,,,0,100,,2234,21,,,0,100,,2235,29,,,0,100,,2236,29,,,0,100,,2237,29,,,0,100,,2238,29,,,0,100,,2239,29,,,0,100,,2240,29,,,0,100,,2241,29,,,0,100,,2242,29,,,0,100,,2243,29,,,0
201,'5475',713,,2391,19,,,0,100,,2392,19,,,0,100,,2393,19,,,0,100,,2394,19,,,0,100,,2395,19,,,0,100,,2396,19,,,0,100,,2397,19,,,0,100,,2398,19,,,0,100,,2399,19,,,0,100,,2400,19,,,0,100,,2401,19,,,0,100,,2403,1,,,0
201,'5501',713,,2404,19,,,0,100,,2405,19,,,0,100,,2406,19,,,0,100,,2407,19,,,0,100,,2408,19,,,0,100,,2409,19,,,0,100,,2410,19,,,0,100,,2411,19,,,0,100,,2412,19,,,0,100,,2413,19,,,0,100,,2414,19,,,0,100,,2416,1,,,0
201,'5503',813,,2417,19,,,0,100,,2418,19,,,0,100,,2419,19,,,0,100,,2420,19,,,0,100,,2421,19,,,0,100,,2422,19,,,0,100,,2423,19,,,0,100,,2424,19,,,0,100,,2425,19,,,0,100,,2426,19,,,0,100,,2427,19,,,0
201,'5505',713,,2428,19,,,0,100,,2429,19,,,0,100,,2430,19,,,0,100,,2431,19,,,0,100,,2432,19,,,0,100,,2433,19,,,0,100,,2434,19,,,0,100,,2435,19,,,0,100,,2436,19,,,0,100,,2437,19,,,0,100,,2438,19,,,0,100,,2440,1,,,0
201,'5506',713,,2441,19,,,0,100,,2442,19,,,0,100,,2443,19,,,0,100,,2444,19,,,0,100,,2445,19,,,0,100,,2446,19,,,0,100,,2447,19,,,0,100,,2448,19,,,0,100,,2449,19,,,0,100,,2450,19,,,0,100,,2451,19,,,0,100,,2453,1,,,0
201,'5508',713,,2454,19,,,0,100,,2455,19,,,0,100,,2456,19,,,0,100,,2457,19,,,0,100,,2458,19,,,0,100,,2459,19,,,0,100,,2460,19,,,0,100,,2461,19,,,0,100,,2462,19,,,0,100,,2463,19,,,0,100,,2464,19,,,0,100,,2466,1,,,0
1501,'5475',1940,,3174,1,,,0,164,,3176,1,,,0,348,,3179,1,,,0,164,,3177,1,0,14 15,0
1501,'5501',1940,,3182,1,,,0,164,,3184,1,,,0
1501,'5503',1940,,3185,1,,,0,164,,3188,1,,,0
1501,'5505',1940,,3190,1,,,0,164,,3192,1,,,0
1501,'5506',1940,,3194,1,,,0,164,,3196,1,,,0
1501,'5508',1940,,3198,1,,,0,164,,3200,1,,,0
1600,'5504',911,,3201,19,0,16 18,0,100,,3204,25,,,0,100,,3203,25,,,0,100,,3202,25,,,0,100,,3205,25,,,0,100,,3206,25,,,0,100,,3207,25,,,0,100,,3208,25,,,0,100,,3209,25,,,0
4001,'5475',943,,3349,1,,,0,604,,3350,1,,,0
4001,'5501',943,,3351,1,,,0,604,,3352,1,,,0
4001,'5505',943,,3353,1,,,0,604,,3354,1,,,0
4001,'5506',943,,3356,1,,,0,604,,3357,1,,,0
5000,'5502',910,,3366,10,,,0
5000,'5505',910,,3367,10,,,0
5000,'5507',910,,3368,10,,,0
5001,'5502',1230,,3369,2,,,0
5001,'5505',1230,,3370,2,,,0
5001,'5507',1230,,3371,2,,,0
7000,'5475',612,,3372,32,,,0,305,,3373,15,,,0,324,,3374,15,,,0,300,,3375,15,,,0
7000,'5501',612,,3376,32,,,0,305,,3377,15,,,0,324,,3378,15,,,0,300,,3379,15,,,0
7000,'5505',612,,3380,32,,,0,305,,3381,15,,,0,324,,3382,15,,,0,300,,3383,15,,,0
7000,'5506',612,,3384,32,,,0,305,,3385,15,,,0,324,,3386,15,,,0,300,,3387,15,,,0
