201,'5475',727,,4042,34,,,0,100,,4043,34,,,0,100,,4044,34,,,0,100,,4045,34,,,0,100,,4046,34,,,0,100,,4047,34,,,0,100,,4048,34,,,0,100,,4049,34,,,0,100,,4050,34,,,0,100,,4051,34,,,0,100,,4052,34,,,0,100,,4054,16,,,0
201,'5501',727,,4055,34,,,0,100,,4056,34,,,0,100,,4057,34,,,0,100,,4058,34,,,0,100,,4059,34,,,0,100,,4060,34,,,0,100,,4061,34,,,0,100,,4062,34,,,0,100,,4063,34,,,0,100,,4064,34,,,0,100,,4065,34,,,0,100,,4067,16,,,0
201,'5503',827,,4068,34,,,0,100,,4069,34,,,0,100,,4070,34,,,0,100,,4071,34,,,0,100,,4072,34,,,0,100,,4073,34,,,0,100,,4074,34,,,0,100,,4075,34,,,0,100,,4076,34,,,0,100,,4077,34,,,0,100,,4078,34,,,0
201,'5505',727,,4079,34,,,0,100,,4080,34,,,0,100,,4081,34,,,0,100,,4082,34,,,0,100,,4083,34,,,0,100,,4084,34,,,0,100,,4085,34,,,0,100,,4086,34,,,0,100,,4087,34,,,0,100,,4088,34,,,0,100,,4089,34,,,0,100,,4091,16,,,0
201,'5506',727,,4092,34,,,0,100,,4093,34,,,0,100,,4094,34,,,0,100,,4095,34,,,0,100,,4096,34,,,0,100,,4097,34,,,0,100,,4098,34,,,0,100,,4099,34,,,0,100,,4100,34,,,0,100,,4101,34,,,0,100,,4102,34,,,0,100,,4104,16,,,0
201,'5508',727,,4105,34,,,0,100,,4106,34,,,0,100,,4107,34,,,0,100,,4108,34,,,0,100,,4109,34,,,0,100,,4110,34,,,0,100,,4111,34,,,0,100,,4112,34,,,0,100,,4113,34,,,0,100,,4114,34,,,0,100,,4115,34,,,0,100,,4117,16,,,0
401,'5475',655,,4353,14,,,0,100,,4354,27,,,0,100,,4355,27,,,0,100,,4356,27,,,0,100,,4357,27,,,0,100,,4358,27,,,0,100,,4359,27,,,0,100,,4351,27,,,0,100,,4352,27,,,0,100,,4349,27,,,0,100,,4348,27,,,0,100,,4350,27,,,0
401,'5501',655,,4366,14,,,0,100,,4367,27,,,0,100,,4368,27,,,0,100,,4369,27,,,0,100,,4370,27,,,0,100,,4371,27,,,0,100,,4372,27,,,0,100,,4364,27,,,0,100,,4365,27,,,0,100,,4362,27,,,0,100,,4361,27,,,0,100,,4363,27,,,0
401,'5503',855,,4373,27,,,0,100,,4375,27,,,0,100,,4376,27,,,0,100,,4374,27,,,0,100,,4378,27,,,0,100,,4377,27,,,0,100,,4379,27,,,0,100,,4380,27,,,0,100,,4381,27,,,0,100,,4382,27,,,0
401,'5505',655,,4390,14,,,0,100,,4391,27,,,0,100,,4392,27,,,0,100,,4393,27,,,0,100,,4394,27,,,0,100,,4395,27,,,0,100,,4396,27,,,0,100,,4388,27,,,0,100,,4389,27,,,0,100,,4386,27,,,0,100,,4385,27,,,0,100,,4387,27,,,0
401,'5506',655,,4403,14,,,0,100,,4404,27,,,0,100,,4405,27,,,0,100,,4406,27,,,0,100,,4407,27,,,0,100,,4408,27,,,0,100,,4409,27,,,0,100,,4401,27,,,0,100,,4402,27,,,0,100,,4399,27,,,0,100,,4398,27,,,0,100,,4400,27,,,0
401,'5508',655,,4416,14,,,0,100,,4417,27,,,0,100,,4418,27,,,0,100,,4419,27,,,0,100,,4420,27,,,0,100,,4421,27,,,0,100,,4422,27,,,0,100,,4414,27,,,0,100,,4415,27,,,0,100,,4412,27,,,0,100,,4411,27,,,0,100,,4413,27,,,0
1001,'5475',754,,4730,26,,,0,165,,4731,26,,,0,434,,4732,26,,,0,402,,4733,26,,,0
1001,'5501',754,,4734,26,,,0,165,,4735,26,,,0,434,,4736,26,,,0,402,,4737,26,,,0
1001,'5503',919,,4738,26,,,0,434,,4739,26,,,0,402,,4740,26,,,0
1001,'5505',754,,4741,26,,,0,165,,4742,26,,,0,434,,4743,26,,,0,402,,4744,26,,,0
1001,'5506',754,,4745,26,,,0,165,,4746,26,,,0,434,,4747,26,,,0,402,,4748,26,,,0
1100,'5475',1004,,4749,16,,,0,308,,4750,16,,,0
1100,'5501',1004,,4752,16,,,0,308,,4753,16,,,0
1100,'5505',1004,,4755,16,,,0,308,,4756,16,,,0
1100,'5506',1004,,4758,16,,,0,308,,4759,16,,,0
1501,'5475',1951,,4825,16,,,0,164,,4827,16,,,0,388,,4830,16,,,0,125,,4828,16,0,14 15,0
1501,'5501',1951,,4833,16,,,0,164,,4835,16,,,0
1501,'5503',1951,,4836,16,,,0,164,,4839,16,,,0
1501,'5505',1951,,4841,16,,,0,164,,4843,16,,,0
1501,'5506',1951,,4845,16,,,0,164,,4847,16,,,0
1501,'5508',1951,,4849,16,,,0,164,,4851,16,,,0
7001,'5475',856,,5039,28,0,14 15,0,296,,5040,26,0,14 15,0,365,,5041,28,0,14 15,0,302,,5042,26,,,0
7001,'5501',856,,5043,28,0,14 15,0,296,,5044,26,0,14 15,0,365,,5045,28,0,14 15,0,302,,5046,26,,,0
7001,'5505',856,,5047,28,0,14 15,0,296,,5048,26,0,14 15,0,365,,5049,28,0,14 15,0,302,,5050,26,,,0
7001,'5506',856,,5051,28,0,14 15,0,296,,5052,26,0,14 15,0,365,,5053,28,0,14 15,0,302,,5054,26,,,0
