300,'5475',808,,2468,20,0,11 12,0
300,'5501',808,,2481,20,0,11 12,0
300,'5503',808,,2494,14,0,11 12,0
300,'5505',808,,2505,20,0,11 12,0
300,'5506',808,,2518,20,0,11 12,0
300,'5508',808,,2531,20,0,11 12,0
400,'5475',725,,2619,34,,,0,100,,2624,34,,,0,100,,2625,34,,,0,100,,2626,34,,,0,100,,2628,34,,,0,100,,2629,34,,,0,100,,2630,34,,,0,100,,2631,34,,,0,100,,2627,34,,,0,100,,2622,34,,,0,100,,2623,34,,,0,110,,2620,19,,,0
400,'5501',725,,2632,34,,,0,100,,2637,34,,,0,100,,2638,34,,,0,100,,2639,34,,,0,100,,2641,34,,,0,100,,2642,34,,,0,100,,2643,34,,,0,100,,2644,34,,,0,100,,2640,34,,,0,100,,2635,34,,,0,100,,2636,34,,,0,110,,2633,19,,,0
400,'5503',825,,2648,34,,,0,100,,2651,34,,,0,100,,2645,34,,,0,100,,2646,34,,,0,100,,2649,34,,,0,100,,2650,34,,,0,100,,2647,34,,,0,100,,2652,34,,,0,100,,2653,34,,,0,100,,2654,34,,,0,110,,2656,19,,,0
400,'5505',725,,2657,34,,,0,100,,2662,34,,,0,100,,2663,34,,,0,100,,2664,34,,,0,100,,2666,34,,,0,100,,2667,34,,,0,100,,2668,34,,,0,100,,2669,34,,,0,100,,2665,34,,,0,100,,2660,34,,,0,100,,2661,34,,,0,110,,2658,19,,,0
400,'5506',725,,2670,34,,,0,100,,2675,34,,,0,100,,2676,34,,,0,100,,2677,34,,,0,100,,2679,34,,,0,100,,2680,34,,,0,100,,2681,34,,,0,100,,2682,34,,,0,100,,2678,34,,,0,100,,2673,34,,,0,100,,2674,34,,,0,110,,2671,19,,,0
400,'5508',725,,2683,34,,,0,100,,2688,34,,,0,100,,2689,34,,,0,100,,2690,34,,,0,100,,2692,34,,,0,100,,2693,34,,,0,100,,2694,34,,,0,100,,2695,34,,,0,100,,2691,34,,,0,100,,2686,34,,,0,100,,2687,34,,,0,110,,2684,19,,,0
