100,'5475',633,,3820,19,,,0,100,,3821,19,,,0,100,,3822,11,,,0,100,,3823,19,,,0,100,,3824,19,,,0,100,,3825,19,,,0,100,,3826,19,,,0,100,,3827,19,,,0,100,,3828,19,,,0,100,,3829,19,,,0,100,,3830,19,,,0,100,,3831,19,,,0,97,,3832,19,4,,0
100,'5501',633,,3833,19,,,0,100,,3834,19,,,0,100,,3835,11,,,0,100,,3836,19,,,0,100,,3837,19,,,0,100,,3838,19,,,0,100,,3839,19,,,0,100,,3840,19,,,0,100,,3841,19,,,0,100,,3842,19,,,0,100,,3843,19,,,0,100,,3844,19,,,0,97,,3845,19,4,,0
100,'5503',833,,3846,11,,,0,100,,3848,19,,,0,100,,3852,19,,,0,100,,3856,19,,,0,100,,3849,19,,,0,100,,3847,19,,,0,100,,3853,19,,,0,100,,3851,19,,,0,100,,3850,19,,,0,100,,3855,19,,,0,97,,3854,19,4,,0
100,'5505',633,,3857,19,,,0,100,,3858,19,,,0,100,,3859,11,,,0,100,,3860,19,,,0,100,,3861,19,,,0,100,,3862,19,,,0,100,,3863,19,,,0,100,,3864,19,,,0,100,,3865,19,,,0,100,,3866,19,,,0,100,,3867,19,,,0,100,,3868,19,,,0,97,,3869,19,4,,0
100,'5506',633,,3870,19,,,0,100,,3871,19,,,0,100,,3872,11,,,0,100,,3873,19,,,0,100,,3874,19,,,0,100,,3875,19,,,0,100,,3876,19,,,0,100,,3877,19,,,0,100,,3878,19,,,0,100,,3879,19,,,0,100,,3880,19,,,0,100,,3881,19,,,0,97,,3882,19,4,,0
100,'5508',633,,3883,19,,,0,100,,3884,19,,,0,100,,3885,11,,,0,100,,3886,19,,,0,100,,3887,19,,,0,100,,3888,19,,,0,100,,3889,19,,,0,100,,3890,19,,,0,100,,3891,19,,,0,100,,3892,19,,,0,100,,3893,19,,,0,100,,3894,19,,,0,97,,3895,19,4,,0
300,'5475',703,,4118,13,,,0,100,,4119,13,0,11 12,0,100,,4120,13,,,0,100,,4121,13,,,0,100,,4123,13,,,0,100,,4122,13,,,0,100,,4124,13,,,0,100,,4125,13,,,0,100,,4126,13,,,0,100,,4127,13,,,0,100,,4128,13,,,0,100,,4129,13,0,7 6,0
300,'5501',703,,4131,13,,,0,100,,4132,13,0,11 12,0,100,,4133,13,,,0,100,,4134,13,,,0,100,,4136,13,,,0,100,,4135,13,,,0,100,,4137,13,,,0,100,,4138,13,,,0,100,,4139,13,,,0,100,,4140,13,,,0,100,,4141,13,,,0,100,,4142,13,0,7 6,0
300,'5503',803,,4145,7,0,11 12,0,100,,4146,13,,,0,100,,4147,13,,,0,100,,4144,13,,,0,100,,4148,13,,,0,100,,4149,13,,,0,100,,4150,13,,,0,100,,4151,13,,,0,100,,4152,13,,,0,100,,4153,13,,,0,100,,4154,13,,,0
300,'5505',703,,4155,13,,,0,100,,4156,13,0,11 12,0,100,,4157,13,,,0,100,,4158,13,,,0,100,,4160,13,,,0,100,,4159,13,,,0,100,,4161,13,,,0,100,,4162,13,,,0,100,,4163,13,,,0,100,,4164,13,,,0,100,,4165,13,,,0,100,,4166,13,0,7 6,0
300,'5506',703,,4168,13,,,0,100,,4169,13,0,11 12,0,100,,4170,13,,,0,100,,4171,13,,,0,100,,4173,13,,,0,100,,4172,13,,,0,100,,4174,13,,,0,100,,4175,13,,,0,100,,4176,13,,,0,100,,4177,13,,,0,100,,4178,13,,,0,100,,4179,13,0,7 6,0
300,'5508',703,,4181,13,,,0,100,,4182,13,0,11 12,0,100,,4183,13,,,0,100,,4184,13,,,0,100,,4186,13,,,0,100,,4185,13,,,0,100,,4187,13,,,0,100,,4188,13,,,0,100,,4189,13,,,0,100,,4190,13,,,0,100,,4191,13,,,0,100,,4192,13,0,7 6,0
3000,'5475',809,,4932,7,,,0,310,,4931,7,,,0,185,,4935,7,,,0,255,,4933,7,,,0,171,,4934,7,,,0
3000,'5501',809,,4937,7,,,0,310,,4936,7,,,0,185,,4940,7,,,0,255,,4938,7,,,0,171,,4939,7,,,0
3000,'5503',909,,4941,7,,,0,210,,4942,7,,,0,185,,4944,7,,,0,255,,4943,7,,,0,171,,4945,7,,,0
3000,'5505',809,,4947,7,,,0,310,,4946,7,,,0,185,,4950,7,,,0,255,,4948,7,,,0,171,,4949,7,,,0
3000,'5506',809,,4952,7,,,0,310,,4951,7,,,0,185,,4955,7,,,0,255,,4953,7,,,0,171,,4954,7,,,0
3000,'5508',809,,4957,7,,,0,310,,4956,7,,,0,185,,4960,7,,,0,255,,4958,7,,,0,171,,4959,7,,,0
4000,'5475',828,,4992,17,4,,0,516,,4991,17,4,,0
4000,'5501',828,,4994,17,4,,0,516,,4993,17,4,,0
4000,'5505',828,,4996,17,4,,0,516,,4995,17,4,,0
4000,'5506',828,,4999,17,4,,0,516,,4998,17,4,,0
