200,'5475',638,,3972,13,,,0,100,,3973,13,,,0,100,,3974,13,,,0,100,,3975,13,,,0,100,,3976,13,,,0,100,,3977,13,,,0,100,,3978,13,,,0,100,,3979,13,,,0,100,,3980,13,,,0,100,,3981,13,,,0,100,,3982,13,,,0,100,,3983,13,,,0
200,'5501',638,,3984,13,,,0,100,,3985,13,,,0,100,,3986,13,,,0,100,,3987,13,,,0,100,,3988,13,,,0,100,,3989,13,,,0,100,,3990,13,,,0,100,,3991,13,,,0,100,,3992,13,,,0,100,,3993,13,,,0,100,,3994,13,,,0,100,,3995,13,,,0
200,'5503',838,,3996,13,,,0,100,,3997,13,,,0,100,,3998,13,,,0,100,,3999,13,,,0,100,,4000,13,,,0,100,,4001,13,,,0,100,,4002,13,,,0,100,,4003,13,,,0,100,,4004,13,,,0,100,,4005,13,,,0
200,'5505',638,,4006,13,,,0,100,,4007,13,,,0,100,,4008,13,,,0,100,,4009,13,,,0,100,,4010,13,,,0,100,,4011,13,,,0,100,,4012,13,,,0,100,,4013,13,,,0,100,,4014,13,,,0,100,,4015,13,,,0,100,,4016,13,,,0,100,,4017,13,,,0
200,'5506',638,,4018,13,,,0,100,,4019,13,,,0,100,,4020,13,,,0,100,,4021,13,,,0,100,,4022,13,,,0,100,,4023,13,,,0,100,,4024,13,,,0,100,,4025,13,,,0,100,,4026,13,,,0,100,,4027,13,,,0,100,,4028,13,,,0,100,,4029,13,,,0
200,'5508',638,,4030,13,,,0,100,,4031,13,,,0,100,,4032,13,,,0,100,,4033,13,,,0,100,,4034,13,,,0,100,,4035,13,,,0,100,,4036,13,,,0,100,,4037,13,,,0,100,,4038,13,,,0,100,,4039,13,,,0,100,,4040,13,,,0,100,,4041,13,,,0
400,'5475',705,,4270,9,,,0,100,,4275,9,,,0,100,,4276,9,,,0,100,,4277,9,,,0,100,,4279,9,,,0,100,,4280,9,,,0,100,,4281,9,,,0,100,,4282,9,,,0,100,,4278,9,,,0,100,,4273,9,,,0,100,,4274,9,,,0,100,,4272,9,0,7 6,0
400,'5501',705,,4283,9,,,0,100,,4288,9,,,0,100,,4289,9,,,0,100,,4290,9,,,0,100,,4292,9,,,0,100,,4293,9,,,0,100,,4294,9,,,0,100,,4295,9,,,0,100,,4291,9,,,0,100,,4286,9,,,0,100,,4287,9,,,0,100,,4285,9,0,7 6,0
400,'5503',805,,4299,9,,,0,100,,4302,9,,,0,100,,4296,9,,,0,100,,4297,9,,,0,100,,4300,9,,,0,100,,4301,9,,,0,100,,4298,9,,,0,100,,4303,9,,,0,100,,4304,9,,,0,100,,4305,9,,,0,100,,4306,9,0,7 6,0
400,'5505',705,,4308,9,,,0,100,,4313,9,,,0,100,,4314,9,,,0,100,,4315,9,,,0,100,,4317,9,,,0,100,,4318,9,,,0,100,,4319,9,,,0,100,,4320,9,,,0,100,,4316,9,,,0,100,,4311,9,,,0,100,,4312,9,,,0,100,,4310,9,0,7 6,0
400,'5506',705,,4321,9,,,0,100,,4326,9,,,0,100,,4327,9,,,0,100,,4328,9,,,0,100,,4330,9,,,0,100,,4331,9,,,0,100,,4332,9,,,0,100,,4333,9,,,0,100,,4329,9,,,0,100,,4324,9,,,0,100,,4325,9,,,0,100,,4323,9,0,7 6,0
400,'5508',705,,4334,9,,,0,100,,4339,9,,,0,100,,4340,9,,,0,100,,4341,9,,,0,100,,4343,9,,,0,100,,4344,9,,,0,100,,4345,9,,,0,100,,4346,9,,,0,100,,4342,9,,,0,100,,4337,9,,,0,100,,4338,9,,,0,100,,4336,9,0,7 6,0
1500,'5475',2009,,4775,18,,,0,124,,4777,18,,,0,85,,4779,18,,,0,40,,4784,18,,,0,263,,4782,18,,,0
1500,'5501',2009,,4787,18,,,0,124,,4789,18,,,0,85,,4791,18,,,0
1500,'5503',2009,,4794,18,,,0,124,,4796,18,,,0,85,,4798,18,,,0
1500,'5505',2009,,4802,18,,,0,124,,4804,18,,,0,85,,4806,18,,,0
1500,'5506',2009,,4810,18,,,0,124,,4812,18,,,0,85,,4814,18,,,0
1500,'5508',2009,,4818,18,,,0,124,,4820,18,,,0,85,,4822,18,,,0
3000,'5475',814,,4932,15,,,0,310,,4931,15,,,0,185,,4935,15,,,0,295,,4933,15,,,0,131,,4934,15,,,0
3000,'5501',814,,4937,15,,,0,310,,4936,15,,,0,185,,4940,15,,,0,295,,4938,15,,,0,131,,4939,15,,,0
3000,'5503',914,,4941,15,,,0,210,,4942,15,,,0,185,,4944,15,,,0,295,,4943,15,,,0,131,,4945,15,,,0
3000,'5505',814,,4947,15,,,0,310,,4946,15,,,0,185,,4950,15,,,0,295,,4948,15,,,0,131,,4949,15,,,0
3000,'5506',814,,4952,15,,,0,310,,4951,15,,,0,185,,4955,15,,,0,295,,4953,15,,,0,131,,4954,15,,,0
3000,'5508',814,,4957,15,,,0,310,,4956,15,,,0,185,,4960,15,,,0,295,,4958,15,,,0,131,,4959,15,,,0
4000,'5475',834,,4992,25,4,,0,516,,4991,25,4,,0
4000,'5501',834,,4994,25,4,,0,516,,4993,25,4,,0
4000,'5505',834,,4996,25,4,,0,516,,4995,25,4,,0
4000,'5506',834,,4999,25,4,,0,516,,4998,25,4,,0
