300,'5475',807,,2468,19,0,11 12,0
300,'5501',807,,2481,19,0,11 12,0
300,'5503',807,,2494,13,0,11 12,0
300,'5505',807,,2505,19,0,11 12,0
300,'5506',807,,2518,19,0,11 12,0
300,'5508',807,,2531,19,0,11 12,0
400,'5475',724,,2619,33,,,0,100,,2624,33,,,0,100,,2625,33,,,0,100,,2626,33,,,0,100,,2628,33,,,0,100,,2629,33,,,0,100,,2630,33,,,0,100,,2631,33,,,0,100,,2627,33,,,0,100,,2622,33,,,0,100,,2623,33,,,0,110,,2620,18,,,0
400,'5501',724,,2632,33,,,0,100,,2637,33,,,0,100,,2638,33,,,0,100,,2639,33,,,0,100,,2641,33,,,0,100,,2642,33,,,0,100,,2643,33,,,0,100,,2644,33,,,0,100,,2640,33,,,0,100,,2635,33,,,0,100,,2636,33,,,0,110,,2633,18,,,0
400,'5503',824,,2648,33,,,0,100,,2651,33,,,0,100,,2645,33,,,0,100,,2646,33,,,0,100,,2649,33,,,0,100,,2650,33,,,0,100,,2647,33,,,0,100,,2652,33,,,0,100,,2653,33,,,0,100,,2654,33,,,0,110,,2656,18,,,0
400,'5505',724,,2657,33,,,0,100,,2662,33,,,0,100,,2663,33,,,0,100,,2664,33,,,0,100,,2666,33,,,0,100,,2667,33,,,0,100,,2668,33,,,0,100,,2669,33,,,0,100,,2665,33,,,0,100,,2660,33,,,0,100,,2661,33,,,0,110,,2658,18,,,0
400,'5506',724,,2670,33,,,0,100,,2675,33,,,0,100,,2676,33,,,0,100,,2677,33,,,0,100,,2679,33,,,0,100,,2680,33,,,0,100,,2681,33,,,0,100,,2682,33,,,0,100,,2678,33,,,0,100,,2673,33,,,0,100,,2674,33,,,0,110,,2671,18,,,0
400,'5508',724,,2683,33,,,0,100,,2688,33,,,0,100,,2689,33,,,0,100,,2690,33,,,0,100,,2692,33,,,0,100,,2693,33,,,0,100,,2694,33,,,0,100,,2695,33,,,0,100,,2691,33,,,0,100,,2686,33,,,0,100,,2687,33,,,0,110,,2684,18,,,0
