101,'5475',615,,3896,4,,,0,100,,3897,27,,,0,200,,3899,27,,,0,100,,3900,27,,,0,100,,3902,27,,,0,100,,3901,27,,,0,100,,3904,27,,,0,100,,3903,27,,,0,100,,3905,27,,,0,100,,3906,27,,,0,100,,3907,27,,,0,100,,3908,27,,,0
101,'5501',615,,3909,4,,,0,100,,3910,27,,,0,200,,3912,27,,,0,100,,3913,27,,,0,100,,3915,27,,,0,100,,3914,27,,,0,100,,3917,27,,,0,100,,3916,27,,,0,100,,3918,27,,,0,100,,3919,27,,,0,100,,3920,27,,,0,100,,3921,27,,,0
101,'5503',915,,3926,27,,,0,100,,3928,27,,,0,100,,3922,27,,,0,100,,3924,27,,,0,100,,3927,27,,,0,100,,3925,27,,,0,100,,3929,27,,,0,100,,3923,27,,,0,100,,3930,27,,,0,100,,3931,27,,,0
101,'5505',615,,3933,4,,,0,100,,3934,27,,,0,200,,3936,27,,,0,100,,3937,27,,,0,100,,3939,27,,,0,100,,3938,27,,,0,100,,3941,27,,,0,100,,3940,27,,,0,100,,3942,27,,,0,100,,3943,27,,,0,100,,3944,27,,,0,100,,3945,27,,,0
101,'5506',615,,3946,4,,,0,100,,3947,27,,,0,200,,3949,27,,,0,100,,3950,27,,,0,100,,3952,27,,,0,100,,3951,27,,,0,100,,3954,27,,,0,100,,3953,27,,,0,100,,3955,27,,,0,100,,3956,27,,,0,100,,3957,27,,,0,100,,3958,27,,,0
101,'5508',615,,3959,4,,,0,100,,3960,27,,,0,200,,3962,27,,,0,100,,3963,27,,,0,100,,3965,27,,,0,100,,3964,27,,,0,100,,3967,27,,,0,100,,3966,27,,,0,100,,3968,27,,,0,100,,3969,27,,,0,100,,3970,27,,,0,100,,3971,27,,,0
1501,'5475',1955,,4825,21,,,0,164,,4827,21,,,0,388,,4830,21,,,0
1501,'5501',1955,,4833,21,,,0,164,,4835,21,,,0
1501,'5503',1955,,4836,21,,,0,164,,4839,21,,,0
1501,'5505',1955,,4841,21,,,0,164,,4843,21,,,0
1501,'5506',1955,,4845,21,,,0,164,,4847,21,,,0
1501,'5508',1955,,4849,21,,,0,164,,4851,21,,,0
4001,'5475',1005,,5000,19,,,0,604,,5001,19,,,0
4001,'5501',1005,,5002,19,,,0,604,,5003,19,,,0
4001,'5505',1005,,5004,19,,,0,328,,5006,4,,,0,276,,5005,19,,,0
4001,'5506',1005,,5007,19,,,0,604,,5008,19,,,0
7001,'5475',1821,,5042,30,,,0
7001,'5501',1821,,5046,30,,,0
7001,'5505',1821,,5050,30,,,0
7001,'5506',1821,,5054,30,,,0
