200,'5475',640,,3972,14,,,0,100,,3973,14,,,0,100,,3974,14,,,0,100,,3975,14,,,0,100,,3976,14,,,0,100,,3977,14,,,0,100,,3978,14,,,0,100,,3979,14,,,0,100,,3980,14,,,0,100,,3981,14,,,0,100,,3982,14,,,0,100,,3983,14,,,0
200,'5501',640,,3984,14,,,0,100,,3985,14,,,0,100,,3986,14,,,0,100,,3987,14,,,0,100,,3988,14,,,0,100,,3989,14,,,0,100,,3990,14,,,0,100,,3991,14,,,0,100,,3992,14,,,0,100,,3993,14,,,0,100,,3994,14,,,0,100,,3995,14,,,0
200,'5503',840,,3996,14,,,0,100,,3997,14,,,0,100,,3998,14,,,0,100,,3999,14,,,0,100,,4000,14,,,0,100,,4001,14,,,0,100,,4002,14,,,0,100,,4003,14,,,0,100,,4004,14,,,0,100,,4005,14,,,0
200,'5505',640,,4006,14,,,0,100,,4007,14,,,0,100,,4008,14,,,0,100,,4009,14,,,0,100,,4010,14,,,0,100,,4011,14,,,0,100,,4012,14,,,0,100,,4013,14,,,0,100,,4014,14,,,0,100,,4015,14,,,0,100,,4016,14,,,0,100,,4017,14,,,0
200,'5506',640,,4018,14,,,0,100,,4019,14,,,0,100,,4020,14,,,0,100,,4021,14,,,0,100,,4022,14,,,0,100,,4023,14,,,0,100,,4024,14,,,0,100,,4025,14,,,0,100,,4026,14,,,0,100,,4027,14,,,0,100,,4028,14,,,0,100,,4029,14,,,0
200,'5508',640,,4030,14,,,0,100,,4031,14,,,0,100,,4032,14,,,0,100,,4033,14,,,0,100,,4034,14,,,0,100,,4035,14,,,0,100,,4036,14,,,0,100,,4037,14,,,0,100,,4038,14,,,0,100,,4039,14,,,0,100,,4040,14,,,0,100,,4041,14,,,0
400,'5475',707,,4270,10,,,0,100,,4275,10,,,0,100,,4276,10,,,0,100,,4277,10,,,0,100,,4279,10,,,0,100,,4280,10,,,0,100,,4281,10,,,0,100,,4282,10,,,0,100,,4278,10,,,0,100,,4273,10,,,0,100,,4274,10,,,0,100,,4272,10,0,7 6,0
400,'5501',707,,4283,10,,,0,100,,4288,10,,,0,100,,4289,10,,,0,100,,4290,10,,,0,100,,4292,10,,,0,100,,4293,10,,,0,100,,4294,10,,,0,100,,4295,10,,,0,100,,4291,10,,,0,100,,4286,10,,,0,100,,4287,10,,,0,100,,4285,10,0,7 6,0
400,'5503',807,,4299,10,,,0,100,,4302,10,,,0,100,,4296,10,,,0,100,,4297,10,,,0,100,,4300,10,,,0,100,,4301,10,,,0,100,,4298,10,,,0,100,,4303,10,,,0,100,,4304,10,,,0,100,,4305,10,,,0,100,,4306,10,0,7 6,0
400,'5505',707,,4308,10,,,0,100,,4313,10,,,0,100,,4314,10,,,0,100,,4315,10,,,0,100,,4317,10,,,0,100,,4318,10,,,0,100,,4319,10,,,0,100,,4320,10,,,0,100,,4316,10,,,0,100,,4311,10,,,0,100,,4312,10,,,0,100,,4310,10,0,7 6,0
400,'5506',707,,4321,10,,,0,100,,4326,10,,,0,100,,4327,10,,,0,100,,4328,10,,,0,100,,4330,10,,,0,100,,4331,10,,,0,100,,4332,10,,,0,100,,4333,10,,,0,100,,4329,10,,,0,100,,4324,10,,,0,100,,4325,10,,,0,100,,4323,10,0,7 6,0
400,'5508',707,,4334,10,,,0,100,,4339,10,,,0,100,,4340,10,,,0,100,,4341,10,,,0,100,,4343,10,,,0,100,,4344,10,,,0,100,,4345,10,,,0,100,,4346,10,,,0,100,,4342,10,,,0,100,,4337,10,,,0,100,,4338,10,,,0,100,,4336,10,0,7 6,0
1500,'5475',2011,,4775,19,,,0,124,,4777,19,,,0,85,,4779,19,,,0,80,,4784,19,,,0,223,,4782,19,,,0
1500,'5501',2011,,4787,19,,,0,124,,4789,19,,,0,85,,4791,19,,,0
1500,'5503',2011,,4794,19,,,0,124,,4796,19,,,0,85,,4798,19,,,0
1500,'5505',2011,,4802,19,,,0,124,,4804,19,,,0,85,,4806,19,,,0
1500,'5506',2011,,4810,19,,,0,124,,4812,19,,,0,85,,4814,19,,,0
1500,'5508',2011,,4818,19,,,0,124,,4820,19,,,0,85,,4822,19,,,0
3000,'5475',815,,4932,16,,,0,310,,4931,16,,,0,185,,4935,16,,,0,295,,4933,16,,,0,131,,4934,16,,,0
3000,'5501',815,,4937,16,,,0,310,,4936,16,,,0,185,,4940,16,,,0,295,,4938,16,,,0,131,,4939,16,,,0
3000,'5503',915,,4941,16,,,0,210,,4942,16,,,0,185,,4944,16,,,0,295,,4943,16,,,0,131,,4945,16,,,0
3000,'5505',815,,4947,16,,,0,310,,4946,16,,,0,185,,4950,16,,,0,295,,4948,16,,,0,131,,4949,16,,,0
3000,'5506',815,,4952,16,,,0,310,,4951,16,,,0,185,,4955,16,,,0,295,,4953,16,,,0,131,,4954,16,,,0
3000,'5508',815,,4957,16,,,0,310,,4956,16,,,0,185,,4960,16,,,0,295,,4958,16,,,0,131,,4959,16,,,0
4000,'5475',838,,4992,26,4,,0,516,,4991,26,4,,0
4000,'5501',838,,4994,26,4,,0,516,,4993,26,4,,0
4000,'5505',838,,4996,26,4,,0,516,,4995,26,4,,0
4000,'5506',838,,4999,26,4,,0,516,,4998,26,4,,0
