300,'5475',812,,2468,27,0,11 12,0
300,'5501',812,,2481,27,0,11 12,0
300,'5503',812,,2494,21,0,11 12,0
300,'5505',812,,2505,27,0,11 12,0
300,'5506',812,,2518,27,0,11 12,0
300,'5508',812,,2531,27,0,11 12,0
401,'5475',730,,2703,3,,,0,100,,2704,3,,,0,100,,2705,3,,,0,100,,2706,3,,,0,100,,2707,3,,,0,100,,2708,3,,,0,100,,2700,3,,,0,100,,2701,3,,,0,100,,2698,3,,,0,100,,2697,3,,,0,100,,2699,3,,,0,110,,2696,3,0,7 6,0
401,'5501',730,,2716,3,,,0,100,,2717,3,,,0,100,,2718,3,,,0,100,,2719,3,,,0,100,,2720,3,,,0,100,,2721,3,,,0,100,,2713,3,,,0,100,,2714,3,,,0,100,,2711,3,,,0,100,,2710,3,,,0,100,,2712,3,,,0,110,,2709,3,0,7 6,0
401,'5503',830,,2722,3,,,0,100,,2724,3,,,0,100,,2725,3,,,0,100,,2723,3,,,0,100,,2727,3,,,0,100,,2726,3,,,0,100,,2728,3,,,0,100,,2729,3,,,0,100,,2730,3,,,0,100,,2731,3,,,0,110,,2732,3,0,7 6,0
401,'5505',730,,2740,3,,,0,100,,2741,3,,,0,100,,2742,3,,,0,100,,2743,3,,,0,100,,2744,3,,,0,100,,2745,3,,,0,100,,2737,3,,,0,100,,2738,3,,,0,100,,2735,3,,,0,100,,2734,3,,,0,100,,2736,3,,,0,110,,2733,3,0,7 6,0
401,'5506',730,,2753,3,,,0,100,,2754,3,,,0,100,,2755,3,,,0,100,,2756,3,,,0,100,,2757,3,,,0,100,,2758,3,,,0,100,,2750,3,,,0,100,,2751,3,,,0,100,,2748,3,,,0,100,,2747,3,,,0,100,,2749,3,,,0,110,,2746,3,0,7 6,0
401,'5508',730,,2766,3,,,0,100,,2767,3,,,0,100,,2768,3,,,0,100,,2769,3,,,0,100,,2770,3,,,0,100,,2771,3,,,0,100,,2763,3,,,0,100,,2764,3,,,0,100,,2761,3,,,0,100,,2760,3,,,0,100,,2762,3,,,0,110,,2759,3,0,7 6,0
500,'5501',810,,2818,28,0,11 12,0
500,'5505',810,,2866,28,0,11 12,0
501,'5501',1529,,2963,20,0,11 12,0
501,'5505',1529,,3011,20,0,11 12,0
1500,'5475',1859,,3122,17,0,14 15,0,164,,3125,17,0,13,0,123,,3127,17,0,13,0,85,,3129,17,0,13,0,180,,3132,17,0,13,0,124,,3130,17,0,13,0
1500,'5501',1859,,3134,17,0,14 15,0,164,,3137,17,0,13,0,123,,3139,17,0,13,0,85,,3141,17,0,13,0
1500,'5503',1859,,3142,17,0,13,0,164,,3144,17,0,13,0,123,,3146,17,0,13,0,85,,3148,17,0,13,0
1500,'5505',1859,,3149,17,0,14 15,0,164,,3152,17,0,13,0,123,,3154,17,0,13,0,85,,3156,17,0,13,0
1500,'5506',1859,,3157,17,0,14 15,0,164,,3160,17,0,13,0,123,,3162,17,0,13,0,85,,3164,17,0,13,0
1500,'5508',1859,,3165,17,0,14 15,0,164,,3168,17,0,13,0,123,,3170,17,0,13,0,85,,3172,17,0,13,0
1501,'5475',1934,,3173,29,0,7,0,124,,3175,29,0,7,0,388,,3180,29,0,7,0,164,,3178,29,0,7,0
1501,'5501',1934,,3181,29,0,7,0,124,,3183,29,0,7,0
1501,'5503',1934,,3186,29,0,7,0,124,,3187,29,0,7,0
1501,'5505',1934,,3189,29,0,7,0,124,,3191,29,0,7,0
1501,'5506',1934,,3193,29,0,7,0,124,,3195,29,0,7,0
1501,'5508',1934,,3197,29,0,7,0,124,,3199,29,0,7,0
