200,'5323',630,,3464,2,,,0,100,,3465,2,,,0,100,,3466,2,,,0,100,,3467,2,,,0,100,,3468,2,,,0,100,,3469,2,,,0,100,,3470,2,,,0,100,,3471,2,,,0,100,,3472,2,,,0,100,,3473,2,,,0,100,,3474,2,,,0,100,,3475,2,,,0
200,'5325',830,,3476,2,,,0,100,,3477,2,,,0,100,,3478,2,,,0,100,,3479,2,,,0,100,,3480,2,,,0,100,,3481,2,,,0,100,,3482,2,,,0,100,,3483,2,,,0,100,,3484,2,,,0,100,,3485,2,,,0
400,'5323',700,,3558,2,,,0,100,,3563,2,,,0,100,,3565,2,,,0,100,,3566,2,,,0,100,,3567,2,,,0,100,,3568,2,,,0,100,,3569,2,,,0,100,,3570,2,,,0,100,,3564,2,,,0,100,,3561,2,,,0,100,,3562,2,,,0,100,,3560,2,0,7 6,0
400,'5325',800,,3574,2,,,0,100,,3577,2,,,0,100,,3571,2,,,0,100,,3572,2,,,0,100,,3575,2,,,0,100,,3576,2,,,0,100,,3573,2,,,0,100,,3578,2,,,0,100,,3579,2,,,0,100,,3580,2,,,0,100,,3581,2,0,7 6,0
1000,'5323',641,,3703,2,,,0,162,,3704,2,,,0,123,,3707,2,,,0,305,,3705,2,,,0,407,,3706,2,,,0
1000,'5325',803,,3708,2,,,0,428,,3709,2,,,0,407,,3710,2,,,0
1101,'5323',1233,,3724,2,,,0,572,,3722,2,,,0
1500,'5323',2001,,3728,7,,,0,124,,3729,7,,,0,85,,3731,7,,,0
1500,'5325',2001,,3734,7,,,0,124,,3737,7,,,0,85,,3736,7,,,0
7000,'5323',603,,3812,18,,,0,305,,3813,1,,,0,324,,3814,1,,,0,300,,3815,1,,,0
