1501,'5475',1920,,4824,10,0,7,0,124,,4826,10,0,7,0,388,,4831,10,0,7,0,124,,4829,10,0,7,0
1501,'5501',1920,,4832,10,0,7,0,124,,4834,10,0,7,0
1501,'5503',1920,,4837,10,0,7,0,124,,4838,10,0,7,0
1501,'5505',1920,,4840,10,0,7,0,124,,4842,10,0,7,0
1501,'5506',1920,,4844,10,0,7,0,124,,4846,10,0,7,0
1501,'5508',1920,,4848,10,0,7,0,124,,4850,10,0,7,0
2000,'5475',751,,4871,19,0,8 9,0,170,,4872,19,0,8 9,0,300,,4873,19,0,8 9,0,428,,4875,11,0,10,0,170,,4874,11,0,10,0
2000,'5501',751,,4876,19,0,8 9,0,170,,4877,19,0,8 9,0,300,,4878,19,0,8 9,0,428,,4880,11,0,10,0,170,,4879,11,0,10,0
2000,'5505',751,,4881,19,0,8 9,0,170,,4882,19,0,8 9,0,300,,4883,19,0,8 9,0,428,,4885,11,0,10,0,170,,4884,11,0,10,0
2000,'5506',751,,4886,19,0,8 9,0,170,,4887,19,0,8 9,0,300,,4888,19,0,8 9,0,428,,4890,11,0,10,0,170,,4889,11,0,10,0
7001,'5475',1831,,5042,40,,,0
7001,'5501',1831,,5046,40,,,0
7001,'5505',1831,,5050,40,,,0
7001,'5506',1831,,5054,40,,,0
