100,'5475',643,,2169,28,,,0,100,,2170,28,,,0,100,,2171,20,,,0,100,,2172,28,,,0,100,,2173,28,,,0,100,,2174,28,,,0,100,,2175,28,,,0,100,,2176,28,,,0,100,,2177,28,,,0,100,,2178,28,,,0,100,,2179,28,,,0,100,,2180,28,,,0
100,'5501',643,,2182,28,,,0,100,,2183,28,,,0,100,,2184,20,,,0,100,,2185,28,,,0,100,,2186,28,,,0,100,,2187,28,,,0,100,,2188,28,,,0,100,,2189,28,,,0,100,,2190,28,,,0,100,,2191,28,,,0,100,,2192,28,,,0,100,,2193,28,,,0
100,'5503',843,,2195,20,,,0,100,,2197,28,,,0,100,,2201,28,,,0,100,,2205,28,,,0,100,,2198,28,,,0,100,,2196,28,,,0,100,,2202,28,,,0,100,,2200,28,,,0,100,,2199,28,,,0,100,,2204,28,,,0
100,'5505',643,,2206,28,,,0,100,,2207,28,,,0,100,,2208,20,,,0,100,,2209,28,,,0,100,,2210,28,,,0,100,,2211,28,,,0,100,,2212,28,,,0,100,,2213,28,,,0,100,,2214,28,,,0,100,,2215,28,,,0,100,,2216,28,,,0,100,,2217,28,,,0
100,'5506',643,,2219,28,,,0,100,,2220,28,,,0,100,,2221,20,,,0,100,,2222,28,,,0,100,,2223,28,,,0,100,,2224,28,,,0,100,,2225,28,,,0,100,,2226,28,,,0,100,,2227,28,,,0,100,,2228,28,,,0,100,,2229,28,,,0,100,,2230,28,,,0
100,'5508',643,,2232,28,,,0,100,,2233,28,,,0,100,,2234,20,,,0,100,,2235,28,,,0,100,,2236,28,,,0,100,,2237,28,,,0,100,,2238,28,,,0,100,,2239,28,,,0,100,,2240,28,,,0,100,,2241,28,,,0,100,,2242,28,,,0,100,,2243,28,,,0
201,'5475',703,,2391,13,,,0,100,,2392,13,,,0,100,,2393,13,,,0,100,,2394,13,,,0,100,,2395,13,,,0,100,,2396,13,,,0,100,,2397,13,,,0,100,,2398,13,,,0,100,,2399,13,,,0,100,,2400,13,,,0,100,,2401,13,,,0,100,,2402,13,0,7 6,0
201,'5501',703,,2404,13,,,0,100,,2405,13,,,0,100,,2406,13,,,0,100,,2407,13,,,0,100,,2408,13,,,0,100,,2409,13,,,0,100,,2410,13,,,0,100,,2411,13,,,0,100,,2412,13,,,0,100,,2413,13,,,0,100,,2414,13,,,0,100,,2415,13,0,7 6,0
201,'5503',803,,2417,13,,,0,100,,2418,13,,,0,100,,2419,13,,,0,100,,2420,13,,,0,100,,2421,13,,,0,100,,2422,13,,,0,100,,2423,13,,,0,100,,2424,13,,,0,100,,2425,13,,,0,100,,2426,13,,,0,100,,2427,13,,,0
201,'5505',703,,2428,13,,,0,100,,2429,13,,,0,100,,2430,13,,,0,100,,2431,13,,,0,100,,2432,13,,,0,100,,2433,13,,,0,100,,2434,13,,,0,100,,2435,13,,,0,100,,2436,13,,,0,100,,2437,13,,,0,100,,2438,13,,,0,100,,2439,13,0,7 6,0
201,'5506',703,,2441,13,,,0,100,,2442,13,,,0,100,,2443,13,,,0,100,,2444,13,,,0,100,,2445,13,,,0,100,,2446,13,,,0,100,,2447,13,,,0,100,,2448,13,,,0,100,,2449,13,,,0,100,,2450,13,,,0,100,,2451,13,,,0,100,,2452,13,0,7 6,0
201,'5508',703,,2454,13,,,0,100,,2455,13,,,0,100,,2456,13,,,0,100,,2457,13,,,0,100,,2458,13,,,0,100,,2459,13,,,0,100,,2460,13,,,0,100,,2461,13,,,0,100,,2462,13,,,0,100,,2463,13,,,0,100,,2464,13,,,0,100,,2465,13,0,7 6,0
1501,'5475',1940,,3173,38,0,7,0,164,,3175,38,0,7,0,348,,3180,38,0,7,0,164,,3178,38,0,7,0
1501,'5501',1940,,3181,38,0,7,0,164,,3183,38,0,7,0
1501,'5503',1940,,3186,38,0,7,0,164,,3187,38,0,7,0
1501,'5505',1940,,3189,38,0,7,0,164,,3191,38,0,7,0
1501,'5506',1940,,3193,38,0,7,0,164,,3195,38,0,7,0
1501,'5508',1940,,3197,38,0,7,0,164,,3199,38,0,7,0
1600,'5504',911,,3201,18,0,16 18,0,100,,3204,24,,,0,100,,3203,24,,,0,100,,3202,24,,,0,100,,3205,24,,,0,100,,3206,24,,,0,100,,3207,24,,,0,100,,3208,24,,,0,100,,3209,24,,,0
7000,'5475',612,,3372,31,,,0,305,,3373,14,,,0,324,,3374,14,,,0,300,,3375,14,,,0
7000,'5501',612,,3376,31,,,0,305,,3377,14,,,0,324,,3378,14,,,0,300,,3379,14,,,0
7000,'5505',612,,3380,31,,,0,305,,3381,14,,,0,324,,3382,14,,,0,300,,3383,14,,,0
7000,'5506',612,,3384,31,,,0,305,,3385,14,,,0,324,,3386,14,,,0,300,,3387,14,,,0
