401,'5475',732,,2703,7,,,0,100,,2704,7,,,0,100,,2705,7,,,0,100,,2706,7,,,0,100,,2707,7,,,0,100,,2708,7,,,0,100,,2700,7,,,0,100,,2701,7,,,0,100,,2698,7,,,0,100,,2697,7,,,0,100,,2699,7,,,0,110,,2696,7,0,7 6,0
401,'5501',732,,2716,7,,,0,100,,2717,7,,,0,100,,2718,7,,,0,100,,2719,7,,,0,100,,2720,7,,,0,100,,2721,7,,,0,100,,2713,7,,,0,100,,2714,7,,,0,100,,2711,7,,,0,100,,2710,7,,,0,100,,2712,7,,,0,110,,2709,7,0,7 6,0
401,'5503',832,,2722,7,,,0,100,,2724,7,,,0,100,,2725,7,,,0,100,,2723,7,,,0,100,,2727,7,,,0,100,,2726,7,,,0,100,,2728,7,,,0,100,,2729,7,,,0,100,,2730,7,,,0,100,,2731,7,,,0,110,,2732,7,0,7 6,0
401,'5505',732,,2740,7,,,0,100,,2741,7,,,0,100,,2742,7,,,0,100,,2743,7,,,0,100,,2744,7,,,0,100,,2745,7,,,0,100,,2737,7,,,0,100,,2738,7,,,0,100,,2735,7,,,0,100,,2734,7,,,0,100,,2736,7,,,0,110,,2733,7,0,7 6,0
401,'5506',732,,2753,7,,,0,100,,2754,7,,,0,100,,2755,7,,,0,100,,2756,7,,,0,100,,2757,7,,,0,100,,2758,7,,,0,100,,2750,7,,,0,100,,2751,7,,,0,100,,2748,7,,,0,100,,2747,7,,,0,100,,2749,7,,,0,110,,2746,7,0,7 6,0
401,'5508',732,,2766,7,,,0,100,,2767,7,,,0,100,,2768,7,,,0,100,,2769,7,,,0,100,,2770,7,,,0,100,,2771,7,,,0,100,,2763,7,,,0,100,,2764,7,,,0,100,,2761,7,,,0,100,,2760,7,,,0,100,,2762,7,,,0,110,,2759,7,0,7 6,0
500,'5501',813,,2818,32,0,11 12,0
500,'5505',813,,2866,32,0,11 12,0
501,'5501',1532,,2963,24,0,11 12,0
501,'5505',1532,,3011,24,0,11 12,0
1500,'5475',1901,,3122,21,0,14 15,0,124,,3125,21,0,13,0,123,,3127,21,0,13,0,85,,3129,21,0,13,0,180,,3132,21,0,13,0,124,,3130,21,0,13,0
1500,'5501',1901,,3134,21,0,14 15,0,124,,3137,21,0,13,0,123,,3139,21,0,13,0,85,,3141,21,0,13,0
1500,'5503',1901,,3142,21,0,13,0,124,,3144,21,0,13,0,123,,3146,21,0,13,0,85,,3148,21,0,13,0
1500,'5505',1901,,3149,21,0,14 15,0,124,,3152,21,0,13,0,123,,3154,21,0,13,0,85,,3156,21,0,13,0
1500,'5506',1901,,3157,21,0,14 15,0,124,,3160,21,0,13,0,123,,3162,21,0,13,0,85,,3164,21,0,13,0
1500,'5508',1901,,3165,21,0,14 15,0,124,,3168,21,0,13,0,123,,3170,21,0,13,0,85,,3172,21,0,13,0
3000,'5475',811,,3281,11,,,0,310,,3280,11,,,0,185,,3284,11,,,0,295,,3282,11,,,0,131,,3283,11,,,0
3000,'5501',811,,3286,11,,,0,310,,3285,11,,,0,185,,3289,11,,,0,295,,3287,11,,,0,131,,3288,11,,,0
3000,'5503',911,,3290,11,,,0,210,,3291,11,,,0,185,,3293,11,,,0,295,,3292,11,,,0,131,,3294,11,,,0
3000,'5505',811,,3296,11,,,0,310,,3295,11,,,0,185,,3299,11,,,0,295,,3297,11,,,0,131,,3298,11,,,0
3000,'5506',811,,3301,11,,,0,310,,3300,11,,,0,185,,3304,11,,,0,295,,3302,11,,,0,131,,3303,11,,,0
3000,'5508',811,,3306,11,,,0,310,,3305,11,,,0,185,,3309,11,,,0,295,,3307,11,,,0,131,,3308,11,,,0
4000,'5475',830,,3341,21,4,,0,516,,3340,21,4,,0
4000,'5501',830,,3343,21,4,,0,516,,3342,21,4,,0
4000,'5505',830,,3345,21,4,,0,516,,3344,21,4,,0
4000,'5506',830,,3348,21,4,,0,516,,3347,21,4,,0
7001,'5475',852,,3388,25,0,14 15,0,296,,3389,23,0,14 15,0,365,,3390,25,0,14 15,0,303,,3391,23,,,0
7001,'5501',852,,3392,25,0,14 15,0,296,,3393,23,0,14 15,0,365,,3394,25,0,14 15,0,303,,3395,23,,,0
7001,'5505',852,,3396,25,0,14 15,0,296,,3397,23,0,14 15,0,365,,3398,25,0,14 15,0,303,,3399,23,,,0
7001,'5506',852,,3400,25,0,14 15,0,296,,3401,23,0,14 15,0,365,,3402,25,0,14 15,0,303,,3403,23,,,0
