100,'5475',644,,3820,31,,,0,100,,3821,31,,,0,100,,3822,23,,,0,100,,3823,31,,,0,100,,3824,31,,,0,100,,3825,31,,,0,100,,3826,31,,,0,100,,3827,31,,,0,100,,3828,31,,,0,100,,3829,31,,,0,100,,3830,31,,,0,100,,3831,31,,,0
100,'5501',644,,3833,31,,,0,100,,3834,31,,,0,100,,3835,23,,,0,100,,3836,31,,,0,100,,3837,31,,,0,100,,3838,31,,,0,100,,3839,31,,,0,100,,3840,31,,,0,100,,3841,31,,,0,100,,3842,31,,,0,100,,3843,31,,,0,100,,3844,31,,,0
100,'5503',844,,3846,23,,,0,100,,3848,31,,,0,100,,3852,31,,,0,100,,3856,31,,,0,100,,3849,31,,,0,100,,3847,31,,,0,100,,3853,31,,,0,100,,3851,31,,,0,100,,3850,31,,,0,100,,3855,31,,,0
100,'5505',644,,3857,31,,,0,100,,3858,31,,,0,100,,3859,23,,,0,100,,3860,31,,,0,100,,3861,31,,,0,100,,3862,31,,,0,100,,3863,31,,,0,100,,3864,31,,,0,100,,3865,31,,,0,100,,3866,31,,,0,100,,3867,31,,,0,100,,3868,31,,,0
100,'5506',644,,3870,31,,,0,100,,3871,31,,,0,100,,3872,23,,,0,100,,3873,31,,,0,100,,3874,31,,,0,100,,3875,31,,,0,100,,3876,31,,,0,100,,3877,31,,,0,100,,3878,31,,,0,100,,3879,31,,,0,100,,3880,31,,,0,100,,3881,31,,,0
100,'5508',644,,3883,31,,,0,100,,3884,31,,,0,100,,3885,23,,,0,100,,3886,31,,,0,100,,3887,31,,,0,100,,3888,31,,,0,100,,3889,31,,,0,100,,3890,31,,,0,100,,3891,31,,,0,100,,3892,31,,,0,100,,3893,31,,,0,100,,3894,31,,,0
201,'5475',714,,4042,21,,,0,100,,4043,21,,,0,100,,4044,21,,,0,100,,4045,21,,,0,100,,4046,21,,,0,100,,4047,21,,,0,100,,4048,21,,,0,100,,4049,21,,,0,100,,4050,21,,,0,100,,4051,21,,,0,100,,4052,21,,,0,100,,4054,3,,,0
201,'5501',714,,4055,21,,,0,100,,4056,21,,,0,100,,4057,21,,,0,100,,4058,21,,,0,100,,4059,21,,,0,100,,4060,21,,,0,100,,4061,21,,,0,100,,4062,21,,,0,100,,4063,21,,,0,100,,4064,21,,,0,100,,4065,21,,,0,100,,4067,3,,,0
201,'5503',814,,4068,21,,,0,100,,4069,21,,,0,100,,4070,21,,,0,100,,4071,21,,,0,100,,4072,21,,,0,100,,4073,21,,,0,100,,4074,21,,,0,100,,4075,21,,,0,100,,4076,21,,,0,100,,4077,21,,,0,100,,4078,21,,,0
201,'5505',714,,4079,21,,,0,100,,4080,21,,,0,100,,4081,21,,,0,100,,4082,21,,,0,100,,4083,21,,,0,100,,4084,21,,,0,100,,4085,21,,,0,100,,4086,21,,,0,100,,4087,21,,,0,100,,4088,21,,,0,100,,4089,21,,,0,100,,4091,3,,,0
201,'5506',714,,4092,21,,,0,100,,4093,21,,,0,100,,4094,21,,,0,100,,4095,21,,,0,100,,4096,21,,,0,100,,4097,21,,,0,100,,4098,21,,,0,100,,4099,21,,,0,100,,4100,21,,,0,100,,4101,21,,,0,100,,4102,21,,,0,100,,4104,3,,,0
201,'5508',714,,4105,21,,,0,100,,4106,21,,,0,100,,4107,21,,,0,100,,4108,21,,,0,100,,4109,21,,,0,100,,4110,21,,,0,100,,4111,21,,,0,100,,4112,21,,,0,100,,4113,21,,,0,100,,4114,21,,,0,100,,4115,21,,,0,100,,4117,3,,,0
1101,'5475',1240,,4763,9,,,0,572,,4761,9,,,0
1101,'5501',1240,,4766,9,,,0,572,,4764,9,,,0
1101,'5505',1240,,4769,9,,,0,572,,4767,9,,,0
1101,'5506',1240,,4772,9,,,0,572,,4770,9,,,0
1501,'5475',1941,,4825,3,,,0,164,,4827,3,,,0,348,,4830,3,,,0,164,,4828,3,0,14 15,0
1501,'5501',1941,,4833,3,,,0,164,,4835,3,,,0
1501,'5503',1941,,4836,3,,,0,164,,4839,3,,,0
1501,'5505',1941,,4841,3,,,0,164,,4843,3,,,0
1501,'5506',1941,,4845,3,,,0,164,,4847,3,,,0
1501,'5508',1941,,4849,3,,,0,164,,4851,3,,,0
1600,'5504',912,,4852,21,0,16 18,0,100,,4855,27,,,0,100,,4854,27,,,0,100,,4853,27,,,0,100,,4856,27,,,0,100,,4857,27,,,0,100,,4858,27,,,0,100,,4859,27,,,0,100,,4860,27,,,0
4001,'5475',944,,5000,3,,,0,604,,5001,3,,,0
4001,'5501',944,,5002,3,,,0,604,,5003,3,,,0
4001,'5505',944,,5004,3,,,0,604,,5005,3,,,0
4001,'5506',944,,5007,3,,,0,604,,5008,3,,,0
7000,'5475',613,,5023,34,,,0,305,,5024,17,,,0,324,,5025,17,,,0,300,,5026,17,,,0
7000,'5501',613,,5027,34,,,0,305,,5028,17,,,0,324,,5029,17,,,0,300,,5030,17,,,0
7000,'5505',613,,5031,34,,,0,305,,5032,17,,,0,324,,5033,17,,,0,300,,5034,17,,,0
7000,'5506',613,,5035,34,,,0,305,,5036,17,,,0,324,,5037,17,,,0,300,,5038,17,,,0
