500,'5475',726,,2772,10,,,0,30,,2794,10,,,0,70,,2774,10,,,0,30,,2792,10,,,0,70,,2775,10,,,0,30,,2782,10,,,0,70,,2776,10,,,0,30,,2783,10,,,0,70,,2773,10,,,0,30,,2784,10,,,0,70,,2778,10,,,0,30,,2785,10,,,0,70,,2777,10,,,0,30,,2786,10,,,0,70,,2779,10,,,0,30,,2788,10,,,0,70,,2780,10,,,0,30,,2795,10,,,0,70,,2781,10,,,0,30,,2793,10,,,0,70,,2787,10,,,0,30,,2789,10,,,0,70,,2790,10,,,0
500,'5501',726,,2796,10,,,0,30,,2818,10,0,11 12,0,70,,2798,10,,,0,30,,2816,10,,,0,70,,2799,10,,,0,30,,2806,10,,,0,70,,2800,10,,,0,30,,2807,10,,,0,70,,2797,10,,,0,30,,2808,10,,,0,70,,2802,10,,,0,30,,2809,10,,,0,70,,2801,10,,,0,30,,2810,10,,,0,70,,2803,10,,,0,30,,2812,10,,,0,70,,2804,10,,,0,33,,2819,10,,,0,67,,2805,10,,,0,30,,2817,10,,,0,70,,2811,10,,,0,30,,2813,10,,,0,70,,2814,10,,,0
500,'5503',926,,2820,10,,,0,30,,2836,10,,,0,70,,2825,10,,,0,30,,2833,10,,,0,70,,2826,10,,,0,30,,2834,10,,,0,70,,2828,10,,,0,30,,2832,10,,,0,70,,2829,10,,,0,30,,2835,10,,,0,70,,2827,10,,,0,30,,2837,10,,,0,70,,2824,10,,,0,30,,2831,10,,,0,70,,2823,10,,,0,30,,2830,10,,,0,70,,2821,10,,,0,30,,2838,10,,,0,70,,2822,10,,,0
500,'5504',1256,,2840,10,,,0,100,,2841,10,,,0,100,,2842,10,,,0,100,,2843,10,,,0
500,'5505',726,,2844,10,,,0,30,,2866,10,0,11 12,0,70,,2846,10,,,0,30,,2864,10,,,0,70,,2847,10,,,0,30,,2854,10,,,0,70,,2848,10,,,0,30,,2855,10,,,0,70,,2845,10,,,0,30,,2856,10,,,0,70,,2850,10,,,0,30,,2857,10,,,0,70,,2849,10,,,0,30,,2858,10,,,0,70,,2851,10,,,0,30,,2860,10,,,0,70,,2852,10,,,0,33,,2867,10,,,0,67,,2853,10,,,0,30,,2865,10,,,0,70,,2859,10,,,0,30,,2861,10,,,0,70,,2862,10,,,0
500,'5506',726,,2868,10,,,0,30,,2890,10,,,0,70,,2870,10,,,0,30,,2888,10,,,0,70,,2871,10,,,0,30,,2878,10,,,0,70,,2872,10,,,0,30,,2879,10,,,0,70,,2869,10,,,0,30,,2880,10,,,0,70,,2874,10,,,0,30,,2881,10,,,0,70,,2873,10,,,0,30,,2882,10,,,0,70,,2875,10,,,0,30,,2884,10,,,0,70,,2876,10,,,0,30,,2891,10,,,0,70,,2877,10,,,0,30,,2889,10,,,0,70,,2883,10,,,0,30,,2885,10,,,0,70,,2886,10,,,0
500,'5508',726,,2892,10,,,0,30,,2914,10,,,0,70,,2894,10,,,0,30,,2912,10,,,0,70,,2895,10,,,0,30,,2902,10,,,0,70,,2896,10,,,0,30,,2903,10,,,0,70,,2893,10,,,0,30,,2904,10,,,0,70,,2898,10,,,0,30,,2905,10,,,0,70,,2897,10,,,0,30,,2906,10,,,0,70,,2899,10,,,0,30,,2908,10,,,0,70,,2900,10,,,0,30,,2915,10,,,0,70,,2901,10,,,0,30,,2913,10,,,0,70,,2907,10,,,0,30,,2909,10,,,0,70,,2910,10,,,0
1501,'5475',1923,,3173,12,0,7,0,124,,3175,12,0,7,0,387,,3180,12,0,7,0,124,,3178,12,0,7,0
1501,'5501',1923,,3181,12,0,7,0,124,,3183,12,0,7,0
1501,'5503',1923,,3186,12,0,7,0,124,,3187,12,0,7,0
1501,'5505',1923,,3189,12,0,7,0,124,,3191,12,0,7,0
1501,'5506',1923,,3193,12,0,7,0,124,,3195,12,0,7,0
1501,'5508',1923,,3197,12,0,7,0,124,,3199,12,0,7,0
2000,'5475',752,,3220,21,0,8 9,0,170,,3221,21,0,8 9,0,300,,3222,21,0,8 9,0,428,,3224,13,0,10,0,170,,3223,13,0,10,0
2000,'5501',752,,3225,21,0,8 9,0,170,,3226,21,0,8 9,0,300,,3227,21,0,8 9,0,428,,3229,13,0,10,0,170,,3228,13,0,10,0
2000,'5505',752,,3230,21,0,8 9,0,170,,3231,21,0,8 9,0,300,,3232,21,0,8 9,0,428,,3234,13,0,10,0,170,,3233,13,0,10,0
2000,'5506',752,,3235,21,0,8 9,0,170,,3236,21,0,8 9,0,300,,3237,21,0,8 9,0,428,,3239,13,0,10,0,170,,3238,13,0,10,0
1000100,'5475',1907,,3404,15,,,0,30,,3415,15,,,0,70,,3413,15,,,0,30,,3414,15,,,0,70,,3410,15,,,0,30,,3412,15,,,0,70,,3411,15,,,0,30,,3409,15,,,0,170,,3406,15,,,0,30,,3408,15,,,0,70,,3405,15,,,0,30,,3407,15,,,0
