501,'5475',653,,4567,8,,,0,70,,4577,8,,,0,30,,4568,10,,,0,70,,4589,10,,,0,30,,4570,10,,,0,70,,4578,10,,,0,30,,4571,10,,,0,70,,4579,10,,,0,30,,4572,10,,,0,70,,4580,10,,,0,30,,4569,10,,,0,70,,4581,10,,,0,30,,4574,10,,,0,70,,4582,10,,,0,30,,4573,10,,,0,70,,4583,10,,,0,30,,4575,10,,,0,70,,4590,10,,,0,30,,4576,10,,,0,70,,4588,10,,,0,30,,4584,10,,,0,70,,4585,10,,,0,30,,4586,10,,,0,70,,4587,10,,,0
501,'5501',653,,4591,8,,,0,70,,4601,8,,,0,30,,4592,10,,,0,74,,4613,10,,,0,26,,4594,10,,,0,70,,4602,10,,,0,30,,4595,10,,,0,70,,4603,10,,,0,30,,4596,10,,,0,70,,4604,10,,,0,30,,4593,10,,,0,70,,4605,10,,,0,30,,4598,10,,,0,70,,4606,10,,,0,30,,4597,10,,,0,70,,4607,10,,,0,30,,4599,10,,,0,81,,4614,26,0,11 12,0,19,,4600,10,,,0,73,,4612,10,,,0,27,,4608,10,,,0,70,,4609,10,,,0,30,,4610,10,,,0,70,,4611,10,,,0
501,'5503',853,,4620,8,,,0,70,,4631,8,,,0,30,,4622,10,,,0,70,,4632,10,,,0,30,,4623,10,,,0,70,,4628,10,,,0,30,,4619,10,,,0,70,,4629,10,,,0,30,,4624,10,,,0,70,,4630,10,,,0,30,,4615,10,,,0,70,,4633,10,,,0,30,,4616,10,,,0,70,,4634,10,,,0,30,,4617,10,,,0,70,,4625,10,,,0,30,,4618,10,,,0,70,,4626,10,,,0,30,,4621,10,,,0,70,,4627,10,,,0
501,'5504',1223,,4635,10,,,0,100,,4636,10,,,0,100,,4637,10,,,0,100,,4638,10,,,0
501,'5505',653,,4639,8,,,0,70,,4649,8,,,0,30,,4640,10,,,0,74,,4661,10,,,0,26,,4642,10,,,0,70,,4650,10,,,0,30,,4643,10,,,0,70,,4651,10,,,0,30,,4644,10,,,0,70,,4652,10,,,0,30,,4641,10,,,0,70,,4653,10,,,0,30,,4646,10,,,0,70,,4654,10,,,0,30,,4645,10,,,0,70,,4655,10,,,0,30,,4647,10,,,0,81,,4662,26,0,11 12,0,19,,4648,10,,,0,73,,4660,10,,,0,27,,4656,10,,,0,70,,4657,10,,,0,30,,4658,10,,,0,70,,4659,10,,,0
501,'5506',653,,4663,8,,,0,70,,4673,8,,,0,30,,4664,10,,,0,70,,4685,10,,,0,30,,4666,10,,,0,70,,4674,10,,,0,30,,4667,10,,,0,70,,4675,10,,,0,30,,4668,10,,,0,70,,4676,10,,,0,30,,4665,10,,,0,70,,4677,10,,,0,30,,4670,10,,,0,70,,4678,10,,,0,30,,4669,10,,,0,70,,4679,10,,,0,30,,4671,10,,,0,70,,4686,10,,,0,30,,4672,10,,,0,70,,4684,10,,,0,30,,4680,10,,,0,70,,4681,10,,,0,30,,4682,10,,,0,70,,4683,10,,,0
501,'5508',653,,4687,8,,,0,70,,4697,8,,,0,30,,4688,10,,,0,70,,4709,10,,,0,30,,4690,10,,,0,70,,4698,10,,,0,30,,4691,10,,,0,70,,4699,10,,,0,30,,4692,10,,,0,70,,4700,10,,,0,30,,4689,10,,,0,70,,4701,10,,,0,30,,4694,10,,,0,70,,4702,10,,,0,30,,4693,10,,,0,70,,4703,10,,,0,30,,4695,10,,,0,70,,4710,10,,,0,30,,4696,10,,,0,70,,4708,10,,,0,30,,4704,10,,,0,70,,4705,10,,,0,30,,4706,10,,,0,70,,4707,10,,,0
1001,'5475',751,,4730,24,,,0,165,,4731,24,,,0,434,,4732,24,,,0,402,,4733,24,,,0
1001,'5501',751,,4734,24,,,0,165,,4735,24,,,0,434,,4736,24,,,0,402,,4737,24,,,0
1001,'5503',916,,4738,24,,,0,434,,4739,24,,,0,402,,4740,24,,,0
1001,'5505',751,,4741,24,,,0,165,,4742,24,,,0,434,,4743,24,,,0,402,,4744,24,,,0
1001,'5506',751,,4745,24,,,0,165,,4746,24,,,0,434,,4747,24,,,0,402,,4748,24,,,0
1500,'5475',1902,,4773,23,0,14 15,0,124,,4776,23,0,13,0,123,,4778,23,0,13,0,85,,4780,23,0,13,0,180,,4783,23,0,13,0,124,,4781,23,0,13,0
1500,'5501',1902,,4785,23,0,14 15,0,124,,4788,23,0,13,0,123,,4790,23,0,13,0,85,,4792,23,0,13,0
1500,'5503',1902,,4793,23,0,13,0,124,,4795,23,0,13,0,123,,4797,23,0,13,0,85,,4799,23,0,13,0
1500,'5505',1902,,4800,23,0,14 15,0,124,,4803,23,0,13,0,123,,4805,23,0,13,0,85,,4807,23,0,13,0
1500,'5506',1902,,4808,23,0,14 15,0,124,,4811,23,0,13,0,123,,4813,23,0,13,0,85,,4815,23,0,13,0
1500,'5508',1902,,4816,23,0,14 15,0,124,,4819,23,0,13,0,123,,4821,23,0,13,0,85,,4823,23,0,13,0
1601,'5504',933,,4862,18,0,22 18,0,100,,4864,18,0,22 18,0,100,,4863,18,0,22 18,0,100,,4865,18,0,22 18,0,100,,4867,18,0,22 18,0,100,,4866,18,0,22 18,0,100,,4868,18,0,22 18,0,100,,4869,18,0,22 18,0,100,,4870,18,0,22 18,0
1000100,'5475',1927,,5055,47,,,0,30,,5066,47,,,0,70,,5064,47,,,0,30,,5065,47,,,0,70,,5061,47,,,0,30,,5063,47,,,0,70,,5062,47,,,0,30,,5060,47,,,0,170,,5057,47,,,0,30,,5059,47,,,0,70,,5056,47,,,0,30,,5058,47,,,0
