300,'5475',652,,4118,2,,,0,100,,4119,2,0,11 12,0,100,,4120,2,,,0,100,,4121,2,,,0,100,,4123,2,,,0,100,,4122,2,,,0,100,,4124,2,,,0,100,,4125,2,,,0,100,,4126,2,,,0,100,,4127,2,,,0,100,,4128,2,,,0,100,,4129,2,0,7 6,0
300,'5501',652,,4131,2,,,0,100,,4132,2,0,11 12,0,100,,4133,2,,,0,100,,4134,2,,,0,100,,4136,2,,,0,100,,4135,2,,,0,100,,4137,2,,,0,100,,4138,2,,,0,100,,4139,2,,,0,100,,4140,2,,,0,100,,4141,2,,,0,100,,4142,2,0,7 6,0
300,'5503',852,,4146,2,,,0,100,,4147,2,,,0,100,,4144,2,,,0,100,,4148,2,,,0,100,,4149,2,,,0,100,,4150,2,,,0,100,,4151,2,,,0,100,,4152,2,,,0,100,,4153,2,,,0,100,,4154,2,,,0
300,'5505',652,,4155,2,,,0,100,,4156,2,0,11 12,0,100,,4157,2,,,0,100,,4158,2,,,0,100,,4160,2,,,0,100,,4159,2,,,0,100,,4161,2,,,0,100,,4162,2,,,0,100,,4163,2,,,0,100,,4164,2,,,0,100,,4165,2,,,0,100,,4166,2,0,7 6,0
300,'5506',652,,4168,2,,,0,100,,4169,2,0,11 12,0,100,,4170,2,,,0,100,,4171,2,,,0,100,,4173,2,,,0,100,,4172,2,,,0,100,,4174,2,,,0,100,,4175,2,,,0,100,,4176,2,,,0,100,,4177,2,,,0,100,,4178,2,,,0,100,,4179,2,0,7 6,0
300,'5508',652,,4181,2,,,0,100,,4182,2,0,11 12,0,100,,4183,2,,,0,100,,4184,2,,,0,100,,4186,2,,,0,100,,4185,2,,,0,100,,4187,2,,,0,100,,4188,2,,,0,100,,4189,2,,,0,100,,4190,2,,,0,100,,4191,2,,,0,100,,4192,2,0,7 6,0
1600,'5504',952,,4855,2,,,0,100,,4854,2,,,0,100,,4853,2,,,0,100,,4856,2,,,0,100,,4857,2,,,0,100,,4858,2,,,0,100,,4859,2,,,0,100,,4860,2,,,0,100,,4861,2,,,0
4000,'5475',820,,4992,7,4,,0,516,,4991,7,4,,0
4000,'5501',820,,4994,7,4,,0,516,,4993,7,4,,0
4000,'5505',820,,4996,7,4,,0,115,,4997,7,4,,0,401,,4995,7,4,,0
4000,'5506',820,,4999,7,4,,0,516,,4998,7,4,,0
1000100,'5475',1906,,5055,12,,,0,30,,5066,12,,,0,70,,5064,12,,,0,30,,5065,12,,,0,70,,5061,12,,,0,30,,5063,12,,,0,70,,5062,12,,,0,30,,5060,12,,,0,170,,5057,12,,,0,30,,5059,12,,,0,70,,5056,12,,,0,30,,5058,12,,,0
