4000,'5475',714,,3341,1,,,0,516,,3340,1,,,0
4000,'5501',714,,3343,1,,,0,516,,3342,1,,,0
4000,'5505',714,,3345,1,,,0,115,,3346,1,,,0,401,,3344,1,,,0
4000,'5506',714,,3348,1,,,0,516,,3347,1,,,0
4001,'5475',1117,,3349,26,4,,0,604,,3350,26,4,,0
4001,'5501',1117,,3351,26,4,,0,604,,3352,26,4,,0
4001,'5505',1117,,3353,26,4,,0,315,,3355,11,4,,0,289,,3354,26,4,,0
4001,'5506',1117,,3356,26,4,,0,604,,3357,26,4,,0
4100,'5475',714,,3359,8,4,,0,516,,3358,8,4,,0
4100,'5501',714,,3361,8,4,,0,516,,3360,8,4,,0
4100,'5505',714,,3363,8,4,,0,516,,3362,8,4,,0
4100,'5506',714,,3365,8,4,,0,516,,3364,8,4,,0
