400,'5475',716,,4270,19,,,0,100,,4275,19,,,0,100,,4276,19,,,0,100,,4277,19,,,0,100,,4279,19,,,0,100,,4280,19,,,0,100,,4281,19,,,0,100,,4282,19,,,0,100,,4278,19,,,0,100,,4273,19,,,0,100,,4274,19,,,0,110,,4271,4,,,0
400,'5501',716,,4283,19,,,0,100,,4288,19,,,0,100,,4289,19,,,0,100,,4290,19,,,0,100,,4292,19,,,0,100,,4293,19,,,0,100,,4294,19,,,0,100,,4295,19,,,0,100,,4291,19,,,0,100,,4286,19,,,0,100,,4287,19,,,0,110,,4284,4,,,0
400,'5503',816,,4299,19,,,0,100,,4302,19,,,0,100,,4296,19,,,0,100,,4297,19,,,0,100,,4300,19,,,0,100,,4301,19,,,0,100,,4298,19,,,0,100,,4303,19,,,0,100,,4304,19,,,0,100,,4305,19,,,0,110,,4307,4,,,0
400,'5505',716,,4308,19,,,0,100,,4313,19,,,0,100,,4314,19,,,0,100,,4315,19,,,0,100,,4317,19,,,0,100,,4318,19,,,0,100,,4319,19,,,0,100,,4320,19,,,0,100,,4316,19,,,0,100,,4311,19,,,0,100,,4312,19,,,0,110,,4309,4,,,0
400,'5506',716,,4321,19,,,0,100,,4326,19,,,0,100,,4327,19,,,0,100,,4328,19,,,0,100,,4330,19,,,0,100,,4331,19,,,0,100,,4332,19,,,0,100,,4333,19,,,0,100,,4329,19,,,0,100,,4324,19,,,0,100,,4325,19,,,0,110,,4322,4,,,0
400,'5508',716,,4334,19,,,0,100,,4339,19,,,0,100,,4340,19,,,0,100,,4341,19,,,0,100,,4343,19,,,0,100,,4344,19,,,0,100,,4345,19,,,0,100,,4346,19,,,0,100,,4342,19,,,0,100,,4337,19,,,0,100,,4338,19,,,0,110,,4335,4,,,0
1100,'5475',958,,4749,12,,,0,348,,4750,12,,,0
1100,'5501',958,,4752,12,,,0,348,,4753,12,,,0
1100,'5505',958,,4755,12,,,0,348,,4756,12,,,0
1100,'5506',958,,4758,12,,,0,348,,4759,12,,,0
