100,'5475',647,,2169,37,,,0,100,,2170,37,,,0,100,,2171,29,,,0,100,,2172,37,,,0,100,,2173,37,,,0,100,,2174,37,,,0,100,,2175,37,,,0,100,,2176,37,,,0,100,,2177,37,,,0,100,,2178,37,,,0,100,,2179,37,,,0,100,,2180,37,,,0
100,'5501',647,,2182,37,,,0,100,,2183,37,,,0,100,,2184,29,,,0,100,,2185,37,,,0,100,,2186,37,,,0,100,,2187,37,,,0,100,,2188,37,,,0,100,,2189,37,,,0,100,,2190,37,,,0,100,,2191,37,,,0,100,,2192,37,,,0,100,,2193,37,,,0
100,'5503',847,,2195,29,,,0,100,,2197,37,,,0,100,,2201,37,,,0,100,,2205,37,,,0,100,,2198,37,,,0,100,,2196,37,,,0,100,,2202,37,,,0,100,,2200,37,,,0,100,,2199,37,,,0,100,,2204,37,,,0
100,'5505',647,,2206,37,,,0,100,,2207,37,,,0,100,,2208,29,,,0,100,,2209,37,,,0,100,,2210,37,,,0,100,,2211,37,,,0,100,,2212,37,,,0,100,,2213,37,,,0,100,,2214,37,,,0,100,,2215,37,,,0,100,,2216,37,,,0,100,,2217,37,,,0
100,'5506',647,,2219,37,,,0,100,,2220,37,,,0,100,,2221,29,,,0,100,,2222,37,,,0,100,,2223,37,,,0,100,,2224,37,,,0,100,,2225,37,,,0,100,,2226,37,,,0,100,,2227,37,,,0,100,,2228,37,,,0,100,,2229,37,,,0,100,,2230,37,,,0
100,'5508',647,,2232,37,,,0,100,,2233,37,,,0,100,,2234,29,,,0,100,,2235,37,,,0,100,,2236,37,,,0,100,,2237,37,,,0,100,,2238,37,,,0,100,,2239,37,,,0,100,,2240,37,,,0,100,,2241,37,,,0,100,,2242,37,,,0,100,,2243,37,,,0
1600,'5504',915,,3201,27,0,16 18,0,100,,3204,33,,,0,100,,3203,33,,,0,100,,3202,33,,,0,100,,3205,33,,,0,100,,3206,33,,,0,100,,3207,33,,,0,100,,3208,33,,,0,100,,3209,33,,,0
3000,'5475',816,,3281,21,,,0,310,,3280,21,,,0,185,,3284,21,,,0,295,,3282,21,,,0,131,,3283,21,,,0
3000,'5501',816,,3286,21,,,0,310,,3285,21,,,0,185,,3289,21,,,0,295,,3287,21,,,0,131,,3288,21,,,0
3000,'5503',916,,3290,21,,,0,210,,3291,21,,,0,185,,3293,21,,,0,295,,3292,21,,,0,131,,3294,21,,,0
3000,'5505',816,,3296,21,,,0,310,,3295,21,,,0,185,,3299,21,,,0,295,,3297,21,,,0,131,,3298,21,,,0
3000,'5506',816,,3301,21,,,0,310,,3300,21,,,0,185,,3304,21,,,0,295,,3302,21,,,0,131,,3303,21,,,0
3000,'5508',816,,3306,21,,,0,310,,3305,21,,,0,185,,3309,21,,,0,295,,3307,21,,,0,131,,3308,21,,,0
7000,'5475',616,,3372,40,,,0,305,,3373,23,,,0,324,,3374,23,,,0,300,,3375,23,,,0
7000,'5501',616,,3376,40,,,0,305,,3377,23,,,0,324,,3378,23,,,0,300,,3379,23,,,0
7000,'5505',616,,3380,40,,,0,305,,3381,23,,,0,324,,3382,23,,,0,300,,3383,23,,,0
7000,'5506',616,,3384,40,,,0,305,,3385,23,,,0,324,,3386,23,,,0,300,,3387,23,,,0
