100,'5475',637,,3820,24,,,0,100,,3821,24,,,0,100,,3822,16,,,0,100,,3823,24,,,0,100,,3824,24,,,0,100,,3825,24,,,0,100,,3826,24,,,0,100,,3827,24,,,0,100,,3828,24,,,0,100,,3829,24,,,0,100,,3830,24,,,0,100,,3831,24,,,0
100,'5501',637,,3833,24,,,0,100,,3834,24,,,0,100,,3835,16,,,0,100,,3836,24,,,0,100,,3837,24,,,0,100,,3838,24,,,0,100,,3839,24,,,0,100,,3840,24,,,0,100,,3841,24,,,0,100,,3842,24,,,0,100,,3843,24,,,0,100,,3844,24,,,0
100,'5503',837,,3846,16,,,0,100,,3848,24,,,0,100,,3852,24,,,0,100,,3856,24,,,0,100,,3849,24,,,0,100,,3847,24,,,0,100,,3853,24,,,0,100,,3851,24,,,0,100,,3850,24,,,0,100,,3855,24,,,0
100,'5505',637,,3857,24,,,0,100,,3858,24,,,0,100,,3859,16,,,0,100,,3860,24,,,0,100,,3861,24,,,0,100,,3862,24,,,0,100,,3863,24,,,0,100,,3864,24,,,0,100,,3865,24,,,0,100,,3866,24,,,0,100,,3867,24,,,0,100,,3868,24,,,0
100,'5506',637,,3870,24,,,0,100,,3871,24,,,0,100,,3872,16,,,0,100,,3873,24,,,0,100,,3874,24,,,0,100,,3875,24,,,0,100,,3876,24,,,0,100,,3877,24,,,0,100,,3878,24,,,0,100,,3879,24,,,0,100,,3880,24,,,0,100,,3881,24,,,0
100,'5508',637,,3883,24,,,0,100,,3884,24,,,0,100,,3885,16,,,0,100,,3886,24,,,0,100,,3887,24,,,0,100,,3888,24,,,0,100,,3889,24,,,0,100,,3890,24,,,0,100,,3891,24,,,0,100,,3892,24,,,0,100,,3893,24,,,0,100,,3894,24,,,0
300,'5475',706,,4118,18,,,0,109,,4119,32,0,11 12,0,91,,4120,18,,,0,100,,4121,18,,,0,100,,4123,18,,,0,100,,4122,18,,,0,100,,4124,18,,,0,100,,4125,18,,,0,100,,4126,18,,,0,100,,4127,18,,,0,100,,4128,18,,,0,100,,4129,18,0,7 6,0
300,'5501',706,,4131,18,,,0,109,,4132,32,0,11 12,0,91,,4133,18,,,0,100,,4134,18,,,0,100,,4136,18,,,0,100,,4135,18,,,0,100,,4137,18,,,0,100,,4138,18,,,0,100,,4139,18,,,0,100,,4140,18,,,0,100,,4141,18,,,0,100,,4142,18,0,7 6,0
300,'5503',815,,4145,26,0,11 12,0,91,,4146,18,,,0,100,,4147,18,,,0,100,,4144,18,,,0,100,,4148,18,,,0,100,,4149,18,,,0,100,,4150,18,,,0,100,,4151,18,,,0,100,,4152,18,,,0,100,,4153,18,,,0,100,,4154,18,,,0
300,'5505',706,,4155,18,,,0,109,,4156,32,0,11 12,0,91,,4157,18,,,0,100,,4158,18,,,0,100,,4160,18,,,0,100,,4159,18,,,0,100,,4161,18,,,0,100,,4162,18,,,0,100,,4163,18,,,0,100,,4164,18,,,0,100,,4165,18,,,0,100,,4166,18,0,7 6,0
300,'5506',706,,4168,18,,,0,109,,4169,32,0,11 12,0,91,,4170,18,,,0,100,,4171,18,,,0,100,,4173,18,,,0,100,,4172,18,,,0,100,,4174,18,,,0,100,,4175,18,,,0,100,,4176,18,,,0,100,,4177,18,,,0,100,,4178,18,,,0,100,,4179,18,0,7 6,0
300,'5508',706,,4181,18,,,0,109,,4182,32,0,11 12,0,91,,4183,18,,,0,100,,4184,18,,,0,100,,4186,18,,,0,100,,4185,18,,,0,100,,4187,18,,,0,100,,4188,18,,,0,100,,4189,18,,,0,100,,4190,18,,,0,100,,4191,18,,,0,100,,4192,18,0,7 6,0
1501,'5475',1936,,4824,34,0,7,0,164,,4826,34,0,7,0,348,,4831,34,0,7,0,164,,4829,34,0,7,0
1501,'5501',1936,,4832,34,0,7,0,164,,4834,34,0,7,0
1501,'5503',1936,,4837,34,0,7,0,164,,4838,34,0,7,0
1501,'5505',1936,,4840,34,0,7,0,164,,4842,34,0,7,0
1501,'5506',1936,,4844,34,0,7,0,164,,4846,34,0,7,0
1501,'5508',1936,,4848,34,0,7,0,164,,4850,34,0,7,0
1600,'5504',908,,4852,14,0,16 18,0,100,,4855,20,,,0,100,,4854,20,,,0,100,,4853,20,,,0,100,,4856,20,,,0,100,,4857,20,,,0,100,,4858,20,,,0,100,,4859,20,,,0,100,,4860,20,,,0
7000,'5475',609,,5023,27,,,0,305,,5024,10,,,0,324,,5025,10,,,0,300,,5026,10,,,0
7000,'5501',609,,5027,27,,,0,305,,5028,10,,,0,324,,5029,10,,,0,300,,5030,10,,,0
7000,'5505',609,,5031,27,,,0,305,,5032,10,,,0,324,,5033,10,,,0,300,,5034,10,,,0
7000,'5506',609,,5035,27,,,0,305,,5036,10,,,0,324,,5037,10,,,0,300,,5038,10,,,0
