100,'5475',632,,3820,17,,,0,100,,3821,17,,,0,100,,3822,9,,,0,100,,3823,17,,,0,100,,3824,17,,,0,100,,3825,17,,,0,100,,3826,17,,,0,100,,3827,17,,,0,100,,3828,17,,,0,100,,3829,17,,,0,100,,3830,17,,,0,100,,3831,17,,,0,97,,3832,17,0,5 6,0
100,'5501',632,,3833,17,,,0,100,,3834,17,,,0,100,,3835,9,,,0,100,,3836,17,,,0,100,,3837,17,,,0,100,,3838,17,,,0,100,,3839,17,,,0,100,,3840,17,,,0,100,,3841,17,,,0,100,,3842,17,,,0,100,,3843,17,,,0,100,,3844,17,,,0,97,,3845,17,0,5 6,0
100,'5503',832,,3846,9,,,0,100,,3848,17,,,0,100,,3852,17,,,0,100,,3856,17,,,0,100,,3849,17,,,0,100,,3847,17,,,0,100,,3853,17,,,0,100,,3851,17,,,0,100,,3850,17,,,0,100,,3855,17,,,0,97,,3854,17,0,5 6,0
100,'5505',632,,3857,17,,,0,100,,3858,17,,,0,100,,3859,9,,,0,100,,3860,17,,,0,100,,3861,17,,,0,100,,3862,17,,,0,100,,3863,17,,,0,100,,3864,17,,,0,100,,3865,17,,,0,100,,3866,17,,,0,100,,3867,17,,,0,100,,3868,17,,,0,97,,3869,17,0,5 6,0
100,'5506',632,,3870,17,,,0,100,,3871,17,,,0,100,,3872,9,,,0,100,,3873,17,,,0,100,,3874,17,,,0,100,,3875,17,,,0,100,,3876,17,,,0,100,,3877,17,,,0,100,,3878,17,,,0,100,,3879,17,,,0,100,,3880,17,,,0,100,,3881,17,,,0,97,,3882,17,0,5 6,0
100,'5508',632,,3883,17,,,0,100,,3884,17,,,0,100,,3885,9,,,0,100,,3886,17,,,0,100,,3887,17,,,0,100,,3888,17,,,0,100,,3889,17,,,0,100,,3890,17,,,0,100,,3891,17,,,0,100,,3892,17,,,0,100,,3893,17,,,0,100,,3894,17,,,0,97,,3895,17,0,5 6,0
300,'5475',702,,4118,11,,,0,100,,4119,11,0,11 12,0,100,,4120,11,,,0,100,,4121,11,,,0,100,,4123,11,,,0,100,,4122,11,,,0,100,,4124,11,,,0,100,,4125,11,,,0,100,,4126,11,,,0,100,,4127,11,,,0,100,,4128,11,,,0,100,,4129,11,0,7 6,0
300,'5501',702,,4131,11,,,0,100,,4132,11,0,11 12,0,100,,4133,11,,,0,100,,4134,11,,,0,100,,4136,11,,,0,100,,4135,11,,,0,100,,4137,11,,,0,100,,4138,11,,,0,100,,4139,11,,,0,100,,4140,11,,,0,100,,4141,11,,,0,100,,4142,11,0,7 6,0
300,'5503',802,,4145,5,0,11 12,0,100,,4146,11,,,0,100,,4147,11,,,0,100,,4144,11,,,0,100,,4148,11,,,0,100,,4149,11,,,0,100,,4150,11,,,0,100,,4151,11,,,0,100,,4152,11,,,0,100,,4153,11,,,0,100,,4154,11,,,0
300,'5505',702,,4155,11,,,0,100,,4156,11,0,11 12,0,100,,4157,11,,,0,100,,4158,11,,,0,100,,4160,11,,,0,100,,4159,11,,,0,100,,4161,11,,,0,100,,4162,11,,,0,100,,4163,11,,,0,100,,4164,11,,,0,100,,4165,11,,,0,100,,4166,11,0,7 6,0
300,'5506',702,,4168,11,,,0,100,,4169,11,0,11 12,0,100,,4170,11,,,0,100,,4171,11,,,0,100,,4173,11,,,0,100,,4172,11,,,0,100,,4174,11,,,0,100,,4175,11,,,0,100,,4176,11,,,0,100,,4177,11,,,0,100,,4178,11,,,0,100,,4179,11,0,7 6,0
300,'5508',702,,4181,11,,,0,100,,4182,11,0,11 12,0,100,,4183,11,,,0,100,,4184,11,,,0,100,,4186,11,,,0,100,,4185,11,,,0,100,,4187,11,,,0,100,,4188,11,,,0,100,,4189,11,,,0,100,,4190,11,,,0,100,,4191,11,,,0,100,,4192,11,0,7 6,0
3000,'5475',807,,4932,5,,,0,310,,4931,5,,,0,185,,4935,5,,,0,255,,4933,5,,,0,171,,4934,5,,,0
3000,'5501',807,,4937,5,,,0,310,,4936,5,,,0,185,,4940,5,,,0,255,,4938,5,,,0,171,,4939,5,,,0
3000,'5503',907,,4941,5,,,0,210,,4942,5,,,0,185,,4944,5,,,0,255,,4943,5,,,0,171,,4945,5,,,0
3000,'5505',807,,4947,5,,,0,310,,4946,5,,,0,185,,4950,5,,,0,255,,4948,5,,,0,171,,4949,5,,,0
3000,'5506',807,,4952,5,,,0,310,,4951,5,,,0,185,,4955,5,,,0,255,,4953,5,,,0,171,,4954,5,,,0
3000,'5508',807,,4957,5,,,0,310,,4956,5,,,0,185,,4960,5,,,0,255,,4958,5,,,0,171,,4959,5,,,0
4000,'5475',827,,4992,15,4,,0,516,,4991,15,4,,0
4000,'5501',827,,4994,15,4,,0,516,,4993,15,4,,0
4000,'5505',827,,4996,15,4,,0,516,,4995,15,4,,0
4000,'5506',827,,4999,15,4,,0,516,,4998,15,4,,0
