3000,'5475',830,,3281,22,,,0,314,,3280,24,,,0,181,,3284,22,,,0,295,,3282,22,,,0,134,,3283,24,,,0
3000,'5501',830,,3286,22,,,0,314,,3285,24,,,0,181,,3289,22,,,0,295,,3287,22,,,0,134,,3288,24,,,0
3000,'5503',930,,3290,22,,,0,214,,3291,24,,,0,181,,3293,22,,,0,295,,3292,22,,,0,134,,3294,24,,,0
3000,'5505',830,,3296,22,,,0,314,,3295,24,,,0,181,,3299,22,,,0,295,,3297,22,,,0,134,,3298,24,,,0
3000,'5506',830,,3301,22,,,0,314,,3300,24,,,0,181,,3304,22,,,0,295,,3302,22,,,0,134,,3303,24,,,0
3000,'5508',830,,3306,22,,,0,314,,3305,24,,,0,181,,3309,22,,,0,295,,3307,22,,,0,134,,3308,24,,,0
7000,'5475',632,,3372,41,,,0,304,,3373,24,,,0,364,,3374,24,,,0,300,,3375,24,,,0
7000,'5501',632,,3376,41,,,0,304,,3377,24,,,0,364,,3378,24,,,0,300,,3379,24,,,0
7000,'5505',632,,3380,41,,,0,304,,3381,24,,,0,364,,3382,24,,,0,300,,3383,24,,,0
7000,'5506',632,,3384,41,,,0,304,,3385,24,,,0,364,,3386,24,,,0,300,,3387,24,,,0
