100,'5475',642,,3820,27,,,0,100,,3821,27,,,0,100,,3822,19,,,0,100,,3823,27,,,0,100,,3824,27,,,0,100,,3825,27,,,0,100,,3826,27,,,0,100,,3827,27,,,0,100,,3828,27,,,0,100,,3829,27,,,0,100,,3830,27,,,0,100,,3831,27,,,0
100,'5501',642,,3833,27,,,0,100,,3834,27,,,0,100,,3835,19,,,0,100,,3836,27,,,0,100,,3837,27,,,0,100,,3838,27,,,0,100,,3839,27,,,0,100,,3840,27,,,0,100,,3841,27,,,0,100,,3842,27,,,0,100,,3843,27,,,0,100,,3844,27,,,0
100,'5503',842,,3846,19,,,0,100,,3848,27,,,0,100,,3852,27,,,0,100,,3856,27,,,0,100,,3849,27,,,0,100,,3847,27,,,0,100,,3853,27,,,0,100,,3851,27,,,0,100,,3850,27,,,0,100,,3855,27,,,0
100,'5505',642,,3857,27,,,0,100,,3858,27,,,0,100,,3859,19,,,0,100,,3860,27,,,0,100,,3861,27,,,0,100,,3862,27,,,0,100,,3863,27,,,0,100,,3864,27,,,0,100,,3865,27,,,0,100,,3866,27,,,0,100,,3867,27,,,0,100,,3868,27,,,0
100,'5506',642,,3870,27,,,0,100,,3871,27,,,0,100,,3872,19,,,0,100,,3873,27,,,0,100,,3874,27,,,0,100,,3875,27,,,0,100,,3876,27,,,0,100,,3877,27,,,0,100,,3878,27,,,0,100,,3879,27,,,0,100,,3880,27,,,0,100,,3881,27,,,0
100,'5508',642,,3883,27,,,0,100,,3884,27,,,0,100,,3885,19,,,0,100,,3886,27,,,0,100,,3887,27,,,0,100,,3888,27,,,0,100,,3889,27,,,0,100,,3890,27,,,0,100,,3891,27,,,0,100,,3892,27,,,0,100,,3893,27,,,0,100,,3894,27,,,0
300,'5475',709,,4118,21,,,0,200,,4120,21,,,0,100,,4121,21,,,0,100,,4123,21,,,0,100,,4122,21,,,0,100,,4124,21,,,0,100,,4125,21,,,0,100,,4126,21,,,0,100,,4127,21,,,0,100,,4128,21,,,0,100,,4129,21,0,7 6,0
300,'5501',709,,4131,21,,,0,200,,4133,21,,,0,100,,4134,21,,,0,100,,4136,21,,,0,100,,4135,21,,,0,100,,4137,21,,,0,100,,4138,21,,,0,100,,4139,21,,,0,100,,4140,21,,,0,100,,4141,21,,,0,100,,4142,21,0,7 6,0
300,'5503',909,,4146,21,,,0,100,,4147,21,,,0,100,,4144,21,,,0,100,,4148,21,,,0,100,,4149,21,,,0,100,,4150,21,,,0,100,,4151,21,,,0,100,,4152,21,,,0,100,,4153,21,,,0,100,,4154,21,,,0
300,'5505',709,,4155,21,,,0,200,,4157,21,,,0,100,,4158,21,,,0,100,,4160,21,,,0,100,,4159,21,,,0,100,,4161,21,,,0,100,,4162,21,,,0,100,,4163,21,,,0,100,,4164,21,,,0,100,,4165,21,,,0,100,,4166,21,0,7 6,0
300,'5506',709,,4168,21,,,0,200,,4170,21,,,0,100,,4171,21,,,0,100,,4173,21,,,0,100,,4172,21,,,0,100,,4174,21,,,0,100,,4175,21,,,0,100,,4176,21,,,0,100,,4177,21,,,0,100,,4178,21,,,0,100,,4179,21,0,7 6,0
300,'5508',709,,4181,21,,,0,200,,4183,21,,,0,100,,4184,21,,,0,100,,4186,21,,,0,100,,4185,21,,,0,100,,4187,21,,,0,100,,4188,21,,,0,100,,4189,21,,,0,100,,4190,21,,,0,100,,4191,21,,,0,100,,4192,21,0,7 6,0
1501,'5475',1938,,4824,37,0,7,0,164,,4826,37,0,7,0,348,,4831,37,0,7,0,164,,4829,37,0,7,0
1501,'5501',1938,,4832,37,0,7,0,164,,4834,37,0,7,0
1501,'5503',1938,,4837,37,0,7,0,164,,4838,37,0,7,0
1501,'5505',1938,,4840,37,0,7,0,164,,4842,37,0,7,0
1501,'5506',1938,,4844,37,0,7,0,164,,4846,37,0,7,0
1501,'5508',1938,,4848,37,0,7,0,164,,4850,37,0,7,0
1600,'5504',910,,4852,17,0,16 18,0,100,,4855,23,,,0,100,,4854,23,,,0,100,,4853,23,,,0,100,,4856,23,,,0,100,,4857,23,,,0,100,,4858,23,,,0,100,,4859,23,,,0,100,,4860,23,,,0
7000,'5475',611,,5023,30,,,0,305,,5024,13,,,0,324,,5025,13,,,0,300,,5026,13,,,0
7000,'5501',611,,5027,30,,,0,305,,5028,13,,,0,324,,5029,13,,,0,300,,5030,13,,,0
7000,'5505',611,,5031,30,,,0,305,,5032,13,,,0,324,,5033,13,,,0,300,,5034,13,,,0
7000,'5506',611,,5035,30,,,0,305,,5036,13,,,0,324,,5037,13,,,0,300,,5038,13,,,0
