3000,'5475',838,,3281,25,,,0,314,,3280,27,,,0,181,,3284,25,,,0,295,,3282,25,,,0,174,,3283,27,,,0
3000,'5501',838,,3286,25,,,0,314,,3285,27,,,0,181,,3289,25,,,0,295,,3287,25,,,0,174,,3288,27,,,0
3000,'5503',938,,3290,25,,,0,214,,3291,27,,,0,181,,3293,25,,,0,295,,3292,25,,,0,174,,3294,27,,,0
3000,'5505',838,,3296,25,,,0,314,,3295,27,,,0,181,,3299,25,,,0,295,,3297,25,,,0,174,,3298,27,,,0
3000,'5506',838,,3301,25,,,0,314,,3300,27,,,0,181,,3304,25,,,0,295,,3302,25,,,0,174,,3303,27,,,0
3000,'5508',838,,3306,25,,,0,314,,3305,27,,,0,181,,3309,25,,,0,295,,3307,25,,,0,174,,3308,27,,,0
3001,'5475',716,,3310,2,,,0,315,,3311,2,,,0,185,,3314,2,,,0,290,,3312,2,,,0,135,,3313,2,,,0
3001,'5501',716,,3315,2,,,0,315,,3316,2,,,0,185,,3319,2,,,0,290,,3317,2,,,0,135,,3318,2,,,0
3001,'5503',816,,3320,2,,,0,215,,3321,2,,,0,185,,3322,2,,,0,290,,3323,2,,,0,135,,3324,2,,,0
3001,'5505',716,,3325,2,,,0,315,,3326,2,,,0,185,,3329,2,,,0,290,,3327,2,,,0,135,,3328,2,,,0
3001,'5506',716,,3330,2,,,0,315,,3331,2,,,0,185,,3334,2,,,0,290,,3332,2,,,0,135,,3333,2,,,0
3001,'5508',716,,3335,2,,,0,315,,3336,2,,,0,185,,3339,2,,,0,290,,3337,2,,,0,135,,3338,2,,,0
