200,'5475',647,,2321,24,,,0,100,,2322,24,,,0,100,,2323,24,,,0,100,,2324,24,,,0,100,,2325,24,,,0,100,,2326,24,,,0,100,,2327,24,,,0,100,,2328,24,,,0,100,,2329,24,,,0,100,,2330,24,,,0,100,,2331,24,,,0,100,,2332,24,,,0
200,'5501',647,,2333,24,,,0,100,,2334,24,,,0,100,,2335,24,,,0,100,,2336,24,,,0,100,,2337,24,,,0,100,,2338,24,,,0,100,,2339,24,,,0,100,,2340,24,,,0,100,,2341,24,,,0,100,,2342,24,,,0,100,,2343,24,,,0,100,,2344,24,,,0
200,'5503',847,,2345,24,,,0,100,,2346,24,,,0,100,,2347,24,,,0,100,,2348,24,,,0,100,,2349,24,,,0,100,,2350,24,,,0,100,,2351,24,,,0,100,,2352,24,,,0,100,,2353,24,,,0,100,,2354,24,,,0
200,'5505',647,,2355,24,,,0,100,,2356,24,,,0,100,,2357,24,,,0,100,,2358,24,,,0,100,,2359,24,,,0,100,,2360,24,,,0,100,,2361,24,,,0,100,,2362,24,,,0,100,,2363,24,,,0,100,,2364,24,,,0,100,,2365,24,,,0,100,,2366,24,,,0
200,'5506',647,,2367,24,,,0,100,,2368,24,,,0,100,,2369,24,,,0,100,,2370,24,,,0,100,,2371,24,,,0,100,,2372,24,,,0,100,,2373,24,,,0,100,,2374,24,,,0,100,,2375,24,,,0,100,,2376,24,,,0,100,,2377,24,,,0,100,,2378,24,,,0
200,'5508',647,,2379,24,,,0,100,,2380,24,,,0,100,,2381,24,,,0,100,,2382,24,,,0,100,,2383,24,,,0,100,,2384,24,,,0,100,,2385,24,,,0,100,,2386,24,,,0,100,,2387,24,,,0,100,,2388,24,,,0,100,,2389,24,,,0,100,,2390,24,,,0
400,'5475',718,,2619,24,,,0,100,,2624,24,,,0,100,,2625,24,,,0,100,,2626,24,,,0,100,,2628,24,,,0,100,,2629,24,,,0,100,,2630,24,,,0,100,,2631,24,,,0,100,,2627,24,,,0,100,,2622,24,,,0,100,,2623,24,,,0,110,,2620,9,,,0
400,'5501',718,,2632,24,,,0,100,,2637,24,,,0,100,,2638,24,,,0,100,,2639,24,,,0,100,,2641,24,,,0,100,,2642,24,,,0,100,,2643,24,,,0,100,,2644,24,,,0,100,,2640,24,,,0,100,,2635,24,,,0,100,,2636,24,,,0,110,,2633,9,,,0
400,'5503',818,,2648,24,,,0,100,,2651,24,,,0,100,,2645,24,,,0,100,,2646,24,,,0,100,,2649,24,,,0,100,,2650,24,,,0,100,,2647,24,,,0,100,,2652,24,,,0,100,,2653,24,,,0,100,,2654,24,,,0,110,,2656,9,,,0
400,'5505',718,,2657,24,,,0,100,,2662,24,,,0,100,,2663,24,,,0,100,,2664,24,,,0,100,,2666,24,,,0,100,,2667,24,,,0,100,,2668,24,,,0,100,,2669,24,,,0,100,,2665,24,,,0,100,,2660,24,,,0,100,,2661,24,,,0,110,,2658,9,,,0
400,'5506',718,,2670,24,,,0,100,,2675,24,,,0,100,,2676,24,,,0,100,,2677,24,,,0,100,,2679,24,,,0,100,,2680,24,,,0,100,,2681,24,,,0,100,,2682,24,,,0,100,,2678,24,,,0,100,,2673,24,,,0,100,,2674,24,,,0,110,,2671,9,,,0
400,'5508',718,,2683,24,,,0,100,,2688,24,,,0,100,,2689,24,,,0,100,,2690,24,,,0,100,,2692,24,,,0,100,,2693,24,,,0,100,,2694,24,,,0,100,,2695,24,,,0,100,,2691,24,,,0,100,,2686,24,,,0,100,,2687,24,,,0,110,,2684,9,,,0
500,'5501',802,,2818,17,0,11 12,0
500,'5505',802,,2866,17,0,11 12,0
501,'5501',1519,,2963,9,0,11 12,0
501,'5505',1519,,3011,9,0,11 12,0
1501,'5475',1928,,3173,19,0,7,0,124,,3175,19,0,7,0,388,,3180,19,0,7,0,164,,3178,19,0,7,0
1501,'5501',1928,,3181,19,0,7,0,124,,3183,19,0,7,0
1501,'5503',1928,,3186,19,0,7,0,124,,3187,19,0,7,0
1501,'5505',1928,,3189,19,0,7,0,124,,3191,19,0,7,0
1501,'5506',1928,,3193,19,0,7,0,124,,3195,19,0,7,0
1501,'5508',1928,,3197,19,0,7,0,124,,3199,19,0,7,0
1600,'5504',903,,3201,6,0,16 18,0,100,,3204,12,,,0,100,,3203,12,,,0,100,,3202,12,,,0,100,,3205,12,,,0,100,,3206,12,,,0,100,,3207,12,,,0,100,,3208,12,,,0,100,,3209,12,,,0
3001,'5475',752,,3310,17,,,0,350,,3311,15,,,0,145,,3314,15,,,0,295,,3312,17,,,0,170,,3313,15,,,0
3001,'5501',752,,3315,17,,,0,350,,3316,15,,,0,145,,3319,15,,,0,295,,3317,17,,,0,170,,3318,15,,,0
3001,'5503',852,,3320,17,,,0,250,,3321,15,,,0,145,,3322,15,,,0,295,,3323,17,,,0,170,,3324,15,,,0
3001,'5505',752,,3325,17,,,0,350,,3326,15,,,0,145,,3329,15,,,0,295,,3327,17,,,0,170,,3328,15,,,0
3001,'5506',752,,3330,17,,,0,350,,3331,15,,,0,145,,3334,15,,,0,295,,3332,17,,,0,170,,3333,15,,,0
3001,'5508',752,,3335,17,,,0,350,,3336,15,,,0,145,,3339,15,,,0,295,,3337,17,,,0,170,,3338,15,,,0
4001,'5475',952,,3349,10,,,0,604,,3350,10,,,0
4001,'5501',952,,3351,10,,,0,604,,3352,10,,,0
4001,'5505',952,,3353,10,,,0,604,,3354,10,,,0
4001,'5506',952,,3356,10,,,0,604,,3357,10,,,0
7000,'5475',606,,3372,22,,,0,305,,3373,5,,,0,324,,3374,5,,,0,300,,3375,5,,,0
7000,'5501',606,,3376,22,,,0,305,,3377,5,,,0,324,,3378,5,,,0,300,,3379,5,,,0
7000,'5505',606,,3380,22,,,0,305,,3381,5,,,0,324,,3382,5,,,0,300,,3383,5,,,0
7000,'5506',606,,3384,22,,,0,305,,3385,5,,,0,324,,3386,5,,,0,300,,3387,5,,,0
