101,'5475',655,,2246,8,,,0,100,,2247,8,,,0,100,,2248,8,,,0,100,,2249,8,,,0,100,,2251,8,,,0,100,,2250,8,,,0,100,,2253,8,,,0,100,,2252,8,,,0,100,,2254,8,,,0,100,,2255,8,,,0,100,,2256,8,,,0,100,,2257,8,,,0
101,'5501',655,,2259,8,,,0,100,,2260,8,,,0,100,,2261,8,,,0,100,,2262,8,,,0,100,,2264,8,,,0,100,,2263,8,,,0,100,,2266,8,,,0,100,,2265,8,,,0,100,,2267,8,,,0,100,,2268,8,,,0,100,,2269,8,,,0,100,,2270,8,,,0
101,'5503',855,,2275,8,,,0,100,,2277,8,,,0,100,,2271,8,,,0,100,,2273,8,,,0,100,,2276,8,,,0,100,,2274,8,,,0,100,,2278,8,,,0,100,,2272,8,,,0,100,,2279,8,,,0,100,,2280,8,,,0
101,'5505',655,,2283,8,,,0,100,,2284,8,,,0,100,,2285,8,,,0,100,,2286,8,,,0,100,,2288,8,,,0,100,,2287,8,,,0,100,,2290,8,,,0,100,,2289,8,,,0,100,,2291,8,,,0,100,,2292,8,,,0,100,,2293,8,,,0,100,,2294,8,,,0
101,'5506',655,,2296,8,,,0,100,,2297,8,,,0,100,,2298,8,,,0,100,,2299,8,,,0,100,,2301,8,,,0,100,,2300,8,,,0,100,,2303,8,,,0,100,,2302,8,,,0,100,,2304,8,,,0,100,,2305,8,,,0,100,,2306,8,,,0,100,,2307,8,,,0
101,'5508',655,,2309,8,,,0,100,,2310,8,,,0,100,,2311,8,,,0,100,,2312,8,,,0,100,,2314,8,,,0,100,,2313,8,,,0,100,,2316,8,,,0,100,,2315,8,,,0,100,,2317,8,,,0,100,,2318,8,,,0,100,,2319,8,,,0,100,,2320,8,,,0
301,'5475',725,,2544,10,,,0,100,,2545,3,,,0,100,,2546,10,,,0,100,,2547,10,,,0,100,,2548,10,,,0,100,,2549,10,,,0,100,,2550,10,,,0,100,,2551,10,,,0,100,,2552,10,,,0,100,,2553,10,,,0,100,,2554,10,,,0,99,,2555,10,4,,0
301,'5501',725,,2557,10,,,0,100,,2558,3,,,0,100,,2559,10,,,0,100,,2560,10,,,0,100,,2561,10,,,0,100,,2562,10,,,0,100,,2563,10,,,0,100,,2564,10,,,0,100,,2565,10,,,0,100,,2566,10,,,0,100,,2567,10,,,0,99,,2568,10,4,,0
301,'5503',825,,2570,3,,,0,100,,2569,10,,,0,100,,2572,10,,,0,100,,2571,10,,,0,100,,2573,10,,,0,100,,2574,10,,,0,100,,2575,10,,,0,100,,2576,10,,,0,100,,2577,10,,,0,100,,2579,10,,,0,99,,2578,10,4,,0
301,'5505',725,,2581,10,,,0,100,,2582,3,,,0,100,,2583,10,,,0,100,,2584,10,,,0,100,,2585,10,,,0,100,,2586,10,,,0,100,,2587,10,,,0,100,,2588,10,,,0,100,,2589,10,,,0,100,,2590,10,,,0,100,,2591,10,,,0,99,,2592,10,4,,0
301,'5506',725,,2594,10,,,0,100,,2595,3,,,0,100,,2596,10,,,0,100,,2597,10,,,0,100,,2598,10,,,0,100,,2599,10,,,0,100,,2600,10,,,0,100,,2601,10,,,0,100,,2602,10,,,0,100,,2603,10,,,0,100,,2604,10,,,0,99,,2605,10,4,,0
301,'5508',725,,2607,10,,,0,100,,2608,3,,,0,100,,2609,10,,,0,100,,2610,10,,,0,100,,2611,10,,,0,100,,2612,10,,,0,100,,2613,10,,,0,100,,2614,10,,,0,100,,2615,10,,,0,100,,2616,10,,,0,100,,2617,10,,,0,99,,2618,10,4,,0
400,'5475',714,,2619,16,,,0,100,,2624,16,,,0,100,,2625,16,,,0,100,,2626,16,,,0,100,,2628,16,,,0,100,,2629,16,,,0,100,,2630,16,,,0,100,,2631,16,,,0,100,,2627,16,,,0,100,,2622,16,,,0,100,,2623,16,,,0,100,,2621,16,4,,0,10,,2620,1,,,0
400,'5501',714,,2632,16,,,0,100,,2637,16,,,0,100,,2638,16,,,0,100,,2639,16,,,0,100,,2641,16,,,0,100,,2642,16,,,0,100,,2643,16,,,0,100,,2644,16,,,0,100,,2640,16,,,0,100,,2635,16,,,0,100,,2636,16,,,0,100,,2634,16,4,,0,10,,2633,1,,,0
400,'5503',814,,2648,16,,,0,100,,2651,16,,,0,100,,2645,16,,,0,100,,2646,16,,,0,100,,2649,16,,,0,100,,2650,16,,,0,100,,2647,16,,,0,100,,2652,16,,,0,100,,2653,16,,,0,100,,2654,16,,,0,100,,2655,16,4,,0,10,,2656,1,,,0
400,'5505',714,,2657,16,,,0,100,,2662,16,,,0,100,,2663,16,,,0,100,,2664,16,,,0,100,,2666,16,,,0,100,,2667,16,,,0,100,,2668,16,,,0,100,,2669,16,,,0,100,,2665,16,,,0,100,,2660,16,,,0,100,,2661,16,,,0,100,,2659,16,4,,0,10,,2658,1,,,0
400,'5506',714,,2670,16,,,0,100,,2675,16,,,0,100,,2676,16,,,0,100,,2677,16,,,0,100,,2679,16,,,0,100,,2680,16,,,0,100,,2681,16,,,0,100,,2682,16,,,0,100,,2678,16,,,0,100,,2673,16,,,0,100,,2674,16,,,0,100,,2672,16,4,,0,10,,2671,1,,,0
400,'5508',714,,2683,16,,,0,100,,2688,16,,,0,100,,2689,16,,,0,100,,2690,16,,,0,100,,2692,16,,,0,100,,2693,16,,,0,100,,2694,16,,,0,100,,2695,16,,,0,100,,2691,16,,,0,100,,2686,16,,,0,100,,2687,16,,,0,100,,2685,16,4,,0,10,,2684,1,,,0
1001,'5475',747,,3079,16,,,0,164,,3080,16,,,0,434,,3081,16,,,0,403,,3082,16,,,0
1001,'5501',747,,3083,16,,,0,164,,3084,16,,,0,434,,3085,16,,,0,403,,3086,16,,,0
1001,'5503',911,,3087,16,,,0,434,,3088,16,,,0,403,,3089,16,,,0
1001,'5505',747,,3090,16,,,0,164,,3091,16,,,0,434,,3092,16,,,0,403,,3093,16,,,0
1001,'5506',747,,3094,16,,,0,164,,3095,16,,,0,434,,3096,16,,,0,403,,3097,16,,,0
1601,'5504',928,,3211,10,0,22 18,0,100,,3213,10,0,22 18,0,100,,3212,10,0,22 18,0,100,,3214,10,0,22 18,0,100,,3216,10,0,22 18,0,100,,3215,10,0,22 18,0,100,,3217,10,0,22 18,0,100,,3218,10,0,22 18,0,100,,3219,10,0,22 18,0
