3000,'5475',836,,4932,24,,,0,7,,4932,27,4,,0,307,,4931,26,,,0,7,,4931,29,4,,0,174,,4935,24,,,0,7,,4935,27,4,,0,288,,4933,24,,,0,7,,4933,27,4,,0,167,,4934,26,,,0,7,,4934,29,4,,0
3000,'5501',836,,4937,24,,,0,7,,4937,27,4,,0,307,,4936,26,,,0,7,,4936,29,4,,0,174,,4940,24,,,0,7,,4940,27,4,,0,288,,4938,24,,,0,7,,4938,27,4,,0,167,,4939,26,,,0,7,,4939,29,4,,0
3000,'5503',936,,4941,24,,,0,7,,4941,27,4,,0,207,,4942,26,,,0,7,,4942,29,4,,0,174,,4944,24,,,0,7,,4944,27,4,,0,288,,4943,24,,,0,7,,4943,27,4,,0,167,,4945,26,,,0,7,,4945,29,4,,0
3000,'5505',836,,4947,24,,,0,7,,4947,27,4,,0,307,,4946,26,,,0,7,,4946,29,4,,0,174,,4950,24,,,0,7,,4950,27,4,,0,288,,4948,24,,,0,7,,4948,27,4,,0,167,,4949,26,,,0,7,,4949,29,4,,0
3000,'5506',836,,4952,24,,,0,7,,4952,27,4,,0,307,,4951,26,,,0,7,,4951,29,4,,0,174,,4955,24,,,0,7,,4955,27,4,,0,288,,4953,24,,,0,7,,4953,27,4,,0,167,,4954,26,,,0,7,,4954,29,4,,0
3000,'5508',836,,4957,24,,,0,7,,4957,27,4,,0,307,,4956,26,,,0,7,,4956,29,4,,0,174,,4960,24,,,0,7,,4960,27,4,,0,288,,4958,24,,,0,7,,4958,27,4,,0,167,,4959,26,,,0,7,,4959,29,4,,0
3001,'5475',715,,4961,1,,,0,315,,4962,1,,,0,185,,4965,1,,,0,290,,4963,1,,,0,135,,4964,1,,,0
3001,'5501',715,,4966,1,,,0,315,,4967,1,,,0,185,,4970,1,,,0,290,,4968,1,,,0,135,,4969,1,,,0
3001,'5503',815,,4971,1,,,0,215,,4972,1,,,0,185,,4973,1,,,0,290,,4974,1,,,0,135,,4975,1,,,0
3001,'5505',715,,4976,1,,,0,315,,4977,1,,,0,185,,4980,1,,,0,290,,4978,1,,,0,135,,4979,1,,,0
3001,'5506',715,,4981,1,,,0,315,,4982,1,,,0,185,,4985,1,,,0,290,,4983,1,,,0,135,,4984,1,,,0
3001,'5508',715,,4986,1,,,0,315,,4987,1,,,0,185,,4990,1,,,0,290,,4988,1,,,0,135,,4989,1,,,0
