101,'5475',703,,2246,16,,,0,100,,2247,16,,,0,100,,2248,16,,,0,100,,2249,16,,,0,100,,2251,16,,,0,100,,2250,16,,,0,100,,2253,16,,,0,100,,2252,16,,,0,100,,2254,16,,,0,100,,2255,16,,,0,100,,2256,16,,,0,100,,2257,16,,,0
101,'5501',703,,2259,16,,,0,100,,2260,16,,,0,100,,2261,16,,,0,100,,2262,16,,,0,100,,2264,16,,,0,100,,2263,16,,,0,100,,2266,16,,,0,100,,2265,16,,,0,100,,2267,16,,,0,100,,2268,16,,,0,100,,2269,16,,,0,100,,2270,16,,,0
101,'5503',903,,2275,16,,,0,100,,2277,16,,,0,100,,2271,16,,,0,100,,2273,16,,,0,100,,2276,16,,,0,100,,2274,16,,,0,100,,2278,16,,,0,100,,2272,16,,,0,100,,2279,16,,,0,100,,2280,16,,,0
101,'5505',703,,2283,16,,,0,100,,2284,16,,,0,100,,2285,16,,,0,100,,2286,16,,,0,100,,2288,16,,,0,100,,2287,16,,,0,100,,2290,16,,,0,100,,2289,16,,,0,100,,2291,16,,,0,100,,2292,16,,,0,100,,2293,16,,,0,100,,2294,16,,,0
101,'5506',703,,2296,16,,,0,100,,2297,16,,,0,100,,2298,16,,,0,100,,2299,16,,,0,100,,2301,16,,,0,100,,2300,16,,,0,100,,2303,16,,,0,100,,2302,16,,,0,100,,2304,16,,,0,100,,2305,16,,,0,100,,2306,16,,,0,100,,2307,16,,,0
101,'5508',703,,2309,16,,,0,100,,2310,16,,,0,100,,2311,16,,,0,100,,2312,16,,,0,100,,2314,16,,,0,100,,2313,16,,,0,100,,2316,16,,,0,100,,2315,16,,,0,100,,2317,16,,,0,100,,2318,16,,,0,100,,2319,16,,,0,100,,2320,16,,,0
301,'5475',633,,2543,8,,,0,100,,2544,18,,,0,100,,2545,11,,,0,100,,2546,18,,,0,100,,2547,18,,,0,100,,2548,18,,,0,100,,2549,18,,,0,100,,2550,18,,,0,100,,2551,18,,,0,100,,2552,18,,,0,100,,2553,18,,,0,100,,2554,18,,,0
301,'5501',633,,2556,8,,,0,100,,2557,18,,,0,100,,2558,11,,,0,100,,2559,18,,,0,100,,2560,18,,,0,100,,2561,18,,,0,100,,2562,18,,,0,100,,2563,18,,,0,100,,2564,18,,,0,100,,2565,18,,,0,100,,2566,18,,,0,100,,2567,18,,,0
301,'5503',833,,2570,11,,,0,100,,2569,18,,,0,100,,2572,18,,,0,100,,2571,18,,,0,100,,2573,18,,,0,100,,2574,18,,,0,100,,2575,18,,,0,100,,2576,18,,,0,100,,2577,18,,,0,100,,2579,18,,,0
301,'5505',633,,2580,8,,,0,100,,2581,18,,,0,100,,2582,11,,,0,100,,2583,18,,,0,100,,2584,18,,,0,100,,2585,18,,,0,100,,2586,18,,,0,100,,2587,18,,,0,100,,2588,18,,,0,100,,2589,18,,,0,100,,2590,18,,,0,100,,2591,18,,,0
301,'5506',633,,2593,8,,,0,100,,2594,18,,,0,100,,2595,11,,,0,100,,2596,18,,,0,100,,2597,18,,,0,100,,2598,18,,,0,100,,2599,18,,,0,100,,2600,18,,,0,100,,2601,18,,,0,100,,2602,18,,,0,100,,2603,18,,,0,100,,2604,18,,,0
301,'5508',633,,2606,8,,,0,100,,2607,18,,,0,100,,2608,11,,,0,100,,2609,18,,,0,100,,2610,18,,,0,100,,2611,18,,,0,100,,2612,18,,,0,100,,2613,18,,,0,100,,2614,18,,,0,100,,2615,18,,,0,100,,2616,18,,,0,100,,2617,18,,,0
1500,'5475',1852,,3122,8,0,14 15,0,164,,3125,8,0,13,0,124,,3127,8,0,13,0,85,,3129,8,0,13,0,179,,3132,8,0,13,0,124,,3130,8,0,13,0
1500,'5501',1852,,3134,8,0,14 15,0,164,,3137,8,0,13,0,124,,3139,8,0,13,0,85,,3141,8,0,13,0
1500,'5503',1852,,3142,8,0,13,0,164,,3144,8,0,13,0,124,,3146,8,0,13,0,85,,3148,8,0,13,0
1500,'5505',1852,,3149,8,0,14 15,0,164,,3152,8,0,13,0,124,,3154,8,0,13,0,85,,3156,8,0,13,0
1500,'5506',1852,,3157,8,0,14 15,0,164,,3160,8,0,13,0,124,,3162,8,0,13,0,85,,3164,8,0,13,0
1500,'5508',1852,,3165,8,0,14 15,0,164,,3168,8,0,13,0,124,,3170,8,0,13,0,85,,3172,8,0,13,0
7001,'5475',848,,3388,21,0,14 15,0,296,,3389,19,0,14 15,0,365,,3390,21,0,14 15,0,305,,3391,19,,,0
7001,'5501',848,,3392,21,0,14 15,0,296,,3393,19,0,14 15,0,365,,3394,21,0,14 15,0,305,,3395,19,,,0
7001,'5505',848,,3396,21,0,14 15,0,296,,3397,19,0,14 15,0,365,,3398,21,0,14 15,0,305,,3399,19,,,0
7001,'5506',848,,3400,21,0,14 15,0,296,,3401,19,0,14 15,0,365,,3402,21,0,14 15,0,305,,3403,19,,,0
