1100,'5475',1835,,3100,8,,,0
1100,'5501',1835,,3103,8,,,0
1100,'5505',1835,,3106,8,,,0
1100,'5506',1835,,3109,8,,,0
3001,'5475',746,,3310,10,,,0,310,,3311,8,,,0,185,,3314,8,,,0,295,,3312,10,,,0,170,,3313,8,,,0
3001,'5501',746,,3315,10,,,0,310,,3316,8,,,0,185,,3319,8,,,0,295,,3317,10,,,0,170,,3318,8,,,0
3001,'5503',846,,3320,10,,,0,210,,3321,8,,,0,185,,3322,8,,,0,295,,3323,10,,,0,170,,3324,8,,,0
3001,'5505',746,,3325,10,,,0,310,,3326,8,,,0,185,,3329,8,,,0,295,,3327,10,,,0,170,,3328,8,,,0
3001,'5506',746,,3330,10,,,0,310,,3331,8,,,0,185,,3334,8,,,0,295,,3332,10,,,0,170,,3333,8,,,0
3001,'5508',746,,3335,10,,,0,310,,3336,8,,,0,185,,3339,8,,,0,295,,3337,10,,,0,170,,3338,8,,,0
7001,'5475',841,,3388,9,0,14 15,0,296,,3389,7,0,14 15,0,365,,3390,9,0,14 15,0,305,,3391,7,,,0
7001,'5501',841,,3392,9,0,14 15,0,296,,3393,7,0,14 15,0,365,,3394,9,0,14 15,0,305,,3395,7,,,0
7001,'5505',841,,3396,9,0,14 15,0,296,,3397,7,0,14 15,0,365,,3398,9,0,14 15,0,305,,3399,7,,,0
7001,'5506',841,,3400,9,0,14 15,0,296,,3401,7,0,14 15,0,365,,3402,9,0,14 15,0,305,,3403,7,,,0
