300,'5475',821,,4119,40,4,,0
300,'5501',821,,4132,40,4,,0
300,'5503',821,,4145,34,4,,0
300,'5505',821,,4156,40,4,,0
300,'5506',821,,4169,40,4,,0
300,'5508',821,,4182,40,4,,0
301,'5475',721,,4195,8,,,0,100,,4196,1,,,0,100,,4197,8,,,0,100,,4198,8,,,0,100,,4199,8,,,0,100,,4200,8,,,0,100,,4201,8,,,0,100,,4202,8,,,0,100,,4203,8,,,0,100,,4204,8,,,0,100,,4205,8,,,0,99,,4206,8,0,7 6,0
301,'5501',721,,4208,8,,,0,100,,4209,1,,,0,100,,4210,8,,,0,100,,4211,8,,,0,100,,4212,8,,,0,100,,4213,8,,,0,100,,4214,8,,,0,100,,4215,8,,,0,100,,4216,8,,,0,100,,4217,8,,,0,100,,4218,8,,,0,99,,4219,8,0,7 6,0
301,'5503',821,,4221,1,,,0,100,,4220,8,,,0,100,,4223,8,,,0,100,,4222,8,,,0,100,,4224,8,,,0,100,,4225,8,,,0,100,,4226,8,,,0,100,,4227,8,,,0,100,,4228,8,,,0,100,,4230,8,,,0,99,,4229,8,0,7 6,0
301,'5505',721,,4232,8,,,0,100,,4233,1,,,0,100,,4234,8,,,0,100,,4235,8,,,0,100,,4236,8,,,0,100,,4237,8,,,0,100,,4238,8,,,0,100,,4239,8,,,0,100,,4240,8,,,0,100,,4241,8,,,0,100,,4242,8,,,0,99,,4243,8,0,7 6,0
301,'5506',721,,4245,8,,,0,100,,4246,1,,,0,100,,4247,8,,,0,100,,4248,8,,,0,100,,4249,8,,,0,100,,4250,8,,,0,100,,4251,8,,,0,100,,4252,8,,,0,100,,4253,8,,,0,100,,4254,8,,,0,100,,4255,8,,,0,99,,4256,8,0,7 6,0
301,'5508',721,,4258,8,,,0,100,,4259,1,,,0,100,,4260,8,,,0,100,,4261,8,,,0,100,,4262,8,,,0,100,,4263,8,,,0,100,,4264,8,,,0,100,,4265,8,,,0,100,,4266,8,,,0,100,,4267,8,,,0,100,,4268,8,,,0,99,,4269,8,0,7 6,0
1601,'5504',925,,4862,8,0,22 18,0,100,,4864,8,0,22 18,0,100,,4863,8,0,22 18,0,100,,4865,8,0,22 18,0,100,,4867,8,0,22 18,0,100,,4866,8,0,22 18,0,100,,4868,8,0,22 18,0,100,,4869,8,0,22 18,0,100,,4870,8,0,22 18,0
