200,'5475',636,,2321,11,,,0,100,,2322,11,,,0,100,,2323,11,,,0,100,,2324,11,,,0,100,,2325,11,,,0,100,,2326,11,,,0,100,,2327,11,,,0,100,,2328,11,,,0,100,,2329,11,,,0,100,,2330,11,,,0,100,,2331,11,,,0,100,,2332,11,,,0
200,'5501',636,,2333,11,,,0,100,,2334,11,,,0,100,,2335,11,,,0,100,,2336,11,,,0,100,,2337,11,,,0,100,,2338,11,,,0,100,,2339,11,,,0,100,,2340,11,,,0,100,,2341,11,,,0,100,,2342,11,,,0,100,,2343,11,,,0,100,,2344,11,,,0
200,'5503',836,,2345,11,,,0,100,,2346,11,,,0,100,,2347,11,,,0,100,,2348,11,,,0,100,,2349,11,,,0,100,,2350,11,,,0,100,,2351,11,,,0,100,,2352,11,,,0,100,,2353,11,,,0,100,,2354,11,,,0
200,'5505',636,,2355,11,,,0,100,,2356,11,,,0,100,,2357,11,,,0,100,,2358,11,,,0,100,,2359,11,,,0,100,,2360,11,,,0,100,,2361,11,,,0,100,,2362,11,,,0,100,,2363,11,,,0,100,,2364,11,,,0,100,,2365,11,,,0,100,,2366,11,,,0
200,'5506',636,,2367,11,,,0,100,,2368,11,,,0,100,,2369,11,,,0,100,,2370,11,,,0,100,,2371,11,,,0,100,,2372,11,,,0,100,,2373,11,,,0,100,,2374,11,,,0,100,,2375,11,,,0,100,,2376,11,,,0,100,,2377,11,,,0,100,,2378,11,,,0
200,'5508',636,,2379,11,,,0,100,,2380,11,,,0,100,,2381,11,,,0,100,,2382,11,,,0,100,,2383,11,,,0,100,,2384,11,,,0,100,,2385,11,,,0,100,,2386,11,,,0,100,,2387,11,,,0,100,,2388,11,,,0,100,,2389,11,,,0,100,,2390,11,,,0
1500,'5475',2008,,3124,16,,,0,124,,3126,16,,,0,85,,3128,16,,,0,40,,3133,16,,,0,263,,3131,16,,,0
1500,'5501',2008,,3136,16,,,0,124,,3138,16,,,0,85,,3140,16,,,0
1500,'5503',2008,,3143,16,,,0,124,,3145,16,,,0,85,,3147,16,,,0
1500,'5505',2008,,3151,16,,,0,124,,3153,16,,,0,85,,3155,16,,,0
1500,'5506',2008,,3159,16,,,0,124,,3161,16,,,0,85,,3163,16,,,0
1500,'5508',2008,,3167,16,,,0,124,,3169,16,,,0,85,,3171,16,,,0
