100,'5475',638,,2169,25,,,0,100,,2170,25,,,0,100,,2171,17,,,0,100,,2172,25,,,0,100,,2173,25,,,0,100,,2174,25,,,0,100,,2175,25,,,0,100,,2176,25,,,0,100,,2177,25,,,0,100,,2178,25,,,0,100,,2179,25,,,0,100,,2180,25,,,0
100,'5501',638,,2182,25,,,0,100,,2183,25,,,0,100,,2184,17,,,0,100,,2185,25,,,0,100,,2186,25,,,0,100,,2187,25,,,0,100,,2188,25,,,0,100,,2189,25,,,0,100,,2190,25,,,0,100,,2191,25,,,0,100,,2192,25,,,0,100,,2193,25,,,0
100,'5503',838,,2195,17,,,0,100,,2197,25,,,0,100,,2201,25,,,0,100,,2205,25,,,0,100,,2198,25,,,0,100,,2196,25,,,0,100,,2202,25,,,0,100,,2200,25,,,0,100,,2199,25,,,0,100,,2204,25,,,0
100,'5505',638,,2206,25,,,0,100,,2207,25,,,0,100,,2208,17,,,0,100,,2209,25,,,0,100,,2210,25,,,0,100,,2211,25,,,0,100,,2212,25,,,0,100,,2213,25,,,0,100,,2214,25,,,0,100,,2215,25,,,0,100,,2216,25,,,0,100,,2217,25,,,0
100,'5506',638,,2219,25,,,0,100,,2220,25,,,0,100,,2221,17,,,0,100,,2222,25,,,0,100,,2223,25,,,0,100,,2224,25,,,0,100,,2225,25,,,0,100,,2226,25,,,0,100,,2227,25,,,0,100,,2228,25,,,0,100,,2229,25,,,0,100,,2230,25,,,0
100,'5508',638,,2232,25,,,0,100,,2233,25,,,0,100,,2234,17,,,0,100,,2235,25,,,0,100,,2236,25,,,0,100,,2237,25,,,0,100,,2238,25,,,0,100,,2239,25,,,0,100,,2240,25,,,0,100,,2241,25,,,0,100,,2242,25,,,0,100,,2243,25,,,0
201,'5475',659,,2391,9,,,0,100,,2392,9,,,0,100,,2393,9,,,0,100,,2394,9,,,0,100,,2395,9,,,0,100,,2396,9,,,0,100,,2397,9,,,0,100,,2398,9,,,0,100,,2399,9,,,0,100,,2400,9,,,0,100,,2401,9,,,0,100,,2402,9,0,7 6,0
201,'5501',659,,2404,9,,,0,100,,2405,9,,,0,100,,2406,9,,,0,100,,2407,9,,,0,100,,2408,9,,,0,100,,2409,9,,,0,100,,2410,9,,,0,100,,2411,9,,,0,100,,2412,9,,,0,100,,2413,9,,,0,100,,2414,9,,,0,100,,2415,9,0,7 6,0
201,'5503',759,,2417,9,,,0,100,,2418,9,,,0,100,,2419,9,,,0,100,,2420,9,,,0,100,,2421,9,,,0,100,,2422,9,,,0,100,,2423,9,,,0,100,,2424,9,,,0,100,,2425,9,,,0,100,,2426,9,,,0,100,,2427,9,,,0
201,'5505',659,,2428,9,,,0,100,,2429,9,,,0,100,,2430,9,,,0,100,,2431,9,,,0,100,,2432,9,,,0,100,,2433,9,,,0,100,,2434,9,,,0,100,,2435,9,,,0,100,,2436,9,,,0,100,,2437,9,,,0,100,,2438,9,,,0,100,,2439,9,0,7 6,0
201,'5506',659,,2441,9,,,0,100,,2442,9,,,0,100,,2443,9,,,0,100,,2444,9,,,0,100,,2445,9,,,0,100,,2446,9,,,0,100,,2447,9,,,0,100,,2448,9,,,0,100,,2449,9,,,0,100,,2450,9,,,0,100,,2451,9,,,0,100,,2452,9,0,7 6,0
201,'5508',659,,2454,9,,,0,100,,2455,9,,,0,100,,2456,9,,,0,100,,2457,9,,,0,100,,2458,9,,,0,100,,2459,9,,,0,100,,2460,9,,,0,100,,2461,9,,,0,100,,2462,9,,,0,100,,2463,9,,,0,100,,2464,9,,,0,100,,2465,9,0,7 6,0
300,'5475',707,,2467,19,,,0,109,,2468,33,0,11 12,0,91,,2469,19,,,0,100,,2470,19,,,0,100,,2472,19,,,0,100,,2471,19,,,0,100,,2473,19,,,0,100,,2474,19,,,0,100,,2475,19,,,0,100,,2476,19,,,0,100,,2477,19,,,0,100,,2478,19,0,7 6,0
300,'5501',707,,2480,19,,,0,109,,2481,33,0,11 12,0,91,,2482,19,,,0,100,,2483,19,,,0,100,,2485,19,,,0,100,,2484,19,,,0,100,,2486,19,,,0,100,,2487,19,,,0,100,,2488,19,,,0,100,,2489,19,,,0,100,,2490,19,,,0,100,,2491,19,0,7 6,0
300,'5503',816,,2494,27,0,11 12,0,91,,2495,19,,,0,100,,2496,19,,,0,100,,2493,19,,,0,100,,2497,19,,,0,100,,2498,19,,,0,100,,2499,19,,,0,100,,2500,19,,,0,100,,2501,19,,,0,100,,2502,19,,,0,100,,2503,19,,,0
300,'5505',707,,2504,19,,,0,109,,2505,33,0,11 12,0,91,,2506,19,,,0,100,,2507,19,,,0,100,,2509,19,,,0,100,,2508,19,,,0,100,,2510,19,,,0,100,,2511,19,,,0,100,,2512,19,,,0,100,,2513,19,,,0,100,,2514,19,,,0,100,,2515,19,0,7 6,0
300,'5506',707,,2517,19,,,0,109,,2518,33,0,11 12,0,91,,2519,19,,,0,100,,2520,19,,,0,100,,2522,19,,,0,100,,2521,19,,,0,100,,2523,19,,,0,100,,2524,19,,,0,100,,2525,19,,,0,100,,2526,19,,,0,100,,2527,19,,,0,100,,2528,19,0,7 6,0
300,'5508',707,,2530,19,,,0,109,,2531,33,0,11 12,0,91,,2532,19,,,0,100,,2533,19,,,0,100,,2535,19,,,0,100,,2534,19,,,0,100,,2536,19,,,0,100,,2537,19,,,0,100,,2538,19,,,0,100,,2539,19,,,0,100,,2540,19,,,0,100,,2541,19,0,7 6,0
1501,'5475',1936,,3173,35,0,7,0,164,,3175,35,0,7,0,348,,3180,35,0,7,0,164,,3178,35,0,7,0
1501,'5501',1936,,3181,35,0,7,0,164,,3183,35,0,7,0
1501,'5503',1936,,3186,35,0,7,0,164,,3187,35,0,7,0
1501,'5505',1936,,3189,35,0,7,0,164,,3191,35,0,7,0
1501,'5506',1936,,3193,35,0,7,0,164,,3195,35,0,7,0
1501,'5508',1936,,3197,35,0,7,0,164,,3199,35,0,7,0
1600,'5504',908,,3201,15,0,16 18,0,100,,3204,21,,,0,100,,3203,21,,,0,100,,3202,21,,,0,100,,3205,21,,,0,100,,3206,21,,,0,100,,3207,21,,,0,100,,3208,21,,,0,100,,3209,21,,,0
7000,'5475',609,,3372,28,,,0,305,,3373,11,,,0,324,,3374,11,,,0,300,,3375,11,,,0
7000,'5501',609,,3376,28,,,0,305,,3377,11,,,0,324,,3378,11,,,0,300,,3379,11,,,0
7000,'5505',609,,3380,28,,,0,305,,3381,11,,,0,324,,3382,11,,,0,300,,3383,11,,,0
7000,'5506',609,,3384,28,,,0,305,,3385,11,,,0,324,,3386,11,,,0,300,,3387,11,,,0
