100,'5475',617,,3820,2,,,0,100,,3821,2,,,0,200,,3823,2,,,0,100,,3824,2,,,0,100,,3825,2,,,0,100,,3826,2,,,0,100,,3827,2,,,0,100,,3828,2,,,0,100,,3829,2,,,0,100,,3830,2,,,0,100,,3831,2,,,0,100,,3832,2,0,5 6,0
100,'5501',617,,3833,2,,,0,100,,3834,2,,,0,200,,3836,2,,,0,100,,3837,2,,,0,100,,3838,2,,,0,100,,3839,2,,,0,100,,3840,2,,,0,100,,3841,2,,,0,100,,3842,2,,,0,100,,3843,2,,,0,100,,3844,2,,,0,100,,3845,2,0,5 6,0
100,'5503',917,,3848,2,,,0,100,,3852,2,,,0,100,,3856,2,,,0,100,,3849,2,,,0,100,,3847,2,,,0,100,,3853,2,,,0,100,,3851,2,,,0,100,,3850,2,,,0,100,,3855,2,,,0,100,,3854,2,0,5 6,0
100,'5505',617,,3857,2,,,0,100,,3858,2,,,0,200,,3860,2,,,0,100,,3861,2,,,0,100,,3862,2,,,0,100,,3863,2,,,0,100,,3864,2,,,0,100,,3865,2,,,0,100,,3866,2,,,0,100,,3867,2,,,0,100,,3868,2,,,0,100,,3869,2,0,5 6,0
100,'5506',617,,3870,2,,,0,100,,3871,2,,,0,200,,3873,2,,,0,100,,3874,2,,,0,100,,3875,2,,,0,100,,3876,2,,,0,100,,3877,2,,,0,100,,3878,2,,,0,100,,3879,2,,,0,100,,3880,2,,,0,100,,3881,2,,,0,100,,3882,2,0,5 6,0
100,'5508',617,,3883,2,,,0,100,,3884,2,,,0,200,,3886,2,,,0,100,,3887,2,,,0,100,,3888,2,,,0,100,,3889,2,,,0,100,,3890,2,,,0,100,,3891,2,,,0,100,,3892,2,,,0,100,,3893,2,,,0,100,,3894,2,,,0,100,,3895,2,0,5 6,0
501,'5475',706,,4567,18,,,0,30,,4577,18,,,0,70,,4568,20,,,0,30,,4589,20,,,0,70,,4570,20,,,0,30,,4578,20,,,0,70,,4571,20,,,0,30,,4579,20,,,0,70,,4572,20,,,0,30,,4580,20,,,0,70,,4569,20,,,0,30,,4581,20,,,0,70,,4574,20,,,0,30,,4582,20,,,0,70,,4573,20,,,0,30,,4583,20,,,0,70,,4575,20,,,0,30,,4590,20,,,0,70,,4576,20,,,0,30,,4588,20,,,0,70,,4584,20,,,0,30,,4585,20,,,0,70,,4586,20,,,0,30,,4587,20,,,0
501,'5501',706,,4591,18,,,0,30,,4601,18,,,0,70,,4592,20,,,0,34,,4613,20,,,0,66,,4594,20,,,0,30,,4602,20,,,0,70,,4595,20,,,0,30,,4603,20,,,0,70,,4596,20,,,0,30,,4604,20,,,0,70,,4593,20,,,0,30,,4605,20,,,0,70,,4598,20,,,0,30,,4606,20,,,0,70,,4597,20,,,0,30,,4607,20,,,0,70,,4599,20,,,0,40,,4614,36,0,11 12,0,60,,4600,20,,,0,33,,4612,20,,,0,67,,4608,20,,,0,30,,4609,20,,,0,70,,4610,20,,,0,30,,4611,20,,,0
501,'5503',906,,4620,18,,,0,30,,4631,18,,,0,70,,4622,20,,,0,30,,4632,20,,,0,70,,4623,20,,,0,30,,4628,20,,,0,70,,4619,20,,,0,30,,4629,20,,,0,70,,4624,20,,,0,30,,4630,20,,,0,70,,4615,20,,,0,30,,4633,20,,,0,70,,4616,20,,,0,30,,4634,20,,,0,70,,4617,20,,,0,30,,4625,20,,,0,70,,4618,20,,,0,30,,4626,20,,,0,70,,4621,20,,,0,30,,4627,20,,,0
501,'5504',1236,,4635,20,,,0,100,,4636,20,,,0,100,,4637,20,,,0,100,,4638,20,,,0
501,'5505',706,,4639,18,,,0,30,,4649,18,,,0,70,,4640,20,,,0,34,,4661,20,,,0,66,,4642,20,,,0,30,,4650,20,,,0,70,,4643,20,,,0,30,,4651,20,,,0,70,,4644,20,,,0,30,,4652,20,,,0,70,,4641,20,,,0,30,,4653,20,,,0,70,,4646,20,,,0,30,,4654,20,,,0,70,,4645,20,,,0,30,,4655,20,,,0,70,,4647,20,,,0,40,,4662,36,0,11 12,0,60,,4648,20,,,0,33,,4660,20,,,0,67,,4656,20,,,0,30,,4657,20,,,0,70,,4658,20,,,0,30,,4659,20,,,0
501,'5506',706,,4663,18,,,0,30,,4673,18,,,0,70,,4664,20,,,0,30,,4685,20,,,0,70,,4666,20,,,0,30,,4674,20,,,0,70,,4667,20,,,0,30,,4675,20,,,0,70,,4668,20,,,0,30,,4676,20,,,0,70,,4665,20,,,0,30,,4677,20,,,0,70,,4670,20,,,0,30,,4678,20,,,0,70,,4669,20,,,0,30,,4679,20,,,0,70,,4671,20,,,0,30,,4686,20,,,0,70,,4672,20,,,0,30,,4684,20,,,0,70,,4680,20,,,0,30,,4681,20,,,0,70,,4682,20,,,0,30,,4683,20,,,0
501,'5508',706,,4687,18,,,0,30,,4697,18,,,0,70,,4688,20,,,0,30,,4709,20,,,0,70,,4690,20,,,0,30,,4698,20,,,0,70,,4691,20,,,0,30,,4699,20,,,0,70,,4692,20,,,0,30,,4700,20,,,0,70,,4689,20,,,0,30,,4701,20,,,0,70,,4694,20,,,0,30,,4702,20,,,0,70,,4693,20,,,0,30,,4703,20,,,0,70,,4695,20,,,0,30,,4710,20,,,0,70,,4696,20,,,0,30,,4708,20,,,0,70,,4704,20,,,0,30,,4705,20,,,0,70,,4706,20,,,0,30,,4707,20,,,0
