1,100,'5475',2169,2170,2171,2172,2173,2174,2175,2176,2177,2178,2179,2180,2181
1,100,'5501',2182,2183,2184,2185,2186,2187,2188,2189,2190,2191,2192,2193,2194
1,100,'5503',2195,2196,2197,2198,2199,2200,2201,2202,2203,2204,2205
1,100,'5505',2206,2207,2208,2209,2210,2211,2212,2213,2214,2215,2216,2217,2218
1,100,'5506',2219,2220,2221,2222,2223,2224,2225,2226,2227,2228,2229,2230,2231
1,100,'5508',2232,2233,2234,2235,2236,2237,2238,2239,2240,2241,2242,2243,2244
1,101,'5475',2245,2246,2247,2248,2249,2250,2251,2252,2253,2254,2255,2256,2257
1,101,'5501',2258,2259,2260,2261,2262,2263,2264,2265,2266,2267,2268,2269,2270
1,101,'5503',2271,2272,2273,2274,2275,2276,2277,2278,2279,2280,2281
1,101,'5505',2282,2283,2284,2285,2286,2287,2288,2289,2290,2291,2292,2293,2294
1,101,'5506',2295,2296,2297,2298,2299,2300,2301,2302,2303,2304,2305,2306,2307
1,101,'5508',2308,2309,2310,2311,2312,2313,2314,2315,2316,2317,2318,2319,2320
2,200,'5475',2321,2322,2323,2324,2325,2326,2327,2328,2329,2330,2331,2332
2,200,'5501',2333,2334,2335,2336,2337,2338,2339,2340,2341,2342,2343,2344
2,200,'5503',2345,2346,2347,2348,2349,2350,2351,2352,2353,2354
2,200,'5505',2355,2356,2357,2358,2359,2360,2361,2362,2363,2364,2365,2366
2,200,'5506',2367,2368,2369,2370,2371,2372,2373,2374,2375,2376,2377,2378
2,200,'5508',2379,2380,2381,2382,2383,2384,2385,2386,2387,2388,2389,2390
2,201,'5475',2391,2392,2393,2394,2395,2396,2397,2398,2399,2400,2401,2402,2403
2,201,'5501',2404,2405,2406,2407,2408,2409,2410,2411,2412,2413,2414,2415,2416
2,201,'5503',2417,2418,2419,2420,2421,2422,2423,2424,2425,2426,2427
2,201,'5505',2428,2429,2430,2431,2432,2433,2434,2435,2436,2437,2438,2439,2440
2,201,'5506',2441,2442,2443,2444,2445,2446,2447,2448,2449,2450,2451,2452,2453
2,201,'5508',2454,2455,2456,2457,2458,2459,2460,2461,2462,2463,2464,2465,2466
3,300,'5475',2467,2468,2469,2470,2471,2472,2473,2474,2475,2476,2477,2478,2479
3,300,'5501',2480,2481,2482,2483,2484,2485,2486,2487,2488,2489,2490,2491,2492
3,300,'5503',2493,2494,2495,2496,2497,2498,2499,2500,2501,2502,2503
3,300,'5505',2504,2505,2506,2507,2508,2509,2510,2511,2512,2513,2514,2515,2516
3,300,'5506',2517,2518,2519,2520,2521,2522,2523,2524,2525,2526,2527,2528,2529
3,300,'5508',2530,2531,2532,2533,2534,2535,2536,2537,2538,2539,2540,2541,2542
3,301,'5475',2543,2544,2545,2546,2547,2548,2549,2550,2551,2552,2553,2554,2555
3,301,'5501',2556,2557,2558,2559,2560,2561,2562,2563,2564,2565,2566,2567,2568
3,301,'5503',2569,2570,2571,2572,2573,2574,2575,2576,2577,2578,2579
3,301,'5505',2580,2581,2582,2583,2584,2585,2586,2587,2588,2589,2590,2591,2592
3,301,'5506',2593,2594,2595,2596,2597,2598,2599,2600,2601,2602,2603,2604,2605
3,301,'5508',2606,2607,2608,2609,2610,2611,2612,2613,2614,2615,2616,2617,2618
4,400,'5475',2619,2620,2621,2622,2623,2624,2625,2626,2627,2628,2629,2630,2631
4,400,'5501',2632,2633,2634,2635,2636,2637,2638,2639,2640,2641,2642,2643,2644
4,400,'5503',2645,2646,2647,2648,2649,2650,2651,2652,2653,2654,2655,2656
4,400,'5505',2657,2658,2659,2660,2661,2662,2663,2664,2665,2666,2667,2668,2669
4,400,'5506',2670,2671,2672,2673,2674,2675,2676,2677,2678,2679,2680,2681,2682
4,400,'5508',2683,2684,2685,2686,2687,2688,2689,2690,2691,2692,2693,2694,2695
4,401,'5475',2696,2697,2698,2699,2700,2701,2702,2703,2704,2705,2706,2707,2708
4,401,'5501',2709,2710,2711,2712,2713,2714,2715,2716,2717,2718,2719,2720,2721
4,401,'5503',2722,2723,2724,2725,2726,2727,2728,2729,2730,2731,2732
4,401,'5505',2733,2734,2735,2736,2737,2738,2739,2740,2741,2742,2743,2744,2745
4,401,'5506',2746,2747,2748,2749,2750,2751,2752,2753,2754,2755,2756,2757,2758
4,401,'5508',2759,2760,2761,2762,2763,2764,2765,2766,2767,2768,2769,2770,2771
5,500,'5475',2772,2773,2774,2775,2776,2777,2778,2779,2780,2781,2782,2783,2784,2785,2786,2787,2788,2789,2790,2791,2792,2793,2794,2795
5,500,'5501',2796,2797,2798,2799,2800,2801,2802,2803,2804,2805,2806,2807,2808,2809,2810,2811,2812,2813,2814,2815,2816,2817,2818,2819
5,500,'5503',2820,2821,2822,2823,2824,2825,2826,2827,2828,2829,2830,2831,2832,2833,2834,2835,2836,2837,2838,2839
5,500,'5504',2840,2841,2842,2843
5,500,'5505',2844,2845,2846,2847,2848,2849,2850,2851,2852,2853,2854,2855,2856,2857,2858,2859,2860,2861,2862,2863,2864,2865,2866,2867
5,500,'5506',2868,2869,2870,2871,2872,2873,2874,2875,2876,2877,2878,2879,2880,2881,2882,2883,2884,2885,2886,2887,2888,2889,2890,2891
5,500,'5508',2892,2893,2894,2895,2896,2897,2898,2899,2900,2901,2902,2903,2904,2905,2906,2907,2908,2909,2910,2911,2912,2913,2914,2915
5,501,'5475',2916,2917,2918,2919,2920,2921,2922,2923,2924,2925,2926,2927,2928,2929,2930,2931,2932,2933,2934,2935,2936,2937,2938,2939
5,501,'5501',2940,2941,2942,2943,2944,2945,2946,2947,2948,2949,2950,2951,2952,2953,2954,2955,2956,2957,2958,2959,2960,2961,2962,2963
5,501,'5503',2964,2965,2966,2967,2968,2969,2970,2971,2972,2973,2974,2975,2976,2977,2978,2979,2980,2981,2982,2983
5,501,'5504',2984,2985,2986,2987
5,501,'5505',2988,2989,2990,2991,2992,2993,2994,2995,2996,2997,2998,2999,3000,3001,3002,3003,3004,3005,3006,3007,3008,3009,3010,3011
5,501,'5506',3012,3013,3014,3015,3016,3017,3018,3019,3020,3021,3022,3023,3024,3025,3026,3027,3028,3029,3030,3031,3032,3033,3034,3035
5,501,'5508',3036,3037,3038,3039,3040,3041,3042,3043,3044,3045,3046,3047,3048,3049,3050,3051,3052,3053,3054,3055,3056,3057,3058,3059
10,1000,'5475',3060,3061,3062,3063
10,1000,'5501',3064,3065,3066,3067
10,1000,'5503',3068,3069,3070
10,1000,'5505',3071,3072,3073,3074
10,1000,'5506',3075,3076,3077,3078
10,1001,'5475',3079,3080,3081,3082
10,1001,'5501',3083,3084,3085,3086
10,1001,'5503',3087,3088,3089
10,1001,'5505',3090,3091,3092,3093
10,1001,'5506',3094,3095,3096,3097
11,1100,'5475',3098,3099,3100
11,1100,'5501',3101,3102,3103
11,1100,'5505',3104,3105,3106
11,1100,'5506',3107,3108,3109
11,1101,'5475',3110,3111,3112
11,1101,'5501',3113,3114,3115
11,1101,'5505',3116,3117,3118
11,1101,'5506',3119,3120,3121
15,1500,'5475',3122,3123,3124,3125,3126,3127,3128,3129,3130,3131,3132,3133
15,1500,'5501',3134,3135,3136,3137,3138,3139,3140,3141
15,1500,'5503',3142,3143,3144,3145,3146,3147,3148
15,1500,'5505',3149,3150,3151,3152,3153,3154,3155,3156
15,1500,'5506',3157,3158,3159,3160,3161,3162,3163,3164
15,1500,'5508',3165,3166,3167,3168,3169,3170,3171,3172
15,1501,'5475',3173,3174,3175,3176,3177,3178,3179,3180
15,1501,'5501',3181,3182,3183,3184
15,1501,'5503',3185,3186,3187,3188
15,1501,'5505',3189,3190,3191,3192
15,1501,'5506',3193,3194,3195,3196
15,1501,'5508',3197,3198,3199,3200
16,1600,'5504',3201,3202,3203,3204,3205,3206,3207,3208,3209,3210
16,1601,'5504',3211,3212,3213,3214,3215,3216,3217,3218,3219
20,2000,'5475',3220,3221,3222,3223,3224
20,2000,'5501',3225,3226,3227,3228,3229
20,2000,'5505',3230,3231,3232,3233,3234
20,2000,'5506',3235,3236,3237,3238,3239
20,2001,'5475',3240,3241,3242,3243,3244
20,2001,'5501',3245,3246,3247,3248,3249
20,2001,'5505',3250,3251,3252,3253,3254
20,2001,'5506',3255,3256,3257,3258,3259
21,2100,'5475',3260,3261,3262,3263,3264
21,2100,'5501',3265,3266,3267,3268,3269
21,2100,'5505',3270,3271,3272,3273,3274
21,2100,'5506',3275,3276,3277,3278,3279
30,3000,'5475',3280,3281,3282,3283,3284
30,3000,'5501',3285,3286,3287,3288,3289
30,3000,'5503',3290,3291,3292,3293,3294
30,3000,'5505',3295,3296,3297,3298,3299
30,3000,'5506',3300,3301,3302,3303,3304
30,3000,'5508',3305,3306,3307,3308,3309
30,3001,'5475',3310,3311,3312,3313,3314
30,3001,'5501',3315,3316,3317,3318,3319
30,3001,'5503',3320,3321,3322,3323,3324
30,3001,'5505',3325,3326,3327,3328,3329
30,3001,'5506',3330,3331,3332,3333,3334
30,3001,'5508',3335,3336,3337,3338,3339
40,4000,'5475',3340,3341
40,4000,'5501',3342,3343
40,4000,'5505',3344,3345,3346
40,4000,'5506',3347,3348
40,4001,'5475',3349,3350
40,4001,'5501',3351,3352
40,4001,'5505',3353,3354,3355
40,4001,'5506',3356,3357
41,4100,'5475',3358,3359
41,4100,'5501',3360,3361
41,4100,'5505',3362,3363
41,4100,'5506',3364,3365
50,5000,'5502',3366
50,5000,'5505',3367
50,5000,'5507',3368
50,5001,'5502',3369
50,5001,'5505',3370
50,5001,'5507',3371
70,7000,'5475',3372,3373,3374,3375
70,7000,'5501',3376,3377,3378,3379
70,7000,'5505',3380,3381,3382,3383
70,7000,'5506',3384,3385,3386,3387
70,7001,'5475',3388,3389,3390,3391
70,7001,'5501',3392,3393,3394,3395
70,7001,'5505',3396,3397,3398,3399
70,7001,'5506',3400,3401,3402,3403
10001,1000100,'5475',3404,3405,3406,3407,3408,3409,3410,3411,3412,3413,3414,3415
