500,'5475',731,,2772,14,,,0,70,,2794,14,,,0,30,,2774,14,,,0,70,,2792,14,,,0,30,,2775,14,,,0,70,,2782,14,,,0,30,,2776,14,,,0,70,,2783,14,,,0,30,,2773,14,,,0,70,,2784,14,,,0,30,,2778,14,,,0,70,,2785,14,,,0,30,,2777,14,,,0,70,,2786,14,,,0,30,,2779,14,,,0,70,,2788,14,,,0,30,,2780,14,,,0,70,,2795,14,,,0,30,,2781,14,,,0,70,,2793,14,,,0,30,,2787,14,,,0,70,,2789,14,,,0,30,,2790,14,,,0
500,'5501',731,,2796,14,,,0,70,,2818,14,0,11 12,0,30,,2798,14,,,0,70,,2816,14,,,0,30,,2799,14,,,0,70,,2806,14,,,0,30,,2800,14,,,0,70,,2807,14,,,0,30,,2797,14,,,0,70,,2808,14,,,0,30,,2802,14,,,0,70,,2809,14,,,0,30,,2801,14,,,0,70,,2810,14,,,0,30,,2803,14,,,0,70,,2812,14,,,0,30,,2804,14,,,0,73,,2819,14,,,0,27,,2805,14,,,0,70,,2817,14,,,0,30,,2811,14,,,0,70,,2813,14,,,0,30,,2814,14,,,0
500,'5503',931,,2820,14,,,0,70,,2836,14,,,0,30,,2825,14,,,0,70,,2833,14,,,0,30,,2826,14,,,0,70,,2834,14,,,0,30,,2828,14,,,0,70,,2832,14,,,0,30,,2829,14,,,0,70,,2835,14,,,0,30,,2827,14,,,0,70,,2837,14,,,0,30,,2824,14,,,0,70,,2831,14,,,0,30,,2823,14,,,0,70,,2830,14,,,0,30,,2821,14,,,0,70,,2838,14,,,0,30,,2822,14,,,0
500,'5504',1301,,2840,14,,,0,100,,2841,14,,,0,100,,2842,14,,,0,100,,2843,14,,,0
500,'5505',731,,2844,14,,,0,70,,2866,14,0,11 12,0,30,,2846,14,,,0,70,,2864,14,,,0,30,,2847,14,,,0,70,,2854,14,,,0,30,,2848,14,,,0,70,,2855,14,,,0,30,,2845,14,,,0,70,,2856,14,,,0,30,,2850,14,,,0,70,,2857,14,,,0,30,,2849,14,,,0,70,,2858,14,,,0,30,,2851,14,,,0,70,,2860,14,,,0,30,,2852,14,,,0,73,,2867,14,,,0,27,,2853,14,,,0,70,,2865,14,,,0,30,,2859,14,,,0,70,,2861,14,,,0,30,,2862,14,,,0
500,'5506',731,,2868,14,,,0,70,,2890,14,,,0,30,,2870,14,,,0,70,,2888,14,,,0,30,,2871,14,,,0,70,,2878,14,,,0,30,,2872,14,,,0,70,,2879,14,,,0,30,,2869,14,,,0,70,,2880,14,,,0,30,,2874,14,,,0,70,,2881,14,,,0,30,,2873,14,,,0,70,,2882,14,,,0,30,,2875,14,,,0,70,,2884,14,,,0,30,,2876,14,,,0,70,,2891,14,,,0,30,,2877,14,,,0,70,,2889,14,,,0,30,,2883,14,,,0,70,,2885,14,,,0,30,,2886,14,,,0
500,'5508',731,,2892,14,,,0,70,,2914,14,,,0,30,,2894,14,,,0,70,,2912,14,,,0,30,,2895,14,,,0,70,,2902,14,,,0,30,,2896,14,,,0,70,,2903,14,,,0,30,,2893,14,,,0,70,,2904,14,,,0,30,,2898,14,,,0,70,,2905,14,,,0,30,,2897,14,,,0,70,,2906,14,,,0,30,,2899,14,,,0,70,,2908,14,,,0,30,,2900,14,,,0,70,,2915,14,,,0,30,,2901,14,,,0,70,,2913,14,,,0,30,,2907,14,,,0,70,,2909,14,,,0,30,,2910,14,,,0
1501,'5475',1926,,3173,16,0,7,0,124,,3175,16,0,7,0,388,,3180,16,0,7,0,164,,3178,16,0,7,0
1501,'5501',1926,,3181,16,0,7,0,124,,3183,16,0,7,0
1501,'5503',1926,,3186,16,0,7,0,124,,3187,16,0,7,0
1501,'5505',1926,,3189,16,0,7,0,124,,3191,16,0,7,0
1501,'5506',1926,,3193,16,0,7,0,124,,3195,16,0,7,0
1501,'5508',1926,,3197,16,0,7,0,124,,3199,16,0,7,0
1600,'5504',901,,3201,3,0,16 18,0,100,,3204,9,,,0,100,,3203,9,,,0,100,,3202,9,,,0,100,,3205,9,,,0,100,,3206,9,,,0,100,,3207,9,,,0,100,,3208,9,,,0,100,,3209,9,,,0
1000100,'5475',1909,,3404,18,,,0,30,,3415,18,,,0,70,,3413,18,,,0,30,,3414,18,,,0,70,,3410,18,,,0,30,,3412,18,,,0,70,,3411,18,,,0,30,,3409,18,,,0,170,,3406,18,,,0,30,,3408,18,,,0,70,,3405,18,,,0,30,,3407,18,,,0
