300,'5475',804,,2468,15,0,11 12,0
300,'5501',804,,2481,15,0,11 12,0
300,'5503',804,,2494,9,0,11 12,0
300,'5505',804,,2505,15,0,11 12,0
300,'5506',804,,2518,15,0,11 12,0
300,'5508',804,,2531,15,0,11 12,0
400,'5475',721,,2619,29,,,0,100,,2624,29,,,0,100,,2625,29,,,0,100,,2626,29,,,0,100,,2628,29,,,0,100,,2629,29,,,0,100,,2630,29,,,0,100,,2631,29,,,0,100,,2627,29,,,0,100,,2622,29,,,0,100,,2623,29,,,0,110,,2620,14,,,0
400,'5501',721,,2632,29,,,0,100,,2637,29,,,0,100,,2638,29,,,0,100,,2639,29,,,0,100,,2641,29,,,0,100,,2642,29,,,0,100,,2643,29,,,0,100,,2644,29,,,0,100,,2640,29,,,0,100,,2635,29,,,0,100,,2636,29,,,0,110,,2633,14,,,0
400,'5503',821,,2648,29,,,0,100,,2651,29,,,0,100,,2645,29,,,0,100,,2646,29,,,0,100,,2649,29,,,0,100,,2650,29,,,0,100,,2647,29,,,0,100,,2652,29,,,0,100,,2653,29,,,0,100,,2654,29,,,0,110,,2656,14,,,0
400,'5505',721,,2657,29,,,0,100,,2662,29,,,0,100,,2663,29,,,0,100,,2664,29,,,0,100,,2666,29,,,0,100,,2667,29,,,0,100,,2668,29,,,0,100,,2669,29,,,0,100,,2665,29,,,0,100,,2660,29,,,0,100,,2661,29,,,0,110,,2658,14,,,0
400,'5506',721,,2670,29,,,0,100,,2675,29,,,0,100,,2676,29,,,0,100,,2677,29,,,0,100,,2679,29,,,0,100,,2680,29,,,0,100,,2681,29,,,0,100,,2682,29,,,0,100,,2678,29,,,0,100,,2673,29,,,0,100,,2674,29,,,0,110,,2671,14,,,0
400,'5508',721,,2683,29,,,0,100,,2688,29,,,0,100,,2689,29,,,0,100,,2690,29,,,0,100,,2692,29,,,0,100,,2693,29,,,0,100,,2694,29,,,0,100,,2695,29,,,0,100,,2691,29,,,0,100,,2686,29,,,0,100,,2687,29,,,0,110,,2684,14,,,0
1500,'5475',1856,,3122,12,0,14 15,0,164,,3125,12,0,13,0,123,,3127,12,0,13,0,85,,3129,12,0,13,0,180,,3132,12,0,13,0,124,,3130,12,0,13,0
1500,'5501',1856,,3134,12,0,14 15,0,164,,3137,12,0,13,0,123,,3139,12,0,13,0,85,,3141,12,0,13,0
1500,'5503',1856,,3142,12,0,13,0,164,,3144,12,0,13,0,123,,3146,12,0,13,0,85,,3148,12,0,13,0
1500,'5505',1856,,3149,12,0,14 15,0,164,,3152,12,0,13,0,123,,3154,12,0,13,0,85,,3156,12,0,13,0
1500,'5506',1856,,3157,12,0,14 15,0,164,,3160,12,0,13,0,123,,3162,12,0,13,0,85,,3164,12,0,13,0
1500,'5508',1856,,3165,12,0,14 15,0,164,,3168,12,0,13,0,123,,3170,12,0,13,0,85,,3172,12,0,13,0
1501,'5475',1931,,3173,24,0,7,0,124,,3175,24,0,7,0,388,,3180,24,0,7,0,164,,3178,24,0,7,0
1501,'5501',1931,,3181,24,0,7,0,124,,3183,24,0,7,0
1501,'5503',1931,,3186,24,0,7,0,124,,3187,24,0,7,0
1501,'5505',1931,,3189,24,0,7,0,124,,3191,24,0,7,0
1501,'5506',1931,,3193,24,0,7,0,124,,3195,24,0,7,0
1501,'5508',1931,,3197,24,0,7,0,124,,3199,24,0,7,0
