200,'5475',634,,3972,8,,,0,100,,3973,8,,,0,100,,3974,8,,,0,100,,3975,8,,,0,100,,3976,8,,,0,100,,3977,8,,,0,100,,3978,8,,,0,100,,3979,8,,,0,100,,3980,8,,,0,100,,3981,8,,,0,100,,3982,8,,,0,100,,3983,8,,,0
200,'5501',634,,3984,8,,,0,100,,3985,8,,,0,100,,3986,8,,,0,100,,3987,8,,,0,100,,3988,8,,,0,100,,3989,8,,,0,100,,3990,8,,,0,100,,3991,8,,,0,100,,3992,8,,,0,100,,3993,8,,,0,100,,3994,8,,,0,100,,3995,8,,,0
200,'5503',834,,3996,8,,,0,100,,3997,8,,,0,100,,3998,8,,,0,100,,3999,8,,,0,100,,4000,8,,,0,100,,4001,8,,,0,100,,4002,8,,,0,100,,4003,8,,,0,100,,4004,8,,,0,100,,4005,8,,,0
200,'5505',634,,4006,8,,,0,100,,4007,8,,,0,100,,4008,8,,,0,100,,4009,8,,,0,100,,4010,8,,,0,100,,4011,8,,,0,100,,4012,8,,,0,100,,4013,8,,,0,100,,4014,8,,,0,100,,4015,8,,,0,100,,4016,8,,,0,100,,4017,8,,,0
200,'5506',634,,4018,8,,,0,100,,4019,8,,,0,100,,4020,8,,,0,100,,4021,8,,,0,100,,4022,8,,,0,100,,4023,8,,,0,100,,4024,8,,,0,100,,4025,8,,,0,100,,4026,8,,,0,100,,4027,8,,,0,100,,4028,8,,,0,100,,4029,8,,,0
200,'5508',634,,4030,8,,,0,100,,4031,8,,,0,100,,4032,8,,,0,100,,4033,8,,,0,100,,4034,8,,,0,100,,4035,8,,,0,100,,4036,8,,,0,100,,4037,8,,,0,100,,4038,8,,,0,100,,4039,8,,,0,100,,4040,8,,,0,100,,4041,8,,,0
401,'5475',736,,4354,10,,,0,100,,4355,10,,,0,100,,4356,10,,,0,100,,4357,10,,,0,100,,4358,10,,,0,100,,4359,10,,,0,100,,4351,10,,,0,100,,4352,10,,,0,100,,4349,10,,,0,100,,4348,10,,,0,100,,4350,10,,,0,108,,4347,10,0,7 6,0
401,'5501',736,,4367,10,,,0,100,,4368,10,,,0,100,,4369,10,,,0,100,,4370,10,,,0,100,,4371,10,,,0,100,,4372,10,,,0,100,,4364,10,,,0,100,,4365,10,,,0,100,,4362,10,,,0,100,,4361,10,,,0,100,,4363,10,,,0,108,,4360,10,0,7 6,0
401,'5503',836,,4373,10,,,0,100,,4375,10,,,0,100,,4376,10,,,0,100,,4374,10,,,0,100,,4378,10,,,0,100,,4377,10,,,0,100,,4379,10,,,0,100,,4380,10,,,0,100,,4381,10,,,0,100,,4382,10,,,0,108,,4383,10,0,7 6,0
401,'5505',736,,4391,10,,,0,100,,4392,10,,,0,100,,4393,10,,,0,100,,4394,10,,,0,100,,4395,10,,,0,100,,4396,10,,,0,100,,4388,10,,,0,100,,4389,10,,,0,100,,4386,10,,,0,100,,4385,10,,,0,100,,4387,10,,,0,108,,4384,10,0,7 6,0
401,'5506',736,,4404,10,,,0,100,,4405,10,,,0,100,,4406,10,,,0,100,,4407,10,,,0,100,,4408,10,,,0,100,,4409,10,,,0,100,,4401,10,,,0,100,,4402,10,,,0,100,,4399,10,,,0,100,,4398,10,,,0,100,,4400,10,,,0,108,,4397,10,0,7 6,0
401,'5508',736,,4417,10,,,0,100,,4418,10,,,0,100,,4419,10,,,0,100,,4420,10,,,0,100,,4421,10,,,0,100,,4422,10,,,0,100,,4414,10,,,0,100,,4415,10,,,0,100,,4412,10,,,0,100,,4411,10,,,0,100,,4413,10,,,0,108,,4410,10,0,7 6,0
1000,'5475',645,,4711,8,,,0,162,,4712,8,,,0,428,,4713,8,,,0,407,,4714,8,,,0
1000,'5501',645,,4715,8,,,0,162,,4716,8,,,0,428,,4717,8,,,0,407,,4718,8,,,0
1000,'5503',807,,4719,8,,,0,428,,4720,8,,,0,407,,4721,8,,,0
1000,'5505',645,,4722,8,,,0,162,,4723,8,,,0,428,,4724,8,,,0,407,,4725,8,,,0
1000,'5506',645,,4726,8,,,0,162,,4727,8,,,0,428,,4728,8,,,0,407,,4729,8,,,0
1500,'5475',2006,,4775,13,,,0,124,,4777,13,,,0,85,,4779,13,,,0,40,,4784,13,,,0,263,,4782,13,,,0
1500,'5501',2006,,4787,13,,,0,124,,4789,13,,,0,85,,4791,13,,,0
1500,'5503',2006,,4794,13,,,0,124,,4796,13,,,0,85,,4798,13,,,0
1500,'5505',2006,,4802,13,,,0,124,,4804,13,,,0,85,,4806,13,,,0
1500,'5506',2006,,4810,13,,,0,124,,4812,13,,,0,85,,4814,13,,,0
1500,'5508',2006,,4818,13,,,0,124,,4820,13,,,0,85,,4822,13,,,0
