500,'5475',727,,4423,11,,,0,30,,4445,11,,,0,70,,4425,11,,,0,30,,4443,11,,,0,70,,4426,11,,,0,30,,4433,11,,,0,70,,4427,11,,,0,30,,4434,11,,,0,70,,4424,11,,,0,30,,4435,11,,,0,70,,4429,11,,,0,30,,4436,11,,,0,70,,4428,11,,,0,30,,4437,11,,,0,70,,4430,11,,,0,30,,4439,11,,,0,70,,4431,11,,,0,30,,4446,11,,,0,70,,4432,11,,,0,30,,4444,11,,,0,70,,4438,11,,,0,30,,4440,11,,,0,70,,4441,11,,,0
500,'5501',727,,4447,11,,,0,30,,4469,11,0,11 12,0,70,,4449,11,,,0,30,,4467,11,,,0,70,,4450,11,,,0,30,,4457,11,,,0,70,,4451,11,,,0,30,,4458,11,,,0,70,,4448,11,,,0,30,,4459,11,,,0,70,,4453,11,,,0,30,,4460,11,,,0,70,,4452,11,,,0,30,,4461,11,,,0,70,,4454,11,,,0,30,,4463,11,,,0,70,,4455,11,,,0,73,,4470,11,,,0,27,,4456,11,,,0,30,,4468,11,,,0,70,,4462,11,,,0,30,,4464,11,,,0,70,,4465,11,,,0
500,'5503',927,,4471,11,,,0,30,,4487,11,,,0,70,,4476,11,,,0,30,,4484,11,,,0,70,,4477,11,,,0,30,,4485,11,,,0,70,,4479,11,,,0,30,,4483,11,,,0,70,,4480,11,,,0,30,,4486,11,,,0,70,,4478,11,,,0,30,,4488,11,,,0,70,,4475,11,,,0,30,,4482,11,,,0,70,,4474,11,,,0,30,,4481,11,,,0,70,,4472,11,,,0,30,,4489,11,,,0,70,,4473,11,,,0
500,'5504',1257,,4491,11,,,0,100,,4492,11,,,0,100,,4493,11,,,0,100,,4494,11,,,0
500,'5505',727,,4495,11,,,0,30,,4517,11,0,11 12,0,70,,4497,11,,,0,30,,4515,11,,,0,70,,4498,11,,,0,30,,4505,11,,,0,70,,4499,11,,,0,30,,4506,11,,,0,70,,4496,11,,,0,30,,4507,11,,,0,70,,4501,11,,,0,30,,4508,11,,,0,70,,4500,11,,,0,30,,4509,11,,,0,70,,4502,11,,,0,30,,4511,11,,,0,70,,4503,11,,,0,73,,4518,11,,,0,27,,4504,11,,,0,30,,4516,11,,,0,70,,4510,11,,,0,30,,4512,11,,,0,70,,4513,11,,,0
500,'5506',727,,4519,11,,,0,30,,4541,11,,,0,70,,4521,11,,,0,30,,4539,11,,,0,70,,4522,11,,,0,30,,4529,11,,,0,70,,4523,11,,,0,30,,4530,11,,,0,70,,4520,11,,,0,30,,4531,11,,,0,70,,4525,11,,,0,30,,4532,11,,,0,70,,4524,11,,,0,30,,4533,11,,,0,70,,4526,11,,,0,30,,4535,11,,,0,70,,4527,11,,,0,30,,4542,11,,,0,70,,4528,11,,,0,30,,4540,11,,,0,70,,4534,11,,,0,30,,4536,11,,,0,70,,4537,11,,,0
500,'5508',727,,4543,11,,,0,30,,4565,11,,,0,70,,4545,11,,,0,30,,4563,11,,,0,70,,4546,11,,,0,30,,4553,11,,,0,70,,4547,11,,,0,30,,4554,11,,,0,70,,4544,11,,,0,30,,4555,11,,,0,70,,4549,11,,,0,30,,4556,11,,,0,70,,4548,11,,,0,30,,4557,11,,,0,70,,4550,11,,,0,30,,4559,11,,,0,70,,4551,11,,,0,30,,4566,11,,,0,70,,4552,11,,,0,30,,4564,11,,,0,70,,4558,11,,,0,30,,4560,11,,,0,70,,4561,11,,,0
1501,'5475',1923,,4824,13,0,7,0,124,,4826,13,0,7,0,388,,4831,13,0,7,0,124,,4829,13,0,7,0
1501,'5501',1923,,4832,13,0,7,0,124,,4834,13,0,7,0
1501,'5503',1923,,4837,13,0,7,0,124,,4838,13,0,7,0
1501,'5505',1923,,4840,13,0,7,0,124,,4842,13,0,7,0
1501,'5506',1923,,4844,13,0,7,0,124,,4846,13,0,7,0
1501,'5508',1923,,4848,13,0,7,0,124,,4850,13,0,7,0
2000,'5475',753,,4871,22,0,8 9,0,170,,4872,22,0,8 9,0,300,,4873,22,0,8 9,0,428,,4875,14,0,10,0,170,,4874,14,0,10,0
2000,'5501',753,,4876,22,0,8 9,0,170,,4877,22,0,8 9,0,300,,4878,22,0,8 9,0,428,,4880,14,0,10,0,170,,4879,14,0,10,0
2000,'5505',753,,4881,22,0,8 9,0,170,,4882,22,0,8 9,0,300,,4883,22,0,8 9,0,428,,4885,14,0,10,0,170,,4884,14,0,10,0
2000,'5506',753,,4886,22,0,8 9,0,170,,4887,22,0,8 9,0,300,,4888,22,0,8 9,0,428,,4890,14,0,10,0,170,,4889,14,0,10,0
1000100,'5475',1908,,5055,16,,,0,30,,5066,16,,,0,70,,5064,16,,,0,30,,5065,16,,,0,70,,5061,16,,,0,30,,5063,16,,,0,70,,5062,16,,,0,30,,5060,16,,,0,170,,5057,16,,,0,30,,5059,16,,,0,70,,5056,16,,,0,30,,5058,16,,,0
