200,'5475',642,,3972,15,,,0,100,,3973,15,,,0,100,,3974,15,,,0,100,,3975,15,,,0,100,,3976,15,,,0,100,,3977,15,,,0,100,,3978,15,,,0,100,,3979,15,,,0,100,,3980,15,,,0,100,,3981,15,,,0,100,,3982,15,,,0,100,,3983,15,,,0
200,'5501',642,,3984,15,,,0,100,,3985,15,,,0,100,,3986,15,,,0,100,,3987,15,,,0,100,,3988,15,,,0,100,,3989,15,,,0,100,,3990,15,,,0,100,,3991,15,,,0,100,,3992,15,,,0,100,,3993,15,,,0,100,,3994,15,,,0,100,,3995,15,,,0
200,'5503',842,,3996,15,,,0,100,,3997,15,,,0,100,,3998,15,,,0,100,,3999,15,,,0,100,,4000,15,,,0,100,,4001,15,,,0,100,,4002,15,,,0,100,,4003,15,,,0,100,,4004,15,,,0,100,,4005,15,,,0
200,'5505',642,,4006,15,,,0,100,,4007,15,,,0,100,,4008,15,,,0,100,,4009,15,,,0,100,,4010,15,,,0,100,,4011,15,,,0,100,,4012,15,,,0,100,,4013,15,,,0,100,,4014,15,,,0,100,,4015,15,,,0,100,,4016,15,,,0,100,,4017,15,,,0
200,'5506',642,,4018,15,,,0,100,,4019,15,,,0,100,,4020,15,,,0,100,,4021,15,,,0,100,,4022,15,,,0,100,,4023,15,,,0,100,,4024,15,,,0,100,,4025,15,,,0,100,,4026,15,,,0,100,,4027,15,,,0,100,,4028,15,,,0,100,,4029,15,,,0
200,'5508',642,,4030,15,,,0,100,,4031,15,,,0,100,,4032,15,,,0,100,,4033,15,,,0,100,,4034,15,,,0,100,,4035,15,,,0,100,,4036,15,,,0,100,,4037,15,,,0,100,,4038,15,,,0,100,,4039,15,,,0,100,,4040,15,,,0,100,,4041,15,,,0
1100,'5475',955,,4749,7,,,0,348,,4750,7,,,0
1100,'5501',955,,4752,7,,,0,348,,4753,7,,,0
1100,'5505',955,,4755,7,,,0,348,,4756,7,,,0
1100,'5506',955,,4758,7,,,0,348,,4759,7,,,0
1500,'5475',2012,,4775,20,,,0,124,,4777,20,,,0,85,,4779,20,,,0,80,,4784,20,,,0,223,,4782,20,,,0
1500,'5501',2012,,4787,20,,,0,124,,4789,20,,,0,85,,4791,20,,,0
1500,'5503',2012,,4794,20,,,0,124,,4796,20,,,0,85,,4798,20,,,0
1500,'5505',2012,,4802,20,,,0,124,,4804,20,,,0,85,,4806,20,,,0
1500,'5506',2012,,4810,20,,,0,124,,4812,20,,,0,85,,4814,20,,,0
1500,'5508',2012,,4818,20,,,0,124,,4820,20,,,0,85,,4822,20,,,0
4000,'5475',840,,4992,27,4,,0,516,,4991,27,4,,0
4000,'5501',840,,4994,27,4,,0,516,,4993,27,4,,0
4000,'5505',840,,4996,27,4,,0,516,,4995,27,4,,0
4000,'5506',840,,4999,27,4,,0,516,,4998,27,4,,0
7001,'5475',843,,5039,11,0,14 15,0,296,,5040,9,0,14 15,0,365,,5041,11,0,14 15,0,305,,5042,9,,,0
7001,'5501',843,,5043,11,0,14 15,0,296,,5044,9,0,14 15,0,365,,5045,11,0,14 15,0,305,,5046,9,,,0
7001,'5505',843,,5047,11,0,14 15,0,296,,5048,9,0,14 15,0,365,,5049,11,0,14 15,0,305,,5050,9,,,0
7001,'5506',843,,5051,11,0,14 15,0,296,,5052,9,0,14 15,0,365,,5053,11,0,14 15,0,305,,5054,9,,,0
