100,'5475',617,,2169,3,,,0,100,,2170,3,,,0,200,,2172,3,,,0,100,,2173,3,,,0,100,,2174,3,,,0,100,,2175,3,,,0,100,,2176,3,,,0,100,,2177,3,,,0,100,,2178,3,,,0,100,,2179,3,,,0,100,,2180,3,,,0,100,,2181,3,0,5 6,0
100,'5501',617,,2182,3,,,0,100,,2183,3,,,0,200,,2185,3,,,0,100,,2186,3,,,0,100,,2187,3,,,0,100,,2188,3,,,0,100,,2189,3,,,0,100,,2190,3,,,0,100,,2191,3,,,0,100,,2192,3,,,0,100,,2193,3,,,0,100,,2194,3,0,5 6,0
100,'5503',917,,2197,3,,,0,100,,2201,3,,,0,100,,2205,3,,,0,100,,2198,3,,,0,100,,2196,3,,,0,100,,2202,3,,,0,100,,2200,3,,,0,100,,2199,3,,,0,100,,2204,3,,,0,100,,2203,3,0,5 6,0
100,'5505',617,,2206,3,,,0,100,,2207,3,,,0,200,,2209,3,,,0,100,,2210,3,,,0,100,,2211,3,,,0,100,,2212,3,,,0,100,,2213,3,,,0,100,,2214,3,,,0,100,,2215,3,,,0,100,,2216,3,,,0,100,,2217,3,,,0,100,,2218,3,0,5 6,0
100,'5506',617,,2219,3,,,0,100,,2220,3,,,0,200,,2222,3,,,0,100,,2223,3,,,0,100,,2224,3,,,0,100,,2225,3,,,0,100,,2226,3,,,0,100,,2227,3,,,0,100,,2228,3,,,0,100,,2229,3,,,0,100,,2230,3,,,0,100,,2231,3,0,5 6,0
100,'5508',617,,2232,3,,,0,100,,2233,3,,,0,200,,2235,3,,,0,100,,2236,3,,,0,100,,2237,3,,,0,100,,2238,3,,,0,100,,2239,3,,,0,100,,2240,3,,,0,100,,2241,3,,,0,100,,2242,3,,,0,100,,2243,3,,,0,100,,2244,3,0,5 6,0
501,'5475',706,,2916,19,,,0,30,,2926,19,,,0,70,,2917,21,,,0,30,,2938,21,,,0,70,,2919,21,,,0,30,,2927,21,,,0,70,,2920,21,,,0,30,,2928,21,,,0,70,,2921,21,,,0,30,,2929,21,,,0,70,,2918,21,,,0,30,,2930,21,,,0,70,,2923,21,,,0,30,,2931,21,,,0,70,,2922,21,,,0,30,,2932,21,,,0,70,,2924,21,,,0,30,,2939,21,,,0,70,,2925,21,,,0,30,,2937,21,,,0,70,,2933,21,,,0,30,,2934,21,,,0,70,,2935,21,,,0,30,,2936,21,,,0
501,'5501',706,,2940,19,,,0,30,,2950,19,,,0,70,,2941,21,,,0,34,,2962,21,,,0,66,,2943,21,,,0,30,,2951,21,,,0,70,,2944,21,,,0,30,,2952,21,,,0,70,,2945,21,,,0,30,,2953,21,,,0,70,,2942,21,,,0,30,,2954,21,,,0,70,,2947,21,,,0,30,,2955,21,,,0,70,,2946,21,,,0,30,,2956,21,,,0,70,,2948,21,,,0,40,,2963,37,0,11 12,0,60,,2949,21,,,0,33,,2961,21,,,0,67,,2957,21,,,0,30,,2958,21,,,0,70,,2959,21,,,0,30,,2960,21,,,0
501,'5503',906,,2969,19,,,0,30,,2980,19,,,0,70,,2971,21,,,0,30,,2981,21,,,0,70,,2972,21,,,0,30,,2977,21,,,0,70,,2968,21,,,0,30,,2978,21,,,0,70,,2973,21,,,0,30,,2979,21,,,0,70,,2964,21,,,0,30,,2982,21,,,0,70,,2965,21,,,0,30,,2983,21,,,0,70,,2966,21,,,0,30,,2974,21,,,0,70,,2967,21,,,0,30,,2975,21,,,0,70,,2970,21,,,0,30,,2976,21,,,0
501,'5504',1236,,2984,21,,,0,100,,2985,21,,,0,100,,2986,21,,,0,100,,2987,21,,,0
501,'5505',706,,2988,19,,,0,30,,2998,19,,,0,70,,2989,21,,,0,34,,3010,21,,,0,66,,2991,21,,,0,30,,2999,21,,,0,70,,2992,21,,,0,30,,3000,21,,,0,70,,2993,21,,,0,30,,3001,21,,,0,70,,2990,21,,,0,30,,3002,21,,,0,70,,2995,21,,,0,30,,3003,21,,,0,70,,2994,21,,,0,30,,3004,21,,,0,70,,2996,21,,,0,40,,3011,37,0,11 12,0,60,,2997,21,,,0,33,,3009,21,,,0,67,,3005,21,,,0,30,,3006,21,,,0,70,,3007,21,,,0,30,,3008,21,,,0
501,'5506',706,,3012,19,,,0,30,,3022,19,,,0,70,,3013,21,,,0,30,,3034,21,,,0,70,,3015,21,,,0,30,,3023,21,,,0,70,,3016,21,,,0,30,,3024,21,,,0,70,,3017,21,,,0,30,,3025,21,,,0,70,,3014,21,,,0,30,,3026,21,,,0,70,,3019,21,,,0,30,,3027,21,,,0,70,,3018,21,,,0,30,,3028,21,,,0,70,,3020,21,,,0,30,,3035,21,,,0,70,,3021,21,,,0,30,,3033,21,,,0,70,,3029,21,,,0,30,,3030,21,,,0,70,,3031,21,,,0,30,,3032,21,,,0
501,'5508',706,,3036,19,,,0,30,,3046,19,,,0,70,,3037,21,,,0,30,,3058,21,,,0,70,,3039,21,,,0,30,,3047,21,,,0,70,,3040,21,,,0,30,,3048,21,,,0,70,,3041,21,,,0,30,,3049,21,,,0,70,,3038,21,,,0,30,,3050,21,,,0,70,,3043,21,,,0,30,,3051,21,,,0,70,,3042,21,,,0,30,,3052,21,,,0,70,,3044,21,,,0,30,,3059,21,,,0,70,,3045,21,,,0,30,,3057,21,,,0,70,,3053,21,,,0,30,,3054,21,,,0,70,,3055,21,,,0,30,,3056,21,,,0
