200,'5475',644,,2321,17,,,0,100,,2322,17,,,0,100,,2323,17,,,0,100,,2324,17,,,0,100,,2325,17,,,0,100,,2326,17,,,0,100,,2327,17,,,0,100,,2328,17,,,0,100,,2329,17,,,0,100,,2330,17,,,0,100,,2331,17,,,0,100,,2332,17,,,0
200,'5501',644,,2333,17,,,0,100,,2334,17,,,0,100,,2335,17,,,0,100,,2336,17,,,0,100,,2337,17,,,0,100,,2338,17,,,0,100,,2339,17,,,0,100,,2340,17,,,0,100,,2341,17,,,0,100,,2342,17,,,0,100,,2343,17,,,0,100,,2344,17,,,0
200,'5503',844,,2345,17,,,0,100,,2346,17,,,0,100,,2347,17,,,0,100,,2348,17,,,0,100,,2349,17,,,0,100,,2350,17,,,0,100,,2351,17,,,0,100,,2352,17,,,0,100,,2353,17,,,0,100,,2354,17,,,0
200,'5505',644,,2355,17,,,0,100,,2356,17,,,0,100,,2357,17,,,0,100,,2358,17,,,0,100,,2359,17,,,0,100,,2360,17,,,0,100,,2361,17,,,0,100,,2362,17,,,0,100,,2363,17,,,0,100,,2364,17,,,0,100,,2365,17,,,0,100,,2366,17,,,0
200,'5506',644,,2367,17,,,0,100,,2368,17,,,0,100,,2369,17,,,0,100,,2370,17,,,0,100,,2371,17,,,0,100,,2372,17,,,0,100,,2373,17,,,0,100,,2374,17,,,0,100,,2375,17,,,0,100,,2376,17,,,0,100,,2377,17,,,0,100,,2378,17,,,0
200,'5508',644,,2379,17,,,0,100,,2380,17,,,0,100,,2381,17,,,0,100,,2382,17,,,0,100,,2383,17,,,0,100,,2384,17,,,0,100,,2385,17,,,0,100,,2386,17,,,0,100,,2387,17,,,0,100,,2388,17,,,0,100,,2389,17,,,0,100,,2390,17,,,0
1000,'5475',648,,3060,12,,,0,162,,3061,12,,,0,429,,3062,12,,,0,407,,3063,12,,,0
1000,'5501',648,,3064,12,,,0,162,,3065,12,,,0,429,,3066,12,,,0,407,,3067,12,,,0
1000,'5503',810,,3068,12,,,0,429,,3069,12,,,0,407,,3070,12,,,0
1000,'5505',648,,3071,12,,,0,162,,3072,12,,,0,429,,3073,12,,,0,407,,3074,12,,,0
1000,'5506',648,,3075,12,,,0,162,,3076,12,,,0,429,,3077,12,,,0,407,,3078,12,,,0
1500,'5475',2014,,3124,22,,,0,124,,3126,22,,,0,85,,3128,22,,,0,80,,3133,22,,,0,223,,3131,22,,,0
1500,'5501',2014,,3136,22,,,0,124,,3138,22,,,0,85,,3140,22,,,0
1500,'5503',2014,,3143,22,,,0,124,,3145,22,,,0,85,,3147,22,,,0
1500,'5505',2014,,3151,22,,,0,124,,3153,22,,,0,85,,3155,22,,,0
1500,'5506',2014,,3159,22,,,0,124,,3161,22,,,0,85,,3163,22,,,0
1500,'5508',2014,,3167,22,,,0,124,,3169,22,,,0,85,,3171,22,,,0
4000,'5475',844,,3341,29,4,,0,556,,3340,29,4,,0
4000,'5501',844,,3343,29,4,,0,556,,3342,29,4,,0
4000,'5505',844,,3345,29,4,,0,556,,3344,29,4,,0
4000,'5506',844,,3348,29,4,,0,556,,3347,29,4,,0
7001,'5475',845,,3388,13,0,14 15,0,296,,3389,11,0,14 15,0,365,,3390,13,0,14 15,0,305,,3391,11,,,0
7001,'5501',845,,3392,13,0,14 15,0,296,,3393,11,0,14 15,0,365,,3394,13,0,14 15,0,305,,3395,11,,,0
7001,'5505',845,,3396,13,0,14 15,0,296,,3397,11,0,14 15,0,365,,3398,13,0,14 15,0,305,,3399,11,,,0
7001,'5506',845,,3400,13,0,14 15,0,296,,3401,11,0,14 15,0,365,,3402,13,0,14 15,0,305,,3403,11,,,0
