200,'5475',648,,3972,25,,,0,100,,3973,25,,,0,100,,3974,25,,,0,100,,3975,25,,,0,100,,3976,25,,,0,100,,3977,25,,,0,100,,3978,25,,,0,100,,3979,25,,,0,100,,3980,25,,,0,100,,3981,25,,,0,100,,3982,25,,,0,100,,3983,25,,,0
200,'5501',648,,3984,25,,,0,100,,3985,25,,,0,100,,3986,25,,,0,100,,3987,25,,,0,100,,3988,25,,,0,100,,3989,25,,,0,100,,3990,25,,,0,100,,3991,25,,,0,100,,3992,25,,,0,100,,3993,25,,,0,100,,3994,25,,,0,100,,3995,25,,,0
200,'5503',848,,3996,25,,,0,100,,3997,25,,,0,100,,3998,25,,,0,100,,3999,25,,,0,100,,4000,25,,,0,100,,4001,25,,,0,100,,4002,25,,,0,100,,4003,25,,,0,100,,4004,25,,,0,100,,4005,25,,,0
200,'5505',648,,4006,25,,,0,100,,4007,25,,,0,100,,4008,25,,,0,100,,4009,25,,,0,100,,4010,25,,,0,100,,4011,25,,,0,100,,4012,25,,,0,100,,4013,25,,,0,100,,4014,25,,,0,100,,4015,25,,,0,100,,4016,25,,,0,100,,4017,25,,,0
200,'5506',648,,4018,25,,,0,100,,4019,25,,,0,100,,4020,25,,,0,100,,4021,25,,,0,100,,4022,25,,,0,100,,4023,25,,,0,100,,4024,25,,,0,100,,4025,25,,,0,100,,4026,25,,,0,100,,4027,25,,,0,100,,4028,25,,,0,100,,4029,25,,,0
200,'5508',648,,4030,25,,,0,100,,4031,25,,,0,100,,4032,25,,,0,100,,4033,25,,,0,100,,4034,25,,,0,100,,4035,25,,,0,100,,4036,25,,,0,100,,4037,25,,,0,100,,4038,25,,,0,100,,4039,25,,,0,100,,4040,25,,,0,100,,4041,25,,,0
500,'5501',802,,4469,18,0,11 12,0
500,'5505',802,,4517,18,0,11 12,0
501,'5501',1520,,4614,10,0,11 12,0
501,'5505',1520,,4662,10,0,11 12,0
3001,'5475',753,,4961,18,,,0,350,,4962,16,,,0,145,,4965,16,,,0,295,,4963,18,,,0,170,,4964,16,,,0
3001,'5501',753,,4966,18,,,0,350,,4967,16,,,0,145,,4970,16,,,0,295,,4968,18,,,0,170,,4969,16,,,0
3001,'5503',853,,4971,18,,,0,250,,4972,16,,,0,145,,4973,16,,,0,295,,4974,18,,,0,170,,4975,16,,,0
3001,'5505',753,,4976,18,,,0,350,,4977,16,,,0,145,,4980,16,,,0,295,,4978,18,,,0,170,,4979,16,,,0
3001,'5506',753,,4981,18,,,0,350,,4982,16,,,0,145,,4985,16,,,0,295,,4983,18,,,0,170,,4984,16,,,0
3001,'5508',753,,4986,18,,,0,350,,4987,16,,,0,145,,4990,16,,,0,295,,4988,18,,,0,170,,4989,16,,,0
4001,'5475',953,,5000,11,,,0,604,,5001,11,,,0
4001,'5501',953,,5002,11,,,0,604,,5003,11,,,0
4001,'5505',953,,5004,11,,,0,604,,5005,11,,,0
4001,'5506',953,,5007,11,,,0,604,,5008,11,,,0
7000,'5475',606,,5023,23,,,0,305,,5024,6,,,0,324,,5025,6,,,0,300,,5026,6,,,0
7000,'5501',606,,5027,23,,,0,305,,5028,6,,,0,324,,5029,6,,,0,300,,5030,6,,,0
7000,'5505',606,,5031,23,,,0,305,,5032,6,,,0,324,,5033,6,,,0,300,,5034,6,,,0
7000,'5506',606,,5035,23,,,0,305,,5036,6,,,0,324,,5037,6,,,0,300,,5038,6,,,0
