501,'5475',657,,4567,11,,,0,70,,4577,11,,,0,30,,4568,13,,,0,70,,4589,13,,,0,30,,4570,13,,,0,70,,4578,13,,,0,30,,4571,13,,,0,70,,4579,13,,,0,30,,4572,13,,,0,70,,4580,13,,,0,30,,4569,13,,,0,70,,4581,13,,,0,30,,4574,13,,,0,70,,4582,13,,,0,30,,4573,13,,,0,70,,4583,13,,,0,30,,4575,13,,,0,70,,4590,13,,,0,30,,4576,13,,,0,70,,4588,13,,,0,30,,4584,13,,,0,70,,4585,13,,,0,30,,4586,13,,,0,70,,4587,13,,,0
501,'5501',657,,4591,11,,,0,70,,4601,11,,,0,30,,4592,13,,,0,74,,4613,13,,,0,26,,4594,13,,,0,70,,4602,13,,,0,30,,4595,13,,,0,70,,4603,13,,,0,30,,4596,13,,,0,70,,4604,13,,,0,30,,4593,13,,,0,70,,4605,13,,,0,30,,4598,13,,,0,70,,4606,13,,,0,30,,4597,13,,,0,70,,4607,13,,,0,30,,4599,13,,,0,80,,4614,29,0,11 12,0,20,,4600,13,,,0,73,,4612,13,,,0,27,,4608,13,,,0,70,,4609,13,,,0,30,,4610,13,,,0,70,,4611,13,,,0
501,'5503',857,,4620,11,,,0,70,,4631,11,,,0,30,,4622,13,,,0,70,,4632,13,,,0,30,,4623,13,,,0,70,,4628,13,,,0,30,,4619,13,,,0,70,,4629,13,,,0,30,,4624,13,,,0,70,,4630,13,,,0,30,,4615,13,,,0,70,,4633,13,,,0,30,,4616,13,,,0,70,,4634,13,,,0,30,,4617,13,,,0,70,,4625,13,,,0,30,,4618,13,,,0,70,,4626,13,,,0,30,,4621,13,,,0,70,,4627,13,,,0
501,'5504',1227,,4635,13,,,0,100,,4636,13,,,0,100,,4637,13,,,0,100,,4638,13,,,0
501,'5505',657,,4639,11,,,0,70,,4649,11,,,0,30,,4640,13,,,0,74,,4661,13,,,0,26,,4642,13,,,0,70,,4650,13,,,0,30,,4643,13,,,0,70,,4651,13,,,0,30,,4644,13,,,0,70,,4652,13,,,0,30,,4641,13,,,0,70,,4653,13,,,0,30,,4646,13,,,0,70,,4654,13,,,0,30,,4645,13,,,0,70,,4655,13,,,0,30,,4647,13,,,0,80,,4662,29,0,11 12,0,20,,4648,13,,,0,73,,4660,13,,,0,27,,4656,13,,,0,70,,4657,13,,,0,30,,4658,13,,,0,70,,4659,13,,,0
501,'5506',657,,4663,11,,,0,70,,4673,11,,,0,30,,4664,13,,,0,70,,4685,13,,,0,30,,4666,13,,,0,70,,4674,13,,,0,30,,4667,13,,,0,70,,4675,13,,,0,30,,4668,13,,,0,70,,4676,13,,,0,30,,4665,13,,,0,70,,4677,13,,,0,30,,4670,13,,,0,70,,4678,13,,,0,30,,4669,13,,,0,70,,4679,13,,,0,30,,4671,13,,,0,70,,4686,13,,,0,30,,4672,13,,,0,70,,4684,13,,,0,30,,4680,13,,,0,70,,4681,13,,,0,30,,4682,13,,,0,70,,4683,13,,,0
501,'5508',657,,4687,11,,,0,70,,4697,11,,,0,30,,4688,13,,,0,70,,4709,13,,,0,30,,4690,13,,,0,70,,4698,13,,,0,30,,4691,13,,,0,70,,4699,13,,,0,30,,4692,13,,,0,70,,4700,13,,,0,30,,4689,13,,,0,70,,4701,13,,,0,30,,4694,13,,,0,70,,4702,13,,,0,30,,4693,13,,,0,70,,4703,13,,,0,30,,4695,13,,,0,70,,4710,13,,,0,30,,4696,13,,,0,70,,4708,13,,,0,30,,4704,13,,,0,70,,4705,13,,,0,30,,4706,13,,,0,70,,4707,13,,,0
1500,'5475',1904,,4773,26,0,14 15,0,124,,4776,26,0,13,0,123,,4778,26,0,13,0,85,,4780,26,0,13,0,180,,4783,26,0,13,0,124,,4781,26,0,13,0
1500,'5501',1904,,4785,26,0,14 15,0,124,,4788,26,0,13,0,123,,4790,26,0,13,0,85,,4792,26,0,13,0
1500,'5503',1904,,4793,26,0,13,0,124,,4795,26,0,13,0,123,,4797,26,0,13,0,85,,4799,26,0,13,0
1500,'5505',1904,,4800,26,0,14 15,0,124,,4803,26,0,13,0,123,,4805,26,0,13,0,85,,4807,26,0,13,0
1500,'5506',1904,,4808,26,0,14 15,0,124,,4811,26,0,13,0,123,,4813,26,0,13,0,85,,4815,26,0,13,0
1500,'5508',1904,,4816,26,0,14 15,0,124,,4819,26,0,13,0,123,,4821,26,0,13,0,85,,4823,26,0,13,0
1601,'5504',935,,4862,21,0,22 18,0,100,,4864,21,0,22 18,0,100,,4863,21,0,22 18,0,100,,4865,21,0,22 18,0,100,,4867,21,0,22 18,0,100,,4866,21,0,22 18,0,100,,4868,21,0,22 18,0,100,,4869,21,0,22 18,0,100,,4870,21,0,22 18,0
1000100,'5475',1928,,5055,50,,,0,30,,5066,50,,,0,70,,5064,50,,,0,30,,5065,50,,,0,70,,5061,50,,,0,30,,5063,50,,,0,70,,5062,50,,,0,30,,5060,50,,,0,170,,5057,50,,,0,30,,5059,50,,,0,70,,5056,50,,,0,30,,5058,50,,,0
