101,'5475',703,,3897,15,,,0,100,,3898,15,,,0,100,,3899,15,,,0,100,,3900,15,,,0,100,,3902,15,,,0,100,,3901,15,,,0,100,,3904,15,,,0,100,,3903,15,,,0,100,,3905,15,,,0,100,,3906,15,,,0,100,,3907,15,,,0,100,,3908,15,,,0
101,'5501',703,,3910,15,,,0,100,,3911,15,,,0,100,,3912,15,,,0,100,,3913,15,,,0,100,,3915,15,,,0,100,,3914,15,,,0,100,,3917,15,,,0,100,,3916,15,,,0,100,,3918,15,,,0,100,,3919,15,,,0,100,,3920,15,,,0,100,,3921,15,,,0
101,'5503',903,,3926,15,,,0,100,,3928,15,,,0,100,,3922,15,,,0,100,,3924,15,,,0,100,,3927,15,,,0,100,,3925,15,,,0,100,,3929,15,,,0,100,,3923,15,,,0,100,,3930,15,,,0,100,,3931,15,,,0
101,'5505',703,,3934,15,,,0,100,,3935,15,,,0,100,,3936,15,,,0,100,,3937,15,,,0,100,,3939,15,,,0,100,,3938,15,,,0,100,,3941,15,,,0,100,,3940,15,,,0,100,,3942,15,,,0,100,,3943,15,,,0,100,,3944,15,,,0,100,,3945,15,,,0
101,'5506',703,,3947,15,,,0,100,,3948,15,,,0,100,,3949,15,,,0,100,,3950,15,,,0,100,,3952,15,,,0,100,,3951,15,,,0,100,,3954,15,,,0,100,,3953,15,,,0,100,,3955,15,,,0,100,,3956,15,,,0,100,,3957,15,,,0,100,,3958,15,,,0
101,'5508',703,,3960,15,,,0,100,,3961,15,,,0,100,,3962,15,,,0,100,,3963,15,,,0,100,,3965,15,,,0,100,,3964,15,,,0,100,,3967,15,,,0,100,,3966,15,,,0,100,,3968,15,,,0,100,,3969,15,,,0,100,,3970,15,,,0,100,,3971,15,,,0
301,'5475',633,,4194,7,,,0,100,,4195,17,,,0,100,,4196,10,,,0,100,,4197,17,,,0,100,,4198,17,,,0,100,,4199,17,,,0,100,,4200,17,,,0,100,,4201,17,,,0,100,,4202,17,,,0,100,,4203,17,,,0,100,,4204,17,,,0,100,,4205,17,,,0
301,'5501',633,,4207,7,,,0,100,,4208,17,,,0,100,,4209,10,,,0,100,,4210,17,,,0,100,,4211,17,,,0,100,,4212,17,,,0,100,,4213,17,,,0,100,,4214,17,,,0,100,,4215,17,,,0,100,,4216,17,,,0,100,,4217,17,,,0,100,,4218,17,,,0
301,'5503',833,,4221,10,,,0,100,,4220,17,,,0,100,,4223,17,,,0,100,,4222,17,,,0,100,,4224,17,,,0,100,,4225,17,,,0,100,,4226,17,,,0,100,,4227,17,,,0,100,,4228,17,,,0,100,,4230,17,,,0
301,'5505',633,,4231,7,,,0,100,,4232,17,,,0,100,,4233,10,,,0,100,,4234,17,,,0,100,,4235,17,,,0,100,,4236,17,,,0,100,,4237,17,,,0,100,,4238,17,,,0,100,,4239,17,,,0,100,,4240,17,,,0,100,,4241,17,,,0,100,,4242,17,,,0
301,'5506',633,,4244,7,,,0,100,,4245,17,,,0,100,,4246,10,,,0,100,,4247,17,,,0,100,,4248,17,,,0,100,,4249,17,,,0,100,,4250,17,,,0,100,,4251,17,,,0,100,,4252,17,,,0,100,,4253,17,,,0,100,,4254,17,,,0,100,,4255,17,,,0
301,'5508',633,,4257,7,,,0,100,,4258,17,,,0,100,,4259,10,,,0,100,,4260,17,,,0,100,,4261,17,,,0,100,,4262,17,,,0,100,,4263,17,,,0,100,,4264,17,,,0,100,,4265,17,,,0,100,,4266,17,,,0,100,,4267,17,,,0,100,,4268,17,,,0
1500,'5475',1852,,4773,7,0,14 15,0,164,,4776,7,0,13,0,124,,4778,7,0,13,0,85,,4780,7,0,13,0,179,,4783,7,0,13,0,124,,4781,7,0,13,0
1500,'5501',1852,,4785,7,0,14 15,0,164,,4788,7,0,13,0,124,,4790,7,0,13,0,85,,4792,7,0,13,0
1500,'5503',1852,,4793,7,0,13,0,164,,4795,7,0,13,0,124,,4797,7,0,13,0,85,,4799,7,0,13,0
1500,'5505',1852,,4800,7,0,14 15,0,164,,4803,7,0,13,0,124,,4805,7,0,13,0,85,,4807,7,0,13,0
1500,'5506',1852,,4808,7,0,14 15,0,164,,4811,7,0,13,0,124,,4813,7,0,13,0,85,,4815,7,0,13,0
1500,'5508',1852,,4816,7,0,14 15,0,164,,4819,7,0,13,0,124,,4821,7,0,13,0,85,,4823,7,0,13,0
7001,'5475',847,,5039,20,0,14 15,0,296,,5040,18,0,14 15,0,365,,5041,20,0,14 15,0,305,,5042,18,,,0
7001,'5501',847,,5043,20,0,14 15,0,296,,5044,18,0,14 15,0,365,,5045,20,0,14 15,0,305,,5046,18,,,0
7001,'5505',847,,5047,20,0,14 15,0,296,,5048,18,0,14 15,0,365,,5049,20,0,14 15,0,305,,5050,18,,,0
7001,'5506',847,,5051,20,0,14 15,0,296,,5052,18,0,14 15,0,365,,5053,20,0,14 15,0,305,,5054,18,,,0
