400,'5475',715,,4270,17,,,0,100,,4275,17,,,0,100,,4276,17,,,0,100,,4277,17,,,0,100,,4279,17,,,0,100,,4280,17,,,0,100,,4281,17,,,0,100,,4282,17,,,0,100,,4278,17,,,0,100,,4273,17,,,0,100,,4274,17,,,0,110,,4271,2,,,0
400,'5501',715,,4283,17,,,0,100,,4288,17,,,0,100,,4289,17,,,0,100,,4290,17,,,0,100,,4292,17,,,0,100,,4293,17,,,0,100,,4294,17,,,0,100,,4295,17,,,0,100,,4291,17,,,0,100,,4286,17,,,0,100,,4287,17,,,0,110,,4284,2,,,0
400,'5503',815,,4299,17,,,0,100,,4302,17,,,0,100,,4296,17,,,0,100,,4297,17,,,0,100,,4300,17,,,0,100,,4301,17,,,0,100,,4298,17,,,0,100,,4303,17,,,0,100,,4304,17,,,0,100,,4305,17,,,0,110,,4307,2,,,0
400,'5505',715,,4308,17,,,0,100,,4313,17,,,0,100,,4314,17,,,0,100,,4315,17,,,0,100,,4317,17,,,0,100,,4318,17,,,0,100,,4319,17,,,0,100,,4320,17,,,0,100,,4316,17,,,0,100,,4311,17,,,0,100,,4312,17,,,0,110,,4309,2,,,0
400,'5506',715,,4321,17,,,0,100,,4326,17,,,0,100,,4327,17,,,0,100,,4328,17,,,0,100,,4330,17,,,0,100,,4331,17,,,0,100,,4332,17,,,0,100,,4333,17,,,0,100,,4329,17,,,0,100,,4324,17,,,0,100,,4325,17,,,0,110,,4322,2,,,0
400,'5508',715,,4334,17,,,0,100,,4339,17,,,0,100,,4340,17,,,0,100,,4341,17,,,0,100,,4343,17,,,0,100,,4344,17,,,0,100,,4345,17,,,0,100,,4346,17,,,0,100,,4342,17,,,0,100,,4337,17,,,0,100,,4338,17,,,0,110,,4335,2,,,0
1100,'5475',956,,4749,10,,,0,348,,4750,10,,,0
1100,'5501',956,,4752,10,,,0,348,,4753,10,,,0
1100,'5505',956,,4755,10,,,0,348,,4756,10,,,0
1100,'5506',956,,4758,10,,,0,348,,4759,10,,,0
