100,'5475',828,,2171,4,,,0
100,'5501',828,,2184,4,,,0
100,'5503',828,,2195,4,,,0
100,'5505',828,,2208,4,,,0
100,'5506',828,,2221,4,,,0
100,'5508',828,,2234,4,,,0
300,'5475',657,,2467,6,,,0,100,,2468,6,0,11 12,0,100,,2469,6,,,0,100,,2470,6,,,0,100,,2472,6,,,0,100,,2471,6,,,0,100,,2473,6,,,0,100,,2474,6,,,0,100,,2475,6,,,0,100,,2476,6,,,0,100,,2477,6,,,0,100,,2478,6,0,7 6,0
300,'5501',657,,2480,6,,,0,100,,2481,6,0,11 12,0,100,,2482,6,,,0,100,,2483,6,,,0,100,,2485,6,,,0,100,,2484,6,,,0,100,,2486,6,,,0,100,,2487,6,,,0,100,,2488,6,,,0,100,,2489,6,,,0,100,,2490,6,,,0,100,,2491,6,0,7 6,0
300,'5503',857,,2495,6,,,0,100,,2496,6,,,0,100,,2493,6,,,0,100,,2497,6,,,0,100,,2498,6,,,0,100,,2499,6,,,0,100,,2500,6,,,0,100,,2501,6,,,0,100,,2502,6,,,0,100,,2503,6,,,0
300,'5505',657,,2504,6,,,0,100,,2505,6,0,11 12,0,100,,2506,6,,,0,100,,2507,6,,,0,100,,2509,6,,,0,100,,2508,6,,,0,100,,2510,6,,,0,100,,2511,6,,,0,100,,2512,6,,,0,100,,2513,6,,,0,100,,2514,6,,,0,100,,2515,6,0,7 6,0
300,'5506',657,,2517,6,,,0,100,,2518,6,0,11 12,0,100,,2519,6,,,0,100,,2520,6,,,0,100,,2522,6,,,0,100,,2521,6,,,0,100,,2523,6,,,0,100,,2524,6,,,0,100,,2525,6,,,0,100,,2526,6,,,0,100,,2527,6,,,0,100,,2528,6,0,7 6,0
300,'5508',657,,2530,6,,,0,100,,2531,6,0,11 12,0,100,,2532,6,,,0,100,,2533,6,,,0,100,,2535,6,,,0,100,,2534,6,,,0,100,,2536,6,,,0,100,,2537,6,,,0,100,,2538,6,,,0,100,,2539,6,,,0,100,,2540,6,,,0,100,,2541,6,0,7 6,0
1500,'5475',1959,,3124,5,,,0,164,,3126,5,,,0,85,,3128,5,,,0,41,,3133,5,,,0,263,,3131,5,,,0
1500,'5501',1959,,3136,5,,,0,164,,3138,5,,,0,85,,3140,5,,,0
1500,'5503',1959,,3143,5,,,0,164,,3145,5,,,0,85,,3147,5,,,0
1500,'5505',1959,,3151,5,,,0,164,,3153,5,,,0,85,,3155,5,,,0
1500,'5506',1959,,3159,5,,,0,164,,3161,5,,,0,85,,3163,5,,,0
1500,'5508',1959,,3167,5,,,0,164,,3169,5,,,0,85,,3171,5,,,0
1600,'5504',957,,3204,6,,,0,100,,3203,6,,,0,100,,3202,6,,,0,100,,3205,6,,,0,100,,3206,6,,,0,100,,3207,6,,,0,100,,3208,6,,,0,100,,3209,6,,,0,100,,3210,6,,,0
4000,'5475',823,,3341,11,4,,0,516,,3340,11,4,,0
4000,'5501',823,,3343,11,4,,0,516,,3342,11,4,,0
4000,'5505',823,,3345,11,4,,0,115,,3346,11,4,,0,401,,3344,11,4,,0
4000,'5506',823,,3348,11,4,,0,516,,3347,11,4,,0
7000,'5475',601,,3372,17,,,0
7000,'5501',601,,3376,17,,,0
7000,'5505',601,,3380,17,,,0
7000,'5506',601,,3384,17,,,0
