100,'5475',619,,2169,5,,,0,100,,2170,5,,,0,200,,2172,5,,,0,100,,2173,5,,,0,100,,2174,5,,,0,100,,2175,5,,,0,100,,2176,5,,,0,100,,2177,5,,,0,100,,2178,5,,,0,100,,2179,5,,,0,100,,2180,5,,,0,100,,2181,5,0,5 6,0
100,'5501',619,,2182,5,,,0,100,,2183,5,,,0,200,,2185,5,,,0,100,,2186,5,,,0,100,,2187,5,,,0,100,,2188,5,,,0,100,,2189,5,,,0,100,,2190,5,,,0,100,,2191,5,,,0,100,,2192,5,,,0,100,,2193,5,,,0,100,,2194,5,0,5 6,0
100,'5503',919,,2197,5,,,0,100,,2201,5,,,0,100,,2205,5,,,0,100,,2198,5,,,0,100,,2196,5,,,0,100,,2202,5,,,0,100,,2200,5,,,0,100,,2199,5,,,0,100,,2204,5,,,0,100,,2203,5,0,5 6,0
100,'5505',619,,2206,5,,,0,100,,2207,5,,,0,200,,2209,5,,,0,100,,2210,5,,,0,100,,2211,5,,,0,100,,2212,5,,,0,100,,2213,5,,,0,100,,2214,5,,,0,100,,2215,5,,,0,100,,2216,5,,,0,100,,2217,5,,,0,100,,2218,5,0,5 6,0
100,'5506',619,,2219,5,,,0,100,,2220,5,,,0,200,,2222,5,,,0,100,,2223,5,,,0,100,,2224,5,,,0,100,,2225,5,,,0,100,,2226,5,,,0,100,,2227,5,,,0,100,,2228,5,,,0,100,,2229,5,,,0,100,,2230,5,,,0,100,,2231,5,0,5 6,0
100,'5508',619,,2232,5,,,0,100,,2233,5,,,0,200,,2235,5,,,0,100,,2236,5,,,0,100,,2237,5,,,0,100,,2238,5,,,0,100,,2239,5,,,0,100,,2240,5,,,0,100,,2241,5,,,0,100,,2242,5,,,0,100,,2243,5,,,0,100,,2244,5,0,5 6,0
1501,'5475',1921,,3173,11,0,7,0,124,,3175,11,0,7,0,388,,3180,11,0,7,0,124,,3178,11,0,7,0
1501,'5501',1921,,3181,11,0,7,0,124,,3183,11,0,7,0
1501,'5503',1921,,3186,11,0,7,0,124,,3187,11,0,7,0
1501,'5505',1921,,3189,11,0,7,0,124,,3191,11,0,7,0
1501,'5506',1921,,3193,11,0,7,0,124,,3195,11,0,7,0
1501,'5508',1921,,3197,11,0,7,0,124,,3199,11,0,7,0
2000,'5475',751,,3220,20,0,8 9,0,170,,3221,20,0,8 9,0,300,,3222,20,0,8 9,0,429,,3224,12,0,10,0,170,,3223,12,0,10,0
2000,'5501',751,,3225,20,0,8 9,0,170,,3226,20,0,8 9,0,300,,3227,20,0,8 9,0,429,,3229,12,0,10,0,170,,3228,12,0,10,0
2000,'5505',751,,3230,20,0,8 9,0,170,,3231,20,0,8 9,0,300,,3232,20,0,8 9,0,429,,3234,12,0,10,0,170,,3233,12,0,10,0
2000,'5506',751,,3235,20,0,8 9,0,170,,3236,20,0,8 9,0,300,,3237,20,0,8 9,0,429,,3239,12,0,10,0,170,,3238,12,0,10,0
7001,'5475',1834,,3391,41,4,,0
7001,'5501',1834,,3395,41,4,,0
7001,'5505',1834,,3399,41,4,,0
7001,'5506',1834,,3403,41,4,,0
