100,'5475',631,,2169,15,,,0,100,,2170,15,,,0,100,,2171,7,,,0,100,,2172,15,,,0,100,,2173,15,,,0,100,,2174,15,,,0,100,,2175,15,,,0,100,,2176,15,,,0,100,,2177,15,,,0,100,,2178,15,,,0,100,,2179,15,,,0,100,,2180,15,,,0,97,,2181,15,0,5 6,0
100,'5501',631,,2182,15,,,0,100,,2183,15,,,0,100,,2184,7,,,0,100,,2185,15,,,0,100,,2186,15,,,0,100,,2187,15,,,0,100,,2188,15,,,0,100,,2189,15,,,0,100,,2190,15,,,0,100,,2191,15,,,0,100,,2192,15,,,0,100,,2193,15,,,0,97,,2194,15,0,5 6,0
100,'5503',831,,2195,7,,,0,100,,2197,15,,,0,100,,2201,15,,,0,100,,2205,15,,,0,100,,2198,15,,,0,100,,2196,15,,,0,100,,2202,15,,,0,100,,2200,15,,,0,100,,2199,15,,,0,100,,2204,15,,,0,97,,2203,15,0,5 6,0
100,'5505',631,,2206,15,,,0,100,,2207,15,,,0,100,,2208,7,,,0,100,,2209,15,,,0,100,,2210,15,,,0,100,,2211,15,,,0,100,,2212,15,,,0,100,,2213,15,,,0,100,,2214,15,,,0,100,,2215,15,,,0,100,,2216,15,,,0,100,,2217,15,,,0,97,,2218,15,0,5 6,0
100,'5506',631,,2219,15,,,0,100,,2220,15,,,0,100,,2221,7,,,0,100,,2222,15,,,0,100,,2223,15,,,0,100,,2224,15,,,0,100,,2225,15,,,0,100,,2226,15,,,0,100,,2227,15,,,0,100,,2228,15,,,0,100,,2229,15,,,0,100,,2230,15,,,0,97,,2231,15,0,5 6,0
100,'5508',631,,2232,15,,,0,100,,2233,15,,,0,100,,2234,7,,,0,100,,2235,15,,,0,100,,2236,15,,,0,100,,2237,15,,,0,100,,2238,15,,,0,100,,2239,15,,,0,100,,2240,15,,,0,100,,2241,15,,,0,100,,2242,15,,,0,100,,2243,15,,,0,97,,2244,15,0,5 6,0
101,'5475',811,,2247,27,,,0
101,'5501',811,,2260,27,,,0
101,'5503',811,,2281,4,,,0
101,'5505',811,,2284,27,,,0
101,'5506',811,,2297,27,,,0
101,'5508',811,,2310,27,,,0
300,'5475',701,,2467,9,,,0,100,,2468,9,0,11 12,0,100,,2469,9,,,0,100,,2470,9,,,0,100,,2472,9,,,0,100,,2471,9,,,0,100,,2473,9,,,0,100,,2474,9,,,0,100,,2475,9,,,0,100,,2476,9,,,0,100,,2477,9,,,0,100,,2478,9,0,7 6,0
300,'5501',701,,2480,9,,,0,100,,2481,9,0,11 12,0,100,,2482,9,,,0,100,,2483,9,,,0,100,,2485,9,,,0,100,,2484,9,,,0,100,,2486,9,,,0,100,,2487,9,,,0,100,,2488,9,,,0,100,,2489,9,,,0,100,,2490,9,,,0,100,,2491,9,0,7 6,0
300,'5503',801,,2494,3,0,11 12,0,100,,2495,9,,,0,100,,2496,9,,,0,100,,2493,9,,,0,100,,2497,9,,,0,100,,2498,9,,,0,100,,2499,9,,,0,100,,2500,9,,,0,100,,2501,9,,,0,100,,2502,9,,,0,100,,2503,9,,,0
300,'5505',701,,2504,9,,,0,100,,2505,9,0,11 12,0,100,,2506,9,,,0,100,,2507,9,,,0,100,,2509,9,,,0,100,,2508,9,,,0,100,,2510,9,,,0,100,,2511,9,,,0,100,,2512,9,,,0,100,,2513,9,,,0,100,,2514,9,,,0,100,,2515,9,0,7 6,0
300,'5506',701,,2517,9,,,0,100,,2518,9,0,11 12,0,100,,2519,9,,,0,100,,2520,9,,,0,100,,2522,9,,,0,100,,2521,9,,,0,100,,2523,9,,,0,100,,2524,9,,,0,100,,2525,9,,,0,100,,2526,9,,,0,100,,2527,9,,,0,100,,2528,9,0,7 6,0
300,'5508',701,,2530,9,,,0,100,,2531,9,0,11 12,0,100,,2532,9,,,0,100,,2533,9,,,0,100,,2535,9,,,0,100,,2534,9,,,0,100,,2536,9,,,0,100,,2537,9,,,0,100,,2538,9,,,0,100,,2539,9,,,0,100,,2540,9,,,0,100,,2541,9,0,7 6,0
3000,'5475',806,,3281,3,,,0,310,,3280,3,,,0,185,,3284,3,,,0,255,,3282,3,,,0,171,,3283,3,,,0
3000,'5501',806,,3286,3,,,0,310,,3285,3,,,0,185,,3289,3,,,0,255,,3287,3,,,0,171,,3288,3,,,0
3000,'5503',906,,3290,3,,,0,210,,3291,3,,,0,185,,3293,3,,,0,255,,3292,3,,,0,171,,3294,3,,,0
3000,'5505',806,,3296,3,,,0,310,,3295,3,,,0,185,,3299,3,,,0,255,,3297,3,,,0,171,,3298,3,,,0
3000,'5506',806,,3301,3,,,0,310,,3300,3,,,0,185,,3304,3,,,0,255,,3302,3,,,0,171,,3303,3,,,0
3000,'5508',806,,3306,3,,,0,310,,3305,3,,,0,185,,3309,3,,,0,255,,3307,3,,,0,171,,3308,3,,,0
4000,'5475',826,,3341,14,4,,0,516,,3340,14,4,,0
4000,'5501',826,,3343,14,4,,0,516,,3342,14,4,,0
4000,'5505',826,,3345,14,4,,0,516,,3344,14,4,,0
4000,'5506',826,,3348,14,4,,0,516,,3347,14,4,,0
