1000,'5475',711,,3060,34,4,,0,124,,3061,34,4,,0,470,,3062,34,4,,0,407,,3063,34,4,,0
1000,'5501',711,,3064,34,4,,0,124,,3065,34,4,,0,470,,3066,34,4,,0,407,,3067,34,4,,0
1000,'5503',835,,3068,34,4,,0,470,,3069,34,4,,0,407,,3070,34,4,,0
1000,'5505',711,,3071,34,4,,0,124,,3072,34,4,,0,470,,3073,34,4,,0,407,,3074,34,4,,0
1000,'5506',711,,3075,34,4,,0,124,,3076,34,4,,0,470,,3077,34,4,,0,407,,3078,34,4,,0
1001,'5475',717,,3079,1,,,0,123,,3080,1,,,0,474,,3081,1,,,0,403,,3082,1,,,0
1001,'5501',717,,3083,1,,,0,123,,3084,1,,,0,474,,3085,1,,,0,403,,3086,1,,,0
1001,'5503',840,,3087,1,,,0,474,,3088,1,,,0,403,,3089,1,,,0
1001,'5505',717,,3090,1,,,0,123,,3091,1,,,0,474,,3092,1,,,0,403,,3093,1,,,0
1001,'5506',717,,3094,1,,,0,123,,3095,1,,,0,474,,3096,1,,,0,403,,3097,1,,,0
