101,'5475',612,,3896,1,,,0,100,,3897,24,,,0,98,,3898,24,,,0,102,,3899,24,,,0,100,,3900,24,,,0,100,,3902,24,,,0,100,,3901,24,,,0,100,,3904,24,,,0,100,,3903,24,,,0,100,,3905,24,,,0,100,,3906,24,,,0,100,,3907,24,,,0,100,,3908,24,,,0
101,'5501',612,,3909,1,,,0,100,,3910,24,,,0,98,,3911,24,,,0,102,,3912,24,,,0,100,,3913,24,,,0,100,,3915,24,,,0,100,,3914,24,,,0,100,,3917,24,,,0,100,,3916,24,,,0,100,,3918,24,,,0,100,,3919,24,,,0,100,,3920,24,,,0,100,,3921,24,,,0
101,'5503',810,,3932,1,,,0,102,,3926,24,,,0,100,,3928,24,,,0,100,,3922,24,,,0,100,,3924,24,,,0,100,,3927,24,,,0,100,,3925,24,,,0,100,,3929,24,,,0,100,,3923,24,,,0,100,,3930,24,,,0,100,,3931,24,,,0
101,'5505',612,,3933,1,,,0,100,,3934,24,,,0,98,,3935,24,,,0,102,,3936,24,,,0,100,,3937,24,,,0,100,,3939,24,,,0,100,,3938,24,,,0,100,,3941,24,,,0,100,,3940,24,,,0,100,,3942,24,,,0,100,,3943,24,,,0,100,,3944,24,,,0,100,,3945,24,,,0
101,'5506',612,,3946,1,,,0,100,,3947,24,,,0,98,,3948,24,,,0,102,,3949,24,,,0,100,,3950,24,,,0,100,,3952,24,,,0,100,,3951,24,,,0,100,,3954,24,,,0,100,,3953,24,,,0,100,,3955,24,,,0,100,,3956,24,,,0,100,,3957,24,,,0,100,,3958,24,,,0
101,'5508',612,,3959,1,,,0,100,,3960,24,,,0,98,,3961,24,,,0,102,,3962,24,,,0,100,,3963,24,,,0,100,,3965,24,,,0,100,,3964,24,,,0,100,,3967,24,,,0,100,,3966,24,,,0,100,,3968,24,,,0,100,,3969,24,,,0,100,,3970,24,,,0,100,,3971,24,,,0
200,'5475',630,,3972,1,,,0,100,,3973,1,,,0,100,,3974,1,,,0,100,,3975,1,,,0,100,,3976,1,,,0,100,,3977,1,,,0,100,,3978,1,,,0,100,,3979,1,,,0,100,,3980,1,,,0,100,,3981,1,,,0,100,,3982,1,,,0,100,,3983,1,,,0
200,'5501',630,,3984,1,,,0,100,,3985,1,,,0,100,,3986,1,,,0,100,,3987,1,,,0,100,,3988,1,,,0,100,,3989,1,,,0,100,,3990,1,,,0,100,,3991,1,,,0,100,,3992,1,,,0,100,,3993,1,,,0,100,,3994,1,,,0,100,,3995,1,,,0
200,'5503',830,,3996,1,,,0,100,,3997,1,,,0,100,,3998,1,,,0,100,,3999,1,,,0,100,,4000,1,,,0,100,,4001,1,,,0,100,,4002,1,,,0,100,,4003,1,,,0,100,,4004,1,,,0,100,,4005,1,,,0
200,'5505',630,,4006,1,,,0,100,,4007,1,,,0,100,,4008,1,,,0,100,,4009,1,,,0,100,,4010,1,,,0,100,,4011,1,,,0,100,,4012,1,,,0,100,,4013,1,,,0,100,,4014,1,,,0,100,,4015,1,,,0,100,,4016,1,,,0,100,,4017,1,,,0
200,'5506',630,,4018,1,,,0,100,,4019,1,,,0,100,,4020,1,,,0,100,,4021,1,,,0,100,,4022,1,,,0,100,,4023,1,,,0,100,,4024,1,,,0,100,,4025,1,,,0,100,,4026,1,,,0,100,,4027,1,,,0,100,,4028,1,,,0,100,,4029,1,,,0
200,'5508',630,,4030,1,,,0,100,,4031,1,,,0,100,,4032,1,,,0,100,,4033,1,,,0,100,,4034,1,,,0,100,,4035,1,,,0,100,,4036,1,,,0,100,,4037,1,,,0,100,,4038,1,,,0,100,,4039,1,,,0,100,,4040,1,,,0,100,,4041,1,,,0
201,'5475',730,,4042,36,4,,0,100,,4043,36,4,,0,100,,4044,36,4,,0,100,,4045,36,4,,0,100,,4046,36,4,,0,100,,4047,36,4,,0,100,,4048,36,4,,0,100,,4049,36,4,,0,100,,4050,36,4,,0,100,,4051,36,4,,0,100,,4052,36,4,,0,100,,4054,18,4,,0
201,'5501',730,,4055,36,4,,0,100,,4056,36,4,,0,100,,4057,36,4,,0,100,,4058,36,4,,0,100,,4059,36,4,,0,100,,4060,36,4,,0,100,,4061,36,4,,0,100,,4062,36,4,,0,100,,4063,36,4,,0,100,,4064,36,4,,0,100,,4065,36,4,,0,100,,4067,18,4,,0
201,'5503',830,,4068,36,4,,0,100,,4069,36,4,,0,100,,4070,36,4,,0,100,,4071,36,4,,0,100,,4072,36,4,,0,100,,4073,36,4,,0,100,,4074,36,4,,0,100,,4075,36,4,,0,100,,4076,36,4,,0,100,,4077,36,4,,0,100,,4078,36,4,,0
201,'5505',730,,4079,36,4,,0,100,,4080,36,4,,0,100,,4081,36,4,,0,100,,4082,36,4,,0,100,,4083,36,4,,0,100,,4084,36,4,,0,100,,4085,36,4,,0,100,,4086,36,4,,0,100,,4087,36,4,,0,100,,4088,36,4,,0,100,,4089,36,4,,0,100,,4091,18,4,,0
201,'5506',730,,4092,36,4,,0,100,,4093,36,4,,0,100,,4094,36,4,,0,100,,4095,36,4,,0,100,,4096,36,4,,0,100,,4097,36,4,,0,100,,4098,36,4,,0,100,,4099,36,4,,0,100,,4100,36,4,,0,100,,4101,36,4,,0,100,,4102,36,4,,0,100,,4104,18,4,,0
201,'5508',730,,4105,36,4,,0,100,,4106,36,4,,0,100,,4107,36,4,,0,100,,4108,36,4,,0,100,,4109,36,4,,0,100,,4110,36,4,,0,100,,4111,36,4,,0,100,,4112,36,4,,0,100,,4113,36,4,,0,100,,4114,36,4,,0,100,,4115,36,4,,0,100,,4117,18,4,,0
301,'5475',642,,4194,16,,,0,100,,4195,26,,,0,100,,4196,19,,,0,100,,4197,26,,,0,100,,4198,26,,,0,100,,4199,26,,,0,100,,4200,26,,,0,100,,4201,26,,,0,100,,4202,26,,,0,100,,4203,26,,,0,100,,4204,26,,,0,100,,4205,26,,,0
301,'5501',642,,4207,16,,,0,100,,4208,26,,,0,100,,4209,19,,,0,100,,4210,26,,,0,100,,4211,26,,,0,100,,4212,26,,,0,100,,4213,26,,,0,100,,4214,26,,,0,100,,4215,26,,,0,100,,4216,26,,,0,100,,4217,26,,,0,100,,4218,26,,,0
301,'5503',842,,4221,19,,,0,100,,4220,26,,,0,100,,4223,26,,,0,100,,4222,26,,,0,100,,4224,26,,,0,100,,4225,26,,,0,100,,4226,26,,,0,100,,4227,26,,,0,100,,4228,26,,,0,100,,4230,26,,,0
301,'5505',642,,4231,16,,,0,100,,4232,26,,,0,100,,4233,19,,,0,100,,4234,26,,,0,100,,4235,26,,,0,100,,4236,26,,,0,100,,4237,26,,,0,100,,4238,26,,,0,100,,4239,26,,,0,100,,4240,26,,,0,100,,4241,26,,,0,100,,4242,26,,,0
301,'5506',642,,4244,16,,,0,100,,4245,26,,,0,100,,4246,19,,,0,100,,4247,26,,,0,100,,4248,26,,,0,100,,4249,26,,,0,100,,4250,26,,,0,100,,4251,26,,,0,100,,4252,26,,,0,100,,4253,26,,,0,100,,4254,26,,,0,100,,4255,26,,,0
301,'5508',642,,4257,16,,,0,100,,4258,26,,,0,100,,4259,19,,,0,100,,4260,26,,,0,100,,4261,26,,,0,100,,4262,26,,,0,100,,4263,26,,,0,100,,4264,26,,,0,100,,4265,26,,,0,100,,4266,26,,,0,100,,4267,26,,,0,100,,4268,26,,,0
400,'5475',700,,4270,1,,,0,100,,4275,1,,,0,100,,4276,1,,,0,100,,4277,1,,,0,100,,4279,1,,,0,100,,4280,1,,,0,100,,4281,1,,,0,100,,4282,1,,,0,100,,4278,1,,,0,100,,4273,1,,,0,100,,4274,1,,,0,100,,4272,1,0,7 6,0
400,'5501',700,,4283,1,,,0,100,,4288,1,,,0,100,,4289,1,,,0,100,,4290,1,,,0,100,,4292,1,,,0,100,,4293,1,,,0,100,,4294,1,,,0,100,,4295,1,,,0,100,,4291,1,,,0,100,,4286,1,,,0,100,,4287,1,,,0,100,,4285,1,0,7 6,0
400,'5503',800,,4299,1,,,0,100,,4302,1,,,0,100,,4296,1,,,0,100,,4297,1,,,0,100,,4300,1,,,0,100,,4301,1,,,0,100,,4298,1,,,0,100,,4303,1,,,0,100,,4304,1,,,0,100,,4305,1,,,0,100,,4306,1,0,7 6,0
400,'5505',700,,4308,1,,,0,100,,4313,1,,,0,100,,4314,1,,,0,100,,4315,1,,,0,100,,4317,1,,,0,100,,4318,1,,,0,100,,4319,1,,,0,100,,4320,1,,,0,100,,4316,1,,,0,100,,4311,1,,,0,100,,4312,1,,,0,100,,4310,1,0,7 6,0
400,'5506',700,,4321,1,,,0,100,,4326,1,,,0,100,,4327,1,,,0,100,,4328,1,,,0,100,,4330,1,,,0,100,,4331,1,,,0,100,,4332,1,,,0,100,,4333,1,,,0,100,,4329,1,,,0,100,,4324,1,,,0,100,,4325,1,,,0,100,,4323,1,0,7 6,0
400,'5508',700,,4334,1,,,0,100,,4339,1,,,0,100,,4340,1,,,0,100,,4341,1,,,0,100,,4343,1,,,0,100,,4344,1,,,0,100,,4345,1,,,0,100,,4346,1,,,0,100,,4342,1,,,0,100,,4337,1,,,0,100,,4338,1,,,0,100,,4336,1,0,7 6,0
401,'5475',700,,4353,16,4,,0,100,,4354,29,4,,0,100,,4355,29,4,,0,100,,4356,29,4,,0,100,,4357,29,4,,0,100,,4358,29,4,,0,100,,4359,29,4,,0,100,,4351,29,4,,0,100,,4352,29,4,,0,100,,4349,29,4,,0,100,,4348,29,4,,0,100,,4350,29,4,,0
401,'5501',700,,4366,16,4,,0,100,,4367,29,4,,0,100,,4368,29,4,,0,100,,4369,29,4,,0,100,,4370,29,4,,0,100,,4371,29,4,,0,100,,4372,29,4,,0,100,,4364,29,4,,0,100,,4365,29,4,,0,100,,4362,29,4,,0,100,,4361,29,4,,0,100,,4363,29,4,,0
401,'5503',900,,4373,29,4,,0,100,,4375,29,4,,0,100,,4376,29,4,,0,100,,4374,29,4,,0,100,,4378,29,4,,0,100,,4377,29,4,,0,100,,4379,29,4,,0,100,,4380,29,4,,0,100,,4381,29,4,,0,100,,4382,29,4,,0
401,'5505',700,,4390,16,4,,0,100,,4391,29,4,,0,100,,4392,29,4,,0,100,,4393,29,4,,0,100,,4394,29,4,,0,100,,4395,29,4,,0,100,,4396,29,4,,0,100,,4388,29,4,,0,100,,4389,29,4,,0,100,,4386,29,4,,0,100,,4385,29,4,,0,100,,4387,29,4,,0
401,'5506',700,,4403,16,4,,0,100,,4404,29,4,,0,100,,4405,29,4,,0,100,,4406,29,4,,0,100,,4407,29,4,,0,100,,4408,29,4,,0,100,,4409,29,4,,0,100,,4401,29,4,,0,100,,4402,29,4,,0,100,,4399,29,4,,0,100,,4398,29,4,,0,100,,4400,29,4,,0
401,'5508',700,,4416,16,4,,0,100,,4417,29,4,,0,100,,4418,29,4,,0,100,,4419,29,4,,0,100,,4420,29,4,,0,100,,4421,29,4,,0,100,,4422,29,4,,0,100,,4414,29,4,,0,100,,4415,29,4,,0,100,,4412,29,4,,0,100,,4411,29,4,,0,100,,4413,29,4,,0
1100,'5475',1007,,4749,17,4,,0,308,,4750,17,4,,0,528,,4751,11,4,,0
1100,'5501',1007,,4752,17,4,,0,308,,4753,17,4,,0,528,,4754,11,4,,0
1100,'5505',1007,,4755,17,4,,0,308,,4756,17,4,,0,528,,4757,11,4,,0
1100,'5506',1007,,4758,17,4,,0,308,,4759,17,4,,0,528,,4760,11,4,,0
1101,'5475',930,,4762,1,,,0,302,,4763,1,,,0,573,,4761,1,,,0
1101,'5501',930,,4765,1,,,0,302,,4766,1,,,0,573,,4764,1,,,0
1101,'5505',930,,4768,1,,,0,302,,4769,1,,,0,573,,4767,1,,,0
1101,'5506',930,,4771,1,,,0,302,,4772,1,,,0,573,,4770,1,,,0
1500,'5475',1905,,4774,1,0,13,0,124,,4776,27,0,13,0,123,,4778,27,0,13,0,85,,4780,27,0,13,0,181,,4783,27,0,13,0,124,,4781,27,0,13,0
1500,'5501',1905,,4786,1,0,13,0,124,,4788,27,0,13,0,123,,4790,27,0,13,0,85,,4792,27,0,13,0
1500,'5503',1905,,4793,27,0,13,0,124,,4795,27,0,13,0,123,,4797,27,0,13,0,85,,4799,27,0,13,0
1500,'5505',1905,,4801,1,0,13,0,124,,4803,27,0,13,0,123,,4805,27,0,13,0,85,,4807,27,0,13,0
1500,'5506',1905,,4809,1,0,13,0,124,,4811,27,0,13,0,123,,4813,27,0,13,0,85,,4815,27,0,13,0
1500,'5508',1905,,4817,1,0,13,0,124,,4819,27,0,13,0,123,,4821,27,0,13,0,85,,4823,27,0,13,0
1501,'5475',1952,,4825,18,,,0,164,,4827,18,,,0,388,,4830,18,,,0,126,,4828,18,4,,0
1501,'5501',1952,,4833,18,,,0,164,,4835,18,,,0
1501,'5503',1952,,4836,18,,,0,164,,4839,18,,,0
1501,'5505',1952,,4841,18,,,0,164,,4843,18,,,0
1501,'5506',1952,,4845,18,,,0,164,,4847,18,,,0
1501,'5508',1952,,4849,18,,,0,164,,4851,18,,,0
1601,'5504',942,5,4862,22,0,22 18,0,100,5,4864,22,0,22 18,0,100,5,4863,22,0,22 18,0,100,5,4865,22,0,22 18,0,100,5,4867,22,0,22 18,0,100,5,4866,22,0,22 18,0,100,5,4868,22,0,22 18,0,100,5,4869,22,0,22 18,0,100,5,4870,22,0,22 18,0
2000,'5475',754,,4871,23,4,,0,170,,4872,23,4,,0,300,,4873,23,4,,0,428,,4875,15,4,,0,170,,4874,15,4,,0
2000,'5501',754,,4876,23,4,,0,170,,4877,23,4,,0,300,,4878,23,4,,0,428,,4880,15,4,,0,170,,4879,15,4,,0
2000,'5505',754,,4881,23,4,,0,170,,4882,23,4,,0,300,,4883,23,4,,0,428,,4885,15,4,,0,170,,4884,15,4,,0
2000,'5506',754,,4886,23,4,,0,170,,4887,23,4,,0,300,,4888,23,4,,0,428,,4890,15,4,,0,170,,4889,15,4,,0
2001,'5475',641,,4891,1,0,16 17,0,164,,4892,1,0,16 17,0,295,,4893,1,0,8 9,0,435,,4895,1,0,8 9,0,170,,4894,1,0,8 9,0
2001,'5501',641,,4896,1,0,16 17,0,164,,4897,1,0,16 17,0,295,,4898,1,0,8 9,0,435,,4900,1,0,8 9,0,170,,4899,1,0,8 9,0
2001,'5505',641,,4901,1,0,16 17,0,164,,4902,1,0,16 17,0,295,,4903,1,0,8 9,0,435,,4905,1,0,8 9,0,170,,4904,1,0,8 9,0
2001,'5506',641,,4906,1,0,16 17,0,164,,4907,1,0,16 17,0,295,,4908,1,0,8 9,0,435,,4910,1,0,8 9,0,170,,4909,1,0,8 9,0
4001,'5475',1001,,5000,16,,,0,604,,5001,16,,,0
4001,'5501',1001,,5002,16,,,0,604,,5003,16,,,0
4001,'5505',1001,,5004,16,,,0,329,,5006,1,,,0,275,,5005,16,,,0
4001,'5506',1001,,5007,16,,,0,604,,5008,16,,,0
5001,'5502',1240,,5020,3,,,0
5001,'5505',1240,,5021,3,,,0
5001,'5507',1240,,5022,3,,,0
1000100,'5475',1900,,5055,1,,,0,29,,5055,51,4,,0,1,,5066,1,,,0,29,,5066,51,4,,0,41,,5064,1,,,0,29,,5064,51,4,,0,1,,5065,1,,,0,29,,5065,51,4,,0,41,,5061,1,,,0,29,,5061,51,4,,0,1,,5063,1,,,0,29,,5063,51,4,,0,41,,5062,1,,,0,29,,5062,51,4,,0,1,,5060,1,,,0,29,,5060,51,4,,0,141,,5057,1,,,0,29,,5057,51,4,,0,1,,5059,1,,,0,29,,5059,51,4,,0,41,,5056,1,,,0,29,,5056,51,4,,0,1,,5058,1,,,0,29,,5058,51,4,,0
