500,'5475',711,,2772,4,,,0,30,,2794,4,,,0,70,,2774,4,,,0,30,,2792,4,,,0,70,,2775,4,,,0,30,,2782,4,,,0,70,,2776,4,,,0,30,,2783,4,,,0,70,,2773,4,,,0,30,,2784,4,,,0,70,,2778,4,,,0,30,,2785,4,,,0,70,,2777,4,,,0,30,,2786,4,,,0,70,,2779,4,,,0,30,,2788,4,,,0,70,,2780,4,,,0,30,,2795,4,,,0,70,,2781,4,,,0,30,,2793,4,,,0,70,,2787,4,,,0,30,,2789,4,,,0,70,,2790,4,,,0,30,,2791,4,0,13,0
500,'5501',711,,2796,4,,,0,30,,2818,4,0,11 12,0,70,,2798,4,,,0,34,,2816,4,,,0,66,,2799,4,,,0,30,,2806,4,,,0,70,,2800,4,,,0,30,,2807,4,,,0,70,,2797,4,,,0,30,,2808,4,,,0,70,,2802,4,,,0,30,,2809,4,,,0,70,,2801,4,,,0,30,,2810,4,,,0,70,,2803,4,,,0,30,,2812,4,,,0,70,,2804,4,,,0,40,,2819,4,,,0,60,,2805,4,,,0,33,,2817,4,,,0,67,,2811,4,,,0,30,,2813,4,,,0,70,,2814,4,,,0,30,,2815,4,0,13,0
500,'5503',911,,2820,4,,,0,30,,2836,4,,,0,70,,2825,4,,,0,30,,2833,4,,,0,70,,2826,4,,,0,30,,2834,4,,,0,70,,2828,4,,,0,30,,2832,4,,,0,70,,2829,4,,,0,30,,2835,4,,,0,70,,2827,4,,,0,30,,2837,4,,,0,70,,2824,4,,,0,30,,2831,4,,,0,70,,2823,4,,,0,30,,2830,4,,,0,70,,2821,4,,,0,30,,2838,4,,,0,70,,2822,4,,,0,30,,2839,4,0,13,0
500,'5504',1241,,2840,4,,,0,100,,2841,4,,,0,100,,2842,4,,,0,100,,2843,4,,,0
500,'5505',711,,2844,4,,,0,30,,2866,4,0,11 12,0,70,,2846,4,,,0,34,,2864,4,,,0,66,,2847,4,,,0,30,,2854,4,,,0,70,,2848,4,,,0,30,,2855,4,,,0,70,,2845,4,,,0,30,,2856,4,,,0,70,,2850,4,,,0,30,,2857,4,,,0,70,,2849,4,,,0,30,,2858,4,,,0,70,,2851,4,,,0,30,,2860,4,,,0,70,,2852,4,,,0,40,,2867,4,,,0,60,,2853,4,,,0,33,,2865,4,,,0,67,,2859,4,,,0,30,,2861,4,,,0,70,,2862,4,,,0,30,,2863,4,0,13,0
500,'5506',711,,2868,4,,,0,30,,2890,4,,,0,70,,2870,4,,,0,30,,2888,4,,,0,70,,2871,4,,,0,30,,2878,4,,,0,70,,2872,4,,,0,30,,2879,4,,,0,70,,2869,4,,,0,30,,2880,4,,,0,70,,2874,4,,,0,30,,2881,4,,,0,70,,2873,4,,,0,30,,2882,4,,,0,70,,2875,4,,,0,30,,2884,4,,,0,70,,2876,4,,,0,30,,2891,4,,,0,70,,2877,4,,,0,30,,2889,4,,,0,70,,2883,4,,,0,30,,2885,4,,,0,70,,2886,4,,,0,30,,2887,4,0,13,0
500,'5508',711,,2892,4,,,0,30,,2914,4,,,0,70,,2894,4,,,0,30,,2912,4,,,0,70,,2895,4,,,0,30,,2902,4,,,0,70,,2896,4,,,0,30,,2903,4,,,0,70,,2893,4,,,0,30,,2904,4,,,0,70,,2898,4,,,0,30,,2905,4,,,0,70,,2897,4,,,0,30,,2906,4,,,0,70,,2899,4,,,0,30,,2908,4,,,0,70,,2900,4,,,0,30,,2915,4,,,0,70,,2901,4,,,0,30,,2913,4,,,0,70,,2907,4,,,0,30,,2909,4,,,0,70,,2910,4,,,0,30,,2911,4,0,13,0
1500,'5475',1910,,3123,11,0,13,0,124,,3125,37,0,13,0,123,,3127,37,0,13,0,85,,3129,37,0,13,0,181,,3132,37,0,13,0,124,,3130,37,0,13,0
1500,'5501',1910,,3135,11,0,13,0,124,,3137,37,0,13,0,123,,3139,37,0,13,0,85,,3141,37,0,13,0
1500,'5503',1910,,3142,37,0,13,0,124,,3144,37,0,13,0,123,,3146,37,0,13,0,85,,3148,37,0,13,0
1500,'5505',1910,,3150,11,0,13,0,124,,3152,37,0,13,0,123,,3154,37,0,13,0,85,,3156,37,0,13,0
1500,'5506',1910,,3158,11,0,13,0,124,,3160,37,0,13,0,123,,3162,37,0,13,0,85,,3164,37,0,13,0
1500,'5508',1910,,3166,11,0,13,0,124,,3168,37,0,13,0,123,,3170,37,0,13,0,85,,3172,37,0,13,0
7000,'5475',557,,3372,10,,,0
7000,'5501',557,,3376,10,,,0
7000,'5505',557,,3380,10,,,0
7000,'5506',557,,3384,10,,,0
