100,'5475',616,,2169,1,,,0,100,,2170,1,,,0,200,,2172,1,,,0,100,,2173,1,,,0,100,,2174,1,,,0,100,,2175,1,,,0,100,,2176,1,,,0,100,,2177,1,,,0,100,,2178,1,,,0,100,,2179,1,,,0,100,,2180,1,,,0,100,,2181,1,0,5 6,0
100,'5501',616,,2182,1,,,0,100,,2183,1,,,0,200,,2185,1,,,0,100,,2186,1,,,0,100,,2187,1,,,0,100,,2188,1,,,0,100,,2189,1,,,0,100,,2190,1,,,0,100,,2191,1,,,0,100,,2192,1,,,0,100,,2193,1,,,0,100,,2194,1,0,5 6,0
100,'5503',916,,2197,1,,,0,100,,2201,1,,,0,100,,2205,1,,,0,100,,2198,1,,,0,100,,2196,1,,,0,100,,2202,1,,,0,100,,2200,1,,,0,100,,2199,1,,,0,100,,2204,1,,,0,100,,2203,1,0,5 6,0
100,'5505',616,,2206,1,,,0,100,,2207,1,,,0,200,,2209,1,,,0,100,,2210,1,,,0,100,,2211,1,,,0,100,,2212,1,,,0,100,,2213,1,,,0,100,,2214,1,,,0,100,,2215,1,,,0,100,,2216,1,,,0,100,,2217,1,,,0,100,,2218,1,0,5 6,0
100,'5506',616,,2219,1,,,0,100,,2220,1,,,0,200,,2222,1,,,0,100,,2223,1,,,0,100,,2224,1,,,0,100,,2225,1,,,0,100,,2226,1,,,0,100,,2227,1,,,0,100,,2228,1,,,0,100,,2229,1,,,0,100,,2230,1,,,0,100,,2231,1,0,5 6,0
100,'5508',616,,2232,1,,,0,100,,2233,1,,,0,200,,2235,1,,,0,100,,2236,1,,,0,100,,2237,1,,,0,100,,2238,1,,,0,100,,2239,1,,,0,100,,2240,1,,,0,100,,2241,1,,,0,100,,2242,1,,,0,100,,2243,1,,,0,100,,2244,1,0,5 6,0
101,'5475',616,,2245,5,4,,0,100,,2246,28,4,,0,200,,2248,28,4,,0,100,,2249,28,4,,0,100,,2251,28,4,,0,100,,2250,28,4,,0,100,,2253,28,4,,0,100,,2252,28,4,,0,100,,2254,28,4,,0,100,,2255,28,4,,0,100,,2256,28,4,,0,100,,2257,28,4,,0
101,'5501',616,,2258,5,4,,0,100,,2259,28,4,,0,200,,2261,28,4,,0,100,,2262,28,4,,0,100,,2264,28,4,,0,100,,2263,28,4,,0,100,,2266,28,4,,0,100,,2265,28,4,,0,100,,2267,28,4,,0,100,,2268,28,4,,0,100,,2269,28,4,,0,100,,2270,28,4,,0
101,'5503',916,,2275,28,4,,0,100,,2277,28,4,,0,100,,2271,28,4,,0,100,,2273,28,4,,0,100,,2276,28,4,,0,100,,2274,28,4,,0,100,,2278,28,4,,0,100,,2272,28,4,,0,100,,2279,28,4,,0,100,,2280,28,4,,0
101,'5505',616,,2282,5,4,,0,100,,2283,28,4,,0,200,,2285,28,4,,0,100,,2286,28,4,,0,100,,2288,28,4,,0,100,,2287,28,4,,0,100,,2290,28,4,,0,100,,2289,28,4,,0,100,,2291,28,4,,0,100,,2292,28,4,,0,100,,2293,28,4,,0,100,,2294,28,4,,0
101,'5506',616,,2295,5,4,,0,100,,2296,28,4,,0,200,,2298,28,4,,0,100,,2299,28,4,,0,100,,2301,28,4,,0,100,,2300,28,4,,0,100,,2303,28,4,,0,100,,2302,28,4,,0,100,,2304,28,4,,0,100,,2305,28,4,,0,100,,2306,28,4,,0,100,,2307,28,4,,0
101,'5508',616,,2308,5,4,,0,100,,2309,28,4,,0,200,,2311,28,4,,0,100,,2312,28,4,,0,100,,2314,28,4,,0,100,,2313,28,4,,0,100,,2316,28,4,,0,100,,2315,28,4,,0,100,,2317,28,4,,0,100,,2318,28,4,,0,100,,2319,28,4,,0,100,,2320,28,4,,0
501,'5475',705,,2916,17,,,0,30,,2926,17,,,0,70,,2917,19,,,0,30,,2938,19,,,0,70,,2919,19,,,0,30,,2927,19,,,0,70,,2920,19,,,0,30,,2928,19,,,0,70,,2921,19,,,0,30,,2929,19,,,0,70,,2918,19,,,0,30,,2930,19,,,0,70,,2923,19,,,0,30,,2931,19,,,0,70,,2922,19,,,0,30,,2932,19,,,0,70,,2924,19,,,0,30,,2939,19,,,0,70,,2925,19,,,0,30,,2937,19,,,0,70,,2933,19,,,0,30,,2934,19,,,0,70,,2935,19,,,0,30,,2936,19,,,0
501,'5501',705,,2940,17,,,0,30,,2950,17,,,0,70,,2941,19,,,0,34,,2962,19,,,0,66,,2943,19,,,0,30,,2951,19,,,0,70,,2944,19,,,0,30,,2952,19,,,0,70,,2945,19,,,0,30,,2953,19,,,0,70,,2942,19,,,0,30,,2954,19,,,0,70,,2947,19,,,0,30,,2955,19,,,0,70,,2946,19,,,0,30,,2956,19,,,0,70,,2948,19,,,0,40,,2963,35,0,11 12,0,60,,2949,19,,,0,33,,2961,19,,,0,67,,2957,19,,,0,30,,2958,19,,,0,70,,2959,19,,,0,30,,2960,19,,,0
501,'5503',905,,2969,17,,,0,30,,2980,17,,,0,70,,2971,19,,,0,30,,2981,19,,,0,70,,2972,19,,,0,30,,2977,19,,,0,70,,2968,19,,,0,30,,2978,19,,,0,70,,2973,19,,,0,30,,2979,19,,,0,70,,2964,19,,,0,30,,2982,19,,,0,70,,2965,19,,,0,30,,2983,19,,,0,70,,2966,19,,,0,30,,2974,19,,,0,70,,2967,19,,,0,30,,2975,19,,,0,70,,2970,19,,,0,30,,2976,19,,,0
501,'5504',1235,,2984,19,,,0,100,,2985,19,,,0,100,,2986,19,,,0,100,,2987,19,,,0
501,'5505',705,,2988,17,,,0,30,,2998,17,,,0,70,,2989,19,,,0,34,,3010,19,,,0,66,,2991,19,,,0,30,,2999,19,,,0,70,,2992,19,,,0,30,,3000,19,,,0,70,,2993,19,,,0,30,,3001,19,,,0,70,,2990,19,,,0,30,,3002,19,,,0,70,,2995,19,,,0,30,,3003,19,,,0,70,,2994,19,,,0,30,,3004,19,,,0,70,,2996,19,,,0,40,,3011,35,0,11 12,0,60,,2997,19,,,0,33,,3009,19,,,0,67,,3005,19,,,0,30,,3006,19,,,0,70,,3007,19,,,0,30,,3008,19,,,0
501,'5506',705,,3012,17,,,0,30,,3022,17,,,0,70,,3013,19,,,0,30,,3034,19,,,0,70,,3015,19,,,0,30,,3023,19,,,0,70,,3016,19,,,0,30,,3024,19,,,0,70,,3017,19,,,0,30,,3025,19,,,0,70,,3014,19,,,0,30,,3026,19,,,0,70,,3019,19,,,0,30,,3027,19,,,0,70,,3018,19,,,0,30,,3028,19,,,0,70,,3020,19,,,0,30,,3035,19,,,0,70,,3021,19,,,0,30,,3033,19,,,0,70,,3029,19,,,0,30,,3030,19,,,0,70,,3031,19,,,0,30,,3032,19,,,0
501,'5508',705,,3036,17,,,0,30,,3046,17,,,0,70,,3037,19,,,0,30,,3058,19,,,0,70,,3039,19,,,0,30,,3047,19,,,0,70,,3040,19,,,0,30,,3048,19,,,0,70,,3041,19,,,0,30,,3049,19,,,0,70,,3038,19,,,0,30,,3050,19,,,0,70,,3043,19,,,0,30,,3051,19,,,0,70,,3042,19,,,0,30,,3052,19,,,0,70,,3044,19,,,0,30,,3059,19,,,0,70,,3045,19,,,0,30,,3057,19,,,0,70,,3053,19,,,0,30,,3054,19,,,0,70,,3055,19,,,0,30,,3056,19,,,0
1500,'5475',1913,,3123,16,4,,0,43,,3124,1,,,0,81,,3125,42,4,,0,83,,3126,1,,,0,80,,3127,42,4,,0,5,,3128,1,,,0,40,,3133,1,,,0,181,,3132,42,4,,0,82,,3131,1,,,0,42,,3130,42,4,,0
1500,'5501',1913,,3135,16,4,,0,43,,3136,1,,,0,81,,3137,42,4,,0,83,,3138,1,,,0,80,,3139,42,4,,0,5,,3140,1,,,0,40,,3141,42,4,,0
1500,'5503',1913,,3142,42,4,,0,43,,3143,1,,,0,81,,3144,42,4,,0,83,,3145,1,,,0,80,,3146,42,4,,0,5,,3147,1,,,0,40,,3148,42,4,,0
1500,'5505',1913,,3150,16,4,,0,43,,3151,1,,,0,81,,3152,42,4,,0,83,,3153,1,,,0,80,,3154,42,4,,0,5,,3155,1,,,0,40,,3156,42,4,,0
1500,'5506',1913,,3158,16,4,,0,43,,3159,1,,,0,81,,3160,42,4,,0,83,,3161,1,,,0,80,,3162,42,4,,0,5,,3163,1,,,0,40,,3164,42,4,,0
1500,'5508',1913,,3166,16,4,,0,43,,3167,1,,,0,81,,3168,42,4,,0,83,,3169,1,,,0,80,,3170,42,4,,0,5,,3171,1,,,0,40,,3172,42,4,,0
1501,'5475',1914,,3173,1,0,7,0,42,,3174,22,4,,0,82,,3175,1,0,7,0,82,,3176,22,4,,0,306,,3180,1,0,7,0,82,,3179,22,4,,0,42,,3178,1,0,7,0
1501,'5501',1914,,3181,1,0,7,0,42,,3182,22,4,,0,82,,3183,1,0,7,0,82,,3184,22,4,,0
1501,'5503',1914,,3186,1,0,7,0,42,,3185,22,4,,0,82,,3187,1,0,7,0,82,,3188,22,4,,0
1501,'5505',1914,,3189,1,0,7,0,42,,3190,22,4,,0,82,,3191,1,0,7,0,82,,3192,22,4,,0
1501,'5506',1914,,3193,1,0,7,0,42,,3194,22,4,,0,82,,3195,1,0,7,0,82,,3196,22,4,,0
1501,'5508',1914,,3197,1,0,7,0,42,,3198,22,4,,0,82,,3199,1,0,7,0,82,,3200,22,4,,0
4001,'5475',1006,,3349,20,,,0,604,,3350,20,,,0
4001,'5501',1006,,3351,20,,,0,604,,3352,20,,,0
4001,'5505',1006,,3353,20,,,0,328,,3355,5,,,0,276,,3354,20,,,0
4001,'5506',1006,,3356,20,,,0,604,,3357,20,,,0
5001,'5502',1250,,3369,4,,,0
5001,'5505',1250,,3370,4,,,0
5001,'5507',1250,,3371,4,,,0
7001,'5475',1822,,3391,31,,,0
7001,'5501',1822,,3395,31,,,0
7001,'5505',1822,,3399,31,,,0
7001,'5506',1822,,3403,31,,,0
