300,'5475',803,,4119,14,0,11 12,0
300,'5501',803,,4132,14,0,11 12,0
300,'5503',803,,4145,8,0,11 12,0
300,'5505',803,,4156,14,0,11 12,0
300,'5506',803,,4169,14,0,11 12,0
300,'5508',803,,4182,14,0,11 12,0
400,'5475',721,,4270,28,,,0,100,,4275,28,,,0,100,,4276,28,,,0,100,,4277,28,,,0,100,,4279,28,,,0,100,,4280,28,,,0,100,,4281,28,,,0,100,,4282,28,,,0,100,,4278,28,,,0,100,,4273,28,,,0,100,,4274,28,,,0,110,,4271,13,,,0
400,'5501',721,,4283,28,,,0,100,,4288,28,,,0,100,,4289,28,,,0,100,,4290,28,,,0,100,,4292,28,,,0,100,,4293,28,,,0,100,,4294,28,,,0,100,,4295,28,,,0,100,,4291,28,,,0,100,,4286,28,,,0,100,,4287,28,,,0,110,,4284,13,,,0
400,'5503',821,,4299,28,,,0,100,,4302,28,,,0,100,,4296,28,,,0,100,,4297,28,,,0,100,,4300,28,,,0,100,,4301,28,,,0,100,,4298,28,,,0,100,,4303,28,,,0,100,,4304,28,,,0,100,,4305,28,,,0,110,,4307,13,,,0
400,'5505',721,,4308,28,,,0,100,,4313,28,,,0,100,,4314,28,,,0,100,,4315,28,,,0,100,,4317,28,,,0,100,,4318,28,,,0,100,,4319,28,,,0,100,,4320,28,,,0,100,,4316,28,,,0,100,,4311,28,,,0,100,,4312,28,,,0,110,,4309,13,,,0
400,'5506',721,,4321,28,,,0,100,,4326,28,,,0,100,,4327,28,,,0,100,,4328,28,,,0,100,,4330,28,,,0,100,,4331,28,,,0,100,,4332,28,,,0,100,,4333,28,,,0,100,,4329,28,,,0,100,,4324,28,,,0,100,,4325,28,,,0,110,,4322,13,,,0
400,'5508',721,,4334,28,,,0,100,,4339,28,,,0,100,,4340,28,,,0,100,,4341,28,,,0,100,,4343,28,,,0,100,,4344,28,,,0,100,,4345,28,,,0,100,,4346,28,,,0,100,,4342,28,,,0,100,,4337,28,,,0,100,,4338,28,,,0,110,,4335,13,,,0
1500,'5475',1855,,4773,11,0,14 15,0,164,,4776,11,0,13,0,123,,4778,11,0,13,0,85,,4780,11,0,13,0,180,,4783,11,0,13,0,124,,4781,11,0,13,0
1500,'5501',1855,,4785,11,0,14 15,0,164,,4788,11,0,13,0,123,,4790,11,0,13,0,85,,4792,11,0,13,0
1500,'5503',1855,,4793,11,0,13,0,164,,4795,11,0,13,0,123,,4797,11,0,13,0,85,,4799,11,0,13,0
1500,'5505',1855,,4800,11,0,14 15,0,164,,4803,11,0,13,0,123,,4805,11,0,13,0,85,,4807,11,0,13,0
1500,'5506',1855,,4808,11,0,14 15,0,164,,4811,11,0,13,0,123,,4813,11,0,13,0,85,,4815,11,0,13,0
1500,'5508',1855,,4816,11,0,14 15,0,164,,4819,11,0,13,0,123,,4821,11,0,13,0,85,,4823,11,0,13,0
1501,'5475',1930,,4824,23,0,7,0,124,,4826,23,0,7,0,388,,4831,23,0,7,0,164,,4829,23,0,7,0
1501,'5501',1930,,4832,23,0,7,0,124,,4834,23,0,7,0
1501,'5503',1930,,4837,23,0,7,0,124,,4838,23,0,7,0
1501,'5505',1930,,4840,23,0,7,0,124,,4842,23,0,7,0
1501,'5506',1930,,4844,23,0,7,0,124,,4846,23,0,7,0
1501,'5508',1930,,4848,23,0,7,0,124,,4850,23,0,7,0
