100,'5475',825,,2171,2,,,0
100,'5501',825,,2184,2,,,0
100,'5503',825,,2195,2,,,0
100,'5505',825,,2208,2,,,0
100,'5506',825,,2221,2,,,0
100,'5508',825,,2234,2,,,0
300,'5475',654,,2467,4,,,0,100,,2468,4,0,11 12,0,100,,2469,4,,,0,100,,2470,4,,,0,100,,2472,4,,,0,100,,2471,4,,,0,100,,2473,4,,,0,100,,2474,4,,,0,100,,2475,4,,,0,100,,2476,4,,,0,100,,2477,4,,,0,100,,2478,4,0,7 6,0
300,'5501',654,,2480,4,,,0,100,,2481,4,0,11 12,0,100,,2482,4,,,0,100,,2483,4,,,0,100,,2485,4,,,0,100,,2484,4,,,0,100,,2486,4,,,0,100,,2487,4,,,0,100,,2488,4,,,0,100,,2489,4,,,0,100,,2490,4,,,0,100,,2491,4,0,7 6,0
300,'5503',854,,2495,4,,,0,100,,2496,4,,,0,100,,2493,4,,,0,100,,2497,4,,,0,100,,2498,4,,,0,100,,2499,4,,,0,100,,2500,4,,,0,100,,2501,4,,,0,100,,2502,4,,,0,100,,2503,4,,,0
300,'5505',654,,2504,4,,,0,100,,2505,4,0,11 12,0,100,,2506,4,,,0,100,,2507,4,,,0,100,,2509,4,,,0,100,,2508,4,,,0,100,,2510,4,,,0,100,,2511,4,,,0,100,,2512,4,,,0,100,,2513,4,,,0,100,,2514,4,,,0,100,,2515,4,0,7 6,0
300,'5506',654,,2517,4,,,0,100,,2518,4,0,11 12,0,100,,2519,4,,,0,100,,2520,4,,,0,100,,2522,4,,,0,100,,2521,4,,,0,100,,2523,4,,,0,100,,2524,4,,,0,100,,2525,4,,,0,100,,2526,4,,,0,100,,2527,4,,,0,100,,2528,4,0,7 6,0
300,'5508',654,,2530,4,,,0,100,,2531,4,0,11 12,0,100,,2532,4,,,0,100,,2533,4,,,0,100,,2535,4,,,0,100,,2534,4,,,0,100,,2536,4,,,0,100,,2537,4,,,0,100,,2538,4,,,0,100,,2539,4,,,0,100,,2540,4,,,0,100,,2541,4,0,7 6,0
1500,'5475',1958,,3124,3,,,0,164,,3126,3,,,0,85,,3128,3,,,0,40,,3133,3,,,0,263,,3131,3,,,0
1500,'5501',1958,,3136,3,,,0,164,,3138,3,,,0,85,,3140,3,,,0
1500,'5503',1958,,3143,3,,,0,164,,3145,3,,,0,85,,3147,3,,,0
1500,'5505',1958,,3151,3,,,0,164,,3153,3,,,0,85,,3155,3,,,0
1500,'5506',1958,,3159,3,,,0,164,,3161,3,,,0,85,,3163,3,,,0
1500,'5508',1958,,3167,3,,,0,164,,3169,3,,,0,85,,3171,3,,,0
1600,'5504',954,,3204,4,,,0,100,,3203,4,,,0,100,,3202,4,,,0,100,,3205,4,,,0,100,,3206,4,,,0,100,,3207,4,,,0,100,,3208,4,,,0,100,,3209,4,,,0,100,,3210,4,,,0
4000,'5475',821,,3341,9,4,,0,516,,3340,9,4,,0
4000,'5501',821,,3343,9,4,,0,516,,3342,9,4,,0
4000,'5505',821,,3345,9,4,,0,115,,3346,9,4,,0,401,,3344,9,4,,0
4000,'5506',821,,3348,9,4,,0,516,,3347,9,4,,0
7000,'5475',600,,3372,15,,,0
7000,'5501',600,,3376,15,,,0
7000,'5505',600,,3380,15,,,0
7000,'5506',600,,3384,15,,,0
