101,'5475',704,,2246,17,,,0,100,,2247,17,,,0,100,,2248,17,,,0,100,,2249,17,,,0,100,,2251,17,,,0,100,,2250,17,,,0,100,,2253,17,,,0,100,,2252,17,,,0,100,,2254,17,,,0,100,,2255,17,,,0,100,,2256,17,,,0,100,,2257,17,,,0
101,'5501',704,,2259,17,,,0,100,,2260,17,,,0,100,,2261,17,,,0,100,,2262,17,,,0,100,,2264,17,,,0,100,,2263,17,,,0,100,,2266,17,,,0,100,,2265,17,,,0,100,,2267,17,,,0,100,,2268,17,,,0,100,,2269,17,,,0,100,,2270,17,,,0
101,'5503',904,,2275,17,,,0,100,,2277,17,,,0,100,,2271,17,,,0,100,,2273,17,,,0,100,,2276,17,,,0,100,,2274,17,,,0,100,,2278,17,,,0,100,,2272,17,,,0,100,,2279,17,,,0,100,,2280,17,,,0
101,'5505',704,,2283,17,,,0,100,,2284,17,,,0,100,,2285,17,,,0,100,,2286,17,,,0,100,,2288,17,,,0,100,,2287,17,,,0,100,,2290,17,,,0,100,,2289,17,,,0,100,,2291,17,,,0,100,,2292,17,,,0,100,,2293,17,,,0,100,,2294,17,,,0
101,'5506',704,,2296,17,,,0,100,,2297,17,,,0,100,,2298,17,,,0,100,,2299,17,,,0,100,,2301,17,,,0,100,,2300,17,,,0,100,,2303,17,,,0,100,,2302,17,,,0,100,,2304,17,,,0,100,,2305,17,,,0,100,,2306,17,,,0,100,,2307,17,,,0
101,'5508',704,,2309,17,,,0,100,,2310,17,,,0,100,,2311,17,,,0,100,,2312,17,,,0,100,,2314,17,,,0,100,,2313,17,,,0,100,,2316,17,,,0,100,,2315,17,,,0,100,,2317,17,,,0,100,,2318,17,,,0,100,,2319,17,,,0,100,,2320,17,,,0
301,'5475',634,,2543,9,,,0,100,,2544,19,,,0,100,,2545,12,,,0,100,,2546,19,,,0,100,,2547,19,,,0,100,,2548,19,,,0,100,,2549,19,,,0,100,,2550,19,,,0,100,,2551,19,,,0,100,,2552,19,,,0,100,,2553,19,,,0,100,,2554,19,,,0
301,'5501',634,,2556,9,,,0,100,,2557,19,,,0,100,,2558,12,,,0,100,,2559,19,,,0,100,,2560,19,,,0,100,,2561,19,,,0,100,,2562,19,,,0,100,,2563,19,,,0,100,,2564,19,,,0,100,,2565,19,,,0,100,,2566,19,,,0,100,,2567,19,,,0
301,'5503',834,,2570,12,,,0,100,,2569,19,,,0,100,,2572,19,,,0,100,,2571,19,,,0,100,,2573,19,,,0,100,,2574,19,,,0,100,,2575,19,,,0,100,,2576,19,,,0,100,,2577,19,,,0,100,,2579,19,,,0
301,'5505',634,,2580,9,,,0,100,,2581,19,,,0,100,,2582,12,,,0,100,,2583,19,,,0,100,,2584,19,,,0,100,,2585,19,,,0,100,,2586,19,,,0,100,,2587,19,,,0,100,,2588,19,,,0,100,,2589,19,,,0,100,,2590,19,,,0,100,,2591,19,,,0
301,'5506',634,,2593,9,,,0,100,,2594,19,,,0,100,,2595,12,,,0,100,,2596,19,,,0,100,,2597,19,,,0,100,,2598,19,,,0,100,,2599,19,,,0,100,,2600,19,,,0,100,,2601,19,,,0,100,,2602,19,,,0,100,,2603,19,,,0,100,,2604,19,,,0
301,'5508',634,,2606,9,,,0,100,,2607,19,,,0,100,,2608,12,,,0,100,,2609,19,,,0,100,,2610,19,,,0,100,,2611,19,,,0,100,,2612,19,,,0,100,,2613,19,,,0,100,,2614,19,,,0,100,,2615,19,,,0,100,,2616,19,,,0,100,,2617,19,,,0
1500,'5475',1853,,3122,9,0,14 15,0,164,,3125,9,0,13,0,124,,3127,9,0,13,0,85,,3129,9,0,13,0,179,,3132,9,0,13,0,124,,3130,9,0,13,0
1500,'5501',1853,,3134,9,0,14 15,0,164,,3137,9,0,13,0,124,,3139,9,0,13,0,85,,3141,9,0,13,0
1500,'5503',1853,,3142,9,0,13,0,164,,3144,9,0,13,0,124,,3146,9,0,13,0,85,,3148,9,0,13,0
1500,'5505',1853,,3149,9,0,14 15,0,164,,3152,9,0,13,0,124,,3154,9,0,13,0,85,,3156,9,0,13,0
1500,'5506',1853,,3157,9,0,14 15,0,164,,3160,9,0,13,0,124,,3162,9,0,13,0,85,,3164,9,0,13,0
1500,'5508',1853,,3165,9,0,14 15,0,164,,3168,9,0,13,0,124,,3170,9,0,13,0,85,,3172,9,0,13,0
7001,'5475',849,,3388,22,0,14 15,0,296,,3389,20,0,14 15,0,365,,3390,22,0,14 15,0,305,,3391,20,,,0
7001,'5501',849,,3392,22,0,14 15,0,296,,3393,20,0,14 15,0,365,,3394,22,0,14 15,0,305,,3395,20,,,0
7001,'5505',849,,3396,22,0,14 15,0,296,,3397,20,0,14 15,0,365,,3398,22,0,14 15,0,305,,3399,20,,,0
7001,'5506',849,,3400,22,0,14 15,0,296,,3401,20,0,14 15,0,365,,3402,22,0,14 15,0,305,,3403,20,,,0
