501,'5475',707,,4567,21,,,0,30,,4577,21,,,0,70,,4568,23,,,0,30,,4589,23,,,0,70,,4570,23,,,0,30,,4578,23,,,0,70,,4571,23,,,0,30,,4579,23,,,0,70,,4572,23,,,0,30,,4580,23,,,0,70,,4569,23,,,0,30,,4581,23,,,0,70,,4574,23,,,0,30,,4582,23,,,0,70,,4573,23,,,0,30,,4583,23,,,0,70,,4575,23,,,0,30,,4590,23,,,0,70,,4576,23,,,0,30,,4588,23,,,0,70,,4584,23,,,0,30,,4585,23,,,0,70,,4586,23,,,0,30,,4587,23,,,0
501,'5501',707,,4591,21,,,0,30,,4601,21,,,0,70,,4592,23,,,0,34,,4613,23,,,0,66,,4594,23,,,0,30,,4602,23,,,0,70,,4595,23,,,0,30,,4603,23,,,0,70,,4596,23,,,0,30,,4604,23,,,0,70,,4593,23,,,0,30,,4605,23,,,0,70,,4598,23,,,0,30,,4606,23,,,0,70,,4597,23,,,0,30,,4607,23,,,0,70,,4599,23,,,0,40,,4614,39,0,11 12,0,60,,4600,23,,,0,33,,4612,23,,,0,67,,4608,23,,,0,30,,4609,23,,,0,70,,4610,23,,,0,30,,4611,23,,,0
501,'5503',907,,4620,21,,,0,30,,4631,21,,,0,70,,4622,23,,,0,30,,4632,23,,,0,70,,4623,23,,,0,30,,4628,23,,,0,70,,4619,23,,,0,30,,4629,23,,,0,70,,4624,23,,,0,30,,4630,23,,,0,70,,4615,23,,,0,30,,4633,23,,,0,70,,4616,23,,,0,30,,4634,23,,,0,70,,4617,23,,,0,30,,4625,23,,,0,70,,4618,23,,,0,30,,4626,23,,,0,70,,4621,23,,,0,30,,4627,23,,,0
501,'5504',1237,,4635,23,,,0,100,,4636,23,,,0,100,,4637,23,,,0,100,,4638,23,,,0
501,'5505',707,,4639,21,,,0,30,,4649,21,,,0,70,,4640,23,,,0,34,,4661,23,,,0,66,,4642,23,,,0,30,,4650,23,,,0,70,,4643,23,,,0,30,,4651,23,,,0,70,,4644,23,,,0,30,,4652,23,,,0,70,,4641,23,,,0,30,,4653,23,,,0,70,,4646,23,,,0,30,,4654,23,,,0,70,,4645,23,,,0,30,,4655,23,,,0,70,,4647,23,,,0,40,,4662,39,0,11 12,0,60,,4648,23,,,0,33,,4660,23,,,0,67,,4656,23,,,0,30,,4657,23,,,0,70,,4658,23,,,0,30,,4659,23,,,0
501,'5506',707,,4663,21,,,0,30,,4673,21,,,0,70,,4664,23,,,0,30,,4685,23,,,0,70,,4666,23,,,0,30,,4674,23,,,0,70,,4667,23,,,0,30,,4675,23,,,0,70,,4668,23,,,0,30,,4676,23,,,0,70,,4665,23,,,0,30,,4677,23,,,0,70,,4670,23,,,0,30,,4678,23,,,0,70,,4669,23,,,0,30,,4679,23,,,0,70,,4671,23,,,0,30,,4686,23,,,0,70,,4672,23,,,0,30,,4684,23,,,0,70,,4680,23,,,0,30,,4681,23,,,0,70,,4682,23,,,0,30,,4683,23,,,0
501,'5508',707,,4687,21,,,0,30,,4697,21,,,0,70,,4688,23,,,0,30,,4709,23,,,0,70,,4690,23,,,0,30,,4698,23,,,0,70,,4691,23,,,0,30,,4699,23,,,0,70,,4692,23,,,0,30,,4700,23,,,0,70,,4689,23,,,0,30,,4701,23,,,0,70,,4694,23,,,0,30,,4702,23,,,0,70,,4693,23,,,0,30,,4703,23,,,0,70,,4695,23,,,0,30,,4710,23,,,0,70,,4696,23,,,0,30,,4708,23,,,0,70,,4704,23,,,0,30,,4705,23,,,0,70,,4706,23,,,0,30,,4707,23,,,0
1500,'5475',1908,,4774,5,0,13,0,124,,4776,31,0,13,0,123,,4778,31,0,13,0,85,,4780,31,0,13,0,181,,4783,31,0,13,0,124,,4781,31,0,13,0
1500,'5501',1908,,4786,5,0,13,0,124,,4788,31,0,13,0,123,,4790,31,0,13,0,85,,4792,31,0,13,0
1500,'5503',1908,,4793,31,0,13,0,124,,4795,31,0,13,0,123,,4797,31,0,13,0,85,,4799,31,0,13,0
1500,'5505',1908,,4801,5,0,13,0,124,,4803,31,0,13,0,123,,4805,31,0,13,0,85,,4807,31,0,13,0
1500,'5506',1908,,4809,5,0,13,0,124,,4811,31,0,13,0,123,,4813,31,0,13,0,85,,4815,31,0,13,0
1500,'5508',1908,,4817,5,0,13,0,124,,4819,31,0,13,0,123,,4821,31,0,13,0,85,,4823,31,0,13,0
1601,'5504',945,,4862,26,0,22 18,0,100,,4864,26,0,22 18,0,100,,4863,26,0,22 18,0,100,,4865,26,0,22 18,0,100,,4867,26,0,22 18,0,100,,4866,26,0,22 18,0,100,,4868,26,0,22 18,0,100,,4869,26,0,22 18,0,100,,4870,26,0,22 18,0
2001,'5475',644,,4891,5,0,16 17,0,164,,4892,5,0,16 17,0,295,,4893,5,0,8 9,0,435,,4895,5,0,8 9,0,170,,4894,5,0,8 9,0
2001,'5501',644,,4896,5,0,16 17,0,164,,4897,5,0,16 17,0,295,,4898,5,0,8 9,0,435,,4900,5,0,8 9,0,170,,4899,5,0,8 9,0
2001,'5505',644,,4901,5,0,16 17,0,164,,4902,5,0,16 17,0,295,,4903,5,0,8 9,0,435,,4905,5,0,8 9,0,170,,4904,5,0,8 9,0
2001,'5506',644,,4906,5,0,16 17,0,164,,4907,5,0,16 17,0,295,,4908,5,0,8 9,0,435,,4910,5,0,8 9,0,170,,4909,5,0,8 9,0
7000,'5475',553,,5023,4,,,0
7000,'5501',553,,5027,4,,,0
7000,'5505',553,,5031,4,,,0
7000,'5506',553,,5035,4,,,0
