201,'5475',717,,4042,24,,,0,100,,4043,24,,,0,100,,4044,24,,,0,100,,4045,24,,,0,100,,4046,24,,,0,100,,4047,24,,,0,100,,4048,24,,,0,100,,4049,24,,,0,100,,4050,24,,,0,100,,4051,24,,,0,100,,4052,24,,,0,100,,4054,6,,,0
201,'5501',717,,4055,24,,,0,100,,4056,24,,,0,100,,4057,24,,,0,100,,4058,24,,,0,100,,4059,24,,,0,100,,4060,24,,,0,100,,4061,24,,,0,100,,4062,24,,,0,100,,4063,24,,,0,100,,4064,24,,,0,100,,4065,24,,,0,100,,4067,6,,,0
201,'5503',817,,4068,24,,,0,100,,4069,24,,,0,100,,4070,24,,,0,100,,4071,24,,,0,100,,4072,24,,,0,100,,4073,24,,,0,100,,4074,24,,,0,100,,4075,24,,,0,100,,4076,24,,,0,100,,4077,24,,,0,100,,4078,24,,,0
201,'5505',717,,4079,24,,,0,100,,4080,24,,,0,100,,4081,24,,,0,100,,4082,24,,,0,100,,4083,24,,,0,100,,4084,24,,,0,100,,4085,24,,,0,100,,4086,24,,,0,100,,4087,24,,,0,100,,4088,24,,,0,100,,4089,24,,,0,100,,4091,6,,,0
201,'5506',717,,4092,24,,,0,100,,4093,24,,,0,100,,4094,24,,,0,100,,4095,24,,,0,100,,4096,24,,,0,100,,4097,24,,,0,100,,4098,24,,,0,100,,4099,24,,,0,100,,4100,24,,,0,100,,4101,24,,,0,100,,4102,24,,,0,100,,4104,6,,,0
201,'5508',717,,4105,24,,,0,100,,4106,24,,,0,100,,4107,24,,,0,100,,4108,24,,,0,100,,4109,24,,,0,100,,4110,24,,,0,100,,4111,24,,,0,100,,4112,24,,,0,100,,4113,24,,,0,100,,4114,24,,,0,100,,4115,24,,,0,100,,4117,6,,,0
401,'5475',648,,4353,8,,,0,100,,4354,21,,,0,100,,4355,21,,,0,100,,4356,21,,,0,100,,4357,21,,,0,100,,4358,21,,,0,100,,4359,21,,,0,100,,4351,21,,,0,100,,4352,21,,,0,100,,4349,21,,,0,100,,4348,21,,,0,100,,4350,21,,,0
401,'5501',648,,4366,8,,,0,100,,4367,21,,,0,100,,4368,21,,,0,100,,4369,21,,,0,100,,4370,21,,,0,100,,4371,21,,,0,100,,4372,21,,,0,100,,4364,21,,,0,100,,4365,21,,,0,100,,4362,21,,,0,100,,4361,21,,,0,100,,4363,21,,,0
401,'5503',848,,4373,21,,,0,100,,4375,21,,,0,100,,4376,21,,,0,100,,4374,21,,,0,100,,4378,21,,,0,100,,4377,21,,,0,100,,4379,21,,,0,100,,4380,21,,,0,100,,4381,21,,,0,100,,4382,21,,,0
401,'5505',648,,4390,8,,,0,100,,4391,21,,,0,100,,4392,21,,,0,100,,4393,21,,,0,100,,4394,21,,,0,100,,4395,21,,,0,100,,4396,21,,,0,100,,4388,21,,,0,100,,4389,21,,,0,100,,4386,21,,,0,100,,4385,21,,,0,100,,4387,21,,,0
401,'5506',648,,4403,8,,,0,100,,4404,21,,,0,100,,4405,21,,,0,100,,4406,21,,,0,100,,4407,21,,,0,100,,4408,21,,,0,100,,4409,21,,,0,100,,4401,21,,,0,100,,4402,21,,,0,100,,4399,21,,,0,100,,4398,21,,,0,100,,4400,21,,,0
401,'5508',648,,4416,8,,,0,100,,4417,21,,,0,100,,4418,21,,,0,100,,4419,21,,,0,100,,4420,21,,,0,100,,4421,21,,,0,100,,4422,21,,,0,100,,4414,21,,,0,100,,4415,21,,,0,100,,4412,21,,,0,100,,4411,21,,,0,100,,4413,21,,,0
1501,'5475',1944,,4825,6,,,0,164,,4827,6,,,0,348,,4830,6,,,0,164,,4828,6,0,14 15,0
1501,'5501',1944,,4833,6,,,0,164,,4835,6,,,0
1501,'5503',1944,,4836,6,,,0,164,,4839,6,,,0
1501,'5505',1944,,4841,6,,,0,164,,4843,6,,,0
1501,'5506',1944,,4845,6,,,0,164,,4847,6,,,0
1501,'5508',1944,,4849,6,,,0,164,,4851,6,,,0
3001,'5475',748,,4961,13,,,0,310,,4962,11,,,0,185,,4965,11,,,0,295,,4963,13,,,0,170,,4964,11,,,0
3001,'5501',748,,4966,13,,,0,310,,4967,11,,,0,185,,4970,11,,,0,295,,4968,13,,,0,170,,4969,11,,,0
3001,'5503',848,,4971,13,,,0,210,,4972,11,,,0,185,,4973,11,,,0,295,,4974,13,,,0,170,,4975,11,,,0
3001,'5505',748,,4976,13,,,0,310,,4977,11,,,0,185,,4980,11,,,0,295,,4978,13,,,0,170,,4979,11,,,0
3001,'5506',748,,4981,13,,,0,310,,4982,11,,,0,185,,4985,11,,,0,295,,4983,13,,,0,170,,4984,11,,,0
3001,'5508',748,,4986,13,,,0,310,,4987,11,,,0,185,,4990,11,,,0,295,,4988,13,,,0,170,,4989,11,,,0
4001,'5475',948,,5000,6,,,0,604,,5001,6,,,0
4001,'5501',948,,5002,6,,,0,604,,5003,6,,,0
4001,'5505',948,,5004,6,,,0,604,,5005,6,,,0
4001,'5506',948,,5007,6,,,0,604,,5008,6,,,0
