200,'5323',631,,3464,4,,,0,100,,3465,4,,,0,100,,3466,4,,,0,100,,3467,4,,,0,100,,3468,4,,,0,100,,3469,4,,,0,100,,3470,4,,,0,100,,3471,4,,,0,100,,3472,4,,,0,100,,3473,4,,,0,100,,3474,4,,,0,100,,3475,4,,,0
200,'5325',831,,3476,4,,,0,100,,3477,4,,,0,100,,3478,4,,,0,100,,3479,4,,,0,100,,3480,4,,,0,100,,3481,4,,,0,100,,3482,4,,,0,100,,3483,4,,,0,100,,3484,4,,,0,100,,3485,4,,,0
400,'5323',701,,3558,4,,,0,100,,3563,4,,,0,100,,3565,4,,,0,100,,3566,4,,,0,100,,3567,4,,,0,100,,3568,4,,,0,100,,3569,4,,,0,100,,3570,4,,,0,100,,3564,4,,,0,100,,3561,4,,,0,100,,3562,4,,,0,100,,3560,4,0,7 6,0
400,'5325',801,,3574,4,,,0,100,,3577,4,,,0,100,,3571,4,,,0,100,,3572,4,,,0,100,,3575,4,,,0,100,,3576,4,,,0,100,,3573,4,,,0,100,,3578,4,,,0,100,,3579,4,,,0,100,,3580,4,,,0,100,,3581,4,0,7 6,0
1000,'5323',642,,3703,4,,,0,162,,3704,4,,,0,123,,3707,4,,,0,305,,3705,4,,,0,407,,3706,4,,,0
1000,'5325',804,,3708,4,,,0,428,,3709,4,,,0,407,,3710,4,,,0
1101,'5323',1234,,3724,4,,,0,572,,3722,4,,,0
1500,'5323',2003,,3728,9,,,0,124,,3729,9,,,0,85,,3731,9,,,0
1500,'5325',2003,,3734,9,,,0,124,,3737,9,,,0,85,,3736,9,,,0
7000,'5323',604,,3812,20,,,0,305,,3813,3,,,0,324,,3814,3,,,0,300,,3815,3,,,0
