500,'5475',731,,2772,13,,,0,70,,2794,13,,,0,30,,2774,13,,,0,70,,2792,13,,,0,30,,2775,13,,,0,70,,2782,13,,,0,30,,2776,13,,,0,70,,2783,13,,,0,30,,2773,13,,,0,70,,2784,13,,,0,30,,2778,13,,,0,70,,2785,13,,,0,30,,2777,13,,,0,70,,2786,13,,,0,30,,2779,13,,,0,70,,2788,13,,,0,30,,2780,13,,,0,70,,2795,13,,,0,30,,2781,13,,,0,70,,2793,13,,,0,30,,2787,13,,,0,70,,2789,13,,,0,30,,2790,13,,,0
500,'5501',731,,2796,13,,,0,70,,2818,13,0,11 12,0,30,,2798,13,,,0,70,,2816,13,,,0,30,,2799,13,,,0,70,,2806,13,,,0,30,,2800,13,,,0,70,,2807,13,,,0,30,,2797,13,,,0,70,,2808,13,,,0,30,,2802,13,,,0,70,,2809,13,,,0,30,,2801,13,,,0,70,,2810,13,,,0,30,,2803,13,,,0,70,,2812,13,,,0,30,,2804,13,,,0,73,,2819,13,,,0,27,,2805,13,,,0,70,,2817,13,,,0,30,,2811,13,,,0,70,,2813,13,,,0,30,,2814,13,,,0
500,'5503',931,,2820,13,,,0,70,,2836,13,,,0,30,,2825,13,,,0,70,,2833,13,,,0,30,,2826,13,,,0,70,,2834,13,,,0,30,,2828,13,,,0,70,,2832,13,,,0,30,,2829,13,,,0,70,,2835,13,,,0,30,,2827,13,,,0,70,,2837,13,,,0,30,,2824,13,,,0,70,,2831,13,,,0,30,,2823,13,,,0,70,,2830,13,,,0,30,,2821,13,,,0,70,,2838,13,,,0,30,,2822,13,,,0
500,'5504',1301,,2840,13,,,0,100,,2841,13,,,0,100,,2842,13,,,0,100,,2843,13,,,0
500,'5505',731,,2844,13,,,0,70,,2866,13,0,11 12,0,30,,2846,13,,,0,70,,2864,13,,,0,30,,2847,13,,,0,70,,2854,13,,,0,30,,2848,13,,,0,70,,2855,13,,,0,30,,2845,13,,,0,70,,2856,13,,,0,30,,2850,13,,,0,70,,2857,13,,,0,30,,2849,13,,,0,70,,2858,13,,,0,30,,2851,13,,,0,70,,2860,13,,,0,30,,2852,13,,,0,73,,2867,13,,,0,27,,2853,13,,,0,70,,2865,13,,,0,30,,2859,13,,,0,70,,2861,13,,,0,30,,2862,13,,,0
500,'5506',731,,2868,13,,,0,70,,2890,13,,,0,30,,2870,13,,,0,70,,2888,13,,,0,30,,2871,13,,,0,70,,2878,13,,,0,30,,2872,13,,,0,70,,2879,13,,,0,30,,2869,13,,,0,70,,2880,13,,,0,30,,2874,13,,,0,70,,2881,13,,,0,30,,2873,13,,,0,70,,2882,13,,,0,30,,2875,13,,,0,70,,2884,13,,,0,30,,2876,13,,,0,70,,2891,13,,,0,30,,2877,13,,,0,70,,2889,13,,,0,30,,2883,13,,,0,70,,2885,13,,,0,30,,2886,13,,,0
500,'5508',731,,2892,13,,,0,70,,2914,13,,,0,30,,2894,13,,,0,70,,2912,13,,,0,30,,2895,13,,,0,70,,2902,13,,,0,30,,2896,13,,,0,70,,2903,13,,,0,30,,2893,13,,,0,70,,2904,13,,,0,30,,2898,13,,,0,70,,2905,13,,,0,30,,2897,13,,,0,70,,2906,13,,,0,30,,2899,13,,,0,70,,2908,13,,,0,30,,2900,13,,,0,70,,2915,13,,,0,30,,2901,13,,,0,70,,2913,13,,,0,30,,2907,13,,,0,70,,2909,13,,,0,30,,2910,13,,,0
1501,'5475',1926,,3173,15,0,7,0,124,,3175,15,0,7,0,387,,3180,15,0,7,0,164,,3178,15,0,7,0
1501,'5501',1926,,3181,15,0,7,0,124,,3183,15,0,7,0
1501,'5503',1926,,3186,15,0,7,0,124,,3187,15,0,7,0
1501,'5505',1926,,3189,15,0,7,0,124,,3191,15,0,7,0
1501,'5506',1926,,3193,15,0,7,0,124,,3195,15,0,7,0
1501,'5508',1926,,3197,15,0,7,0,124,,3199,15,0,7,0
1600,'5504',901,,3201,2,0,16 18,0,100,,3204,8,,,0,100,,3203,8,,,0,100,,3202,8,,,0,100,,3205,8,,,0,100,,3206,8,,,0,100,,3207,8,,,0,100,,3208,8,,,0,100,,3209,8,,,0
1000100,'5475',1909,,3404,17,,,0,30,,3415,17,,,0,70,,3413,17,,,0,30,,3414,17,,,0,70,,3410,17,,,0,30,,3412,17,,,0,70,,3411,17,,,0,30,,3409,17,,,0,170,,3406,17,,,0,30,,3408,17,,,0,70,,3405,17,,,0,30,,3407,17,,,0
