201,'5475',720,,2391,28,,,0,100,,2392,28,,,0,100,,2393,28,,,0,100,,2394,28,,,0,100,,2395,28,,,0,100,,2396,28,,,0,100,,2397,28,,,0,100,,2398,28,,,0,100,,2399,28,,,0,100,,2400,28,,,0,100,,2401,28,,,0,100,,2403,10,,,0
201,'5501',720,,2404,28,,,0,100,,2405,28,,,0,100,,2406,28,,,0,100,,2407,28,,,0,100,,2408,28,,,0,100,,2409,28,,,0,100,,2410,28,,,0,100,,2411,28,,,0,100,,2412,28,,,0,100,,2413,28,,,0,100,,2414,28,,,0,100,,2416,10,,,0
201,'5503',820,,2417,28,,,0,100,,2418,28,,,0,100,,2419,28,,,0,100,,2420,28,,,0,100,,2421,28,,,0,100,,2422,28,,,0,100,,2423,28,,,0,100,,2424,28,,,0,100,,2425,28,,,0,100,,2426,28,,,0,100,,2427,28,,,0
201,'5505',720,,2428,28,,,0,100,,2429,28,,,0,100,,2430,28,,,0,100,,2431,28,,,0,100,,2432,28,,,0,100,,2433,28,,,0,100,,2434,28,,,0,100,,2435,28,,,0,100,,2436,28,,,0,100,,2437,28,,,0,100,,2438,28,,,0,100,,2440,10,,,0
201,'5506',720,,2441,28,,,0,100,,2442,28,,,0,100,,2443,28,,,0,100,,2444,28,,,0,100,,2445,28,,,0,100,,2446,28,,,0,100,,2447,28,,,0,100,,2448,28,,,0,100,,2449,28,,,0,100,,2450,28,,,0,100,,2451,28,,,0,100,,2453,10,,,0
201,'5508',720,,2454,28,,,0,100,,2455,28,,,0,100,,2456,28,,,0,100,,2457,28,,,0,100,,2458,28,,,0,100,,2459,28,,,0,100,,2460,28,,,0,100,,2461,28,,,0,100,,2462,28,,,0,100,,2463,28,,,0,100,,2464,28,,,0,100,,2466,10,,,0
1501,'5475',1946,,3174,10,,,0,164,,3176,10,,,0,348,,3179,10,,,0,164,,3177,10,0,14 15,0
1501,'5501',1946,,3182,10,,,0,164,,3184,10,,,0
1501,'5503',1946,,3185,10,,,0,164,,3188,10,,,0
1501,'5505',1946,,3190,10,,,0,164,,3192,10,,,0
1501,'5506',1946,,3194,10,,,0,164,,3196,10,,,0
1501,'5508',1946,,3198,10,,,0,164,,3200,10,,,0
