301,'5475',646,,2543,23,,,0,100,,2544,33,,,0,100,,2545,26,,,0,100,,2546,33,,,0,100,,2547,33,,,0,100,,2548,33,,,0,100,,2549,33,,,0,100,,2550,33,,,0,100,,2551,33,,,0,100,,2552,33,,,0,100,,2553,33,,,0,100,,2554,33,,,0
301,'5501',646,,2556,23,,,0,100,,2557,33,,,0,100,,2558,26,,,0,100,,2559,33,,,0,100,,2560,33,,,0,100,,2561,33,,,0,100,,2562,33,,,0,100,,2563,33,,,0,100,,2564,33,,,0,100,,2565,33,,,0,100,,2566,33,,,0,100,,2567,33,,,0
301,'5503',846,,2570,26,,,0,100,,2569,33,,,0,100,,2572,33,,,0,100,,2571,33,,,0,100,,2573,33,,,0,100,,2574,33,,,0,100,,2575,33,,,0,100,,2576,33,,,0,100,,2577,33,,,0,100,,2579,33,,,0
301,'5505',646,,2580,23,,,0,100,,2581,33,,,0,100,,2582,26,,,0,100,,2583,33,,,0,100,,2584,33,,,0,100,,2585,33,,,0,100,,2586,33,,,0,100,,2587,33,,,0,100,,2588,33,,,0,100,,2589,33,,,0,100,,2590,33,,,0,100,,2591,33,,,0
301,'5506',646,,2593,23,,,0,100,,2594,33,,,0,100,,2595,26,,,0,100,,2596,33,,,0,100,,2597,33,,,0,100,,2598,33,,,0,100,,2599,33,,,0,100,,2600,33,,,0,100,,2601,33,,,0,100,,2602,33,,,0,100,,2603,33,,,0,100,,2604,33,,,0
301,'5508',646,,2606,23,,,0,100,,2607,33,,,0,100,,2608,26,,,0,100,,2609,33,,,0,100,,2610,33,,,0,100,,2611,33,,,0,100,,2612,33,,,0,100,,2613,33,,,0,100,,2614,33,,,0,100,,2615,33,,,0,100,,2616,33,,,0,100,,2617,33,,,0
1501,'5475',1915,,3173,3,0,7,0,124,,3175,3,0,7,0,388,,3180,3,0,7,0,124,,3178,3,0,7,0
1501,'5501',1915,,3181,3,0,7,0,124,,3183,3,0,7,0
1501,'5503',1915,,3186,3,0,7,0,124,,3187,3,0,7,0
1501,'5505',1915,,3189,3,0,7,0,124,,3191,3,0,7,0
1501,'5506',1915,,3193,3,0,7,0,124,,3195,3,0,7,0
1501,'5508',1915,,3197,3,0,7,0,124,,3199,3,0,7,0
7001,'5475',1823,,3391,33,,,0
7001,'5501',1823,,3395,33,,,0
7001,'5505',1823,,3399,33,,,0
7001,'5506',1823,,3403,33,,,0
1000100,'5475',1903,,3404,7,,,0,30,,3415,7,,,0,70,,3413,7,,,0,30,,3414,7,,,0,70,,3410,7,,,0,30,,3412,7,,,0,70,,3411,7,,,0,30,,3409,7,,,0,170,,3406,7,,,0,30,,3408,7,,,0,70,,3405,7,,,0,30,,3407,7,,,0
