201,'5475',728,,2391,35,,,0,100,,2392,35,,,0,100,,2393,35,,,0,100,,2394,35,,,0,100,,2395,35,,,0,100,,2396,35,,,0,100,,2397,35,,,0,100,,2398,35,,,0,100,,2399,35,,,0,100,,2400,35,,,0,100,,2401,35,,,0,100,,2403,17,,,0
201,'5501',728,,2404,35,,,0,100,,2405,35,,,0,100,,2406,35,,,0,100,,2407,35,,,0,100,,2408,35,,,0,100,,2409,35,,,0,100,,2410,35,,,0,100,,2411,35,,,0,100,,2412,35,,,0,100,,2413,35,,,0,100,,2414,35,,,0,100,,2416,17,,,0
201,'5503',828,,2417,35,,,0,100,,2418,35,,,0,100,,2419,35,,,0,100,,2420,35,,,0,100,,2421,35,,,0,100,,2422,35,,,0,100,,2423,35,,,0,100,,2424,35,,,0,100,,2425,35,,,0,100,,2426,35,,,0,100,,2427,35,,,0
201,'5505',728,,2428,35,,,0,100,,2429,35,,,0,100,,2430,35,,,0,100,,2431,35,,,0,100,,2432,35,,,0,100,,2433,35,,,0,100,,2434,35,,,0,100,,2435,35,,,0,100,,2436,35,,,0,100,,2437,35,,,0,100,,2438,35,,,0,100,,2440,17,,,0
201,'5506',728,,2441,35,,,0,100,,2442,35,,,0,100,,2443,35,,,0,100,,2444,35,,,0,100,,2445,35,,,0,100,,2446,35,,,0,100,,2447,35,,,0,100,,2448,35,,,0,100,,2449,35,,,0,100,,2450,35,,,0,100,,2451,35,,,0,100,,2453,17,,,0
201,'5508',728,,2454,35,,,0,100,,2455,35,,,0,100,,2456,35,,,0,100,,2457,35,,,0,100,,2458,35,,,0,100,,2459,35,,,0,100,,2460,35,,,0,100,,2461,35,,,0,100,,2462,35,,,0,100,,2463,35,,,0,100,,2464,35,,,0,100,,2466,17,,,0
401,'5475',657,,2702,15,,,0,100,,2703,28,,,0,100,,2704,28,,,0,100,,2705,28,,,0,100,,2706,28,,,0,100,,2707,28,,,0,100,,2708,28,,,0,100,,2700,28,,,0,100,,2701,28,,,0,100,,2698,28,,,0,100,,2697,28,,,0,100,,2699,28,,,0
401,'5501',657,,2715,15,,,0,100,,2716,28,,,0,100,,2717,28,,,0,100,,2718,28,,,0,100,,2719,28,,,0,100,,2720,28,,,0,100,,2721,28,,,0,100,,2713,28,,,0,100,,2714,28,,,0,100,,2711,28,,,0,100,,2710,28,,,0,100,,2712,28,,,0
401,'5503',857,,2722,28,,,0,100,,2724,28,,,0,100,,2725,28,,,0,100,,2723,28,,,0,100,,2727,28,,,0,100,,2726,28,,,0,100,,2728,28,,,0,100,,2729,28,,,0,100,,2730,28,,,0,100,,2731,28,,,0
401,'5505',657,,2739,15,,,0,100,,2740,28,,,0,100,,2741,28,,,0,100,,2742,28,,,0,100,,2743,28,,,0,100,,2744,28,,,0,100,,2745,28,,,0,100,,2737,28,,,0,100,,2738,28,,,0,100,,2735,28,,,0,100,,2734,28,,,0,100,,2736,28,,,0
401,'5506',657,,2752,15,,,0,100,,2753,28,,,0,100,,2754,28,,,0,100,,2755,28,,,0,100,,2756,28,,,0,100,,2757,28,,,0,100,,2758,28,,,0,100,,2750,28,,,0,100,,2751,28,,,0,100,,2748,28,,,0,100,,2747,28,,,0,100,,2749,28,,,0
401,'5508',657,,2765,15,,,0,100,,2766,28,,,0,100,,2767,28,,,0,100,,2768,28,,,0,100,,2769,28,,,0,100,,2770,28,,,0,100,,2771,28,,,0,100,,2763,28,,,0,100,,2764,28,,,0,100,,2761,28,,,0,100,,2760,28,,,0,100,,2762,28,,,0
1501,'5475',1951,,3174,17,,,0,164,,3176,17,,,0,388,,3179,17,,,0,126,,3177,17,0,14 15,0
1501,'5501',1951,,3182,17,,,0,164,,3184,17,,,0
1501,'5503',1951,,3185,17,,,0,164,,3188,17,,,0
1501,'5505',1951,,3190,17,,,0,164,,3192,17,,,0
1501,'5506',1951,,3194,17,,,0,164,,3196,17,,,0
1501,'5508',1951,,3198,17,,,0,164,,3200,17,,,0
7001,'5475',1819,,3391,27,,,0
7001,'5501',1819,,3395,27,,,0
7001,'5505',1819,,3399,27,,,0
7001,'5506',1819,,3403,27,,,0
