400,'5475',715,,2619,18,,,0,100,,2624,18,,,0,100,,2625,18,,,0,100,,2626,18,,,0,100,,2628,18,,,0,100,,2629,18,,,0,100,,2630,18,,,0,100,,2631,18,,,0,100,,2627,18,,,0,100,,2622,18,,,0,100,,2623,18,,,0,110,,2620,3,,,0
400,'5501',715,,2632,18,,,0,100,,2637,18,,,0,100,,2638,18,,,0,100,,2639,18,,,0,100,,2641,18,,,0,100,,2642,18,,,0,100,,2643,18,,,0,100,,2644,18,,,0,100,,2640,18,,,0,100,,2635,18,,,0,100,,2636,18,,,0,110,,2633,3,,,0
400,'5503',815,,2648,18,,,0,100,,2651,18,,,0,100,,2645,18,,,0,100,,2646,18,,,0,100,,2649,18,,,0,100,,2650,18,,,0,100,,2647,18,,,0,100,,2652,18,,,0,100,,2653,18,,,0,100,,2654,18,,,0,110,,2656,3,,,0
400,'5505',715,,2657,18,,,0,100,,2662,18,,,0,100,,2663,18,,,0,100,,2664,18,,,0,100,,2666,18,,,0,100,,2667,18,,,0,100,,2668,18,,,0,100,,2669,18,,,0,100,,2665,18,,,0,100,,2660,18,,,0,100,,2661,18,,,0,110,,2658,3,,,0
400,'5506',715,,2670,18,,,0,100,,2675,18,,,0,100,,2676,18,,,0,100,,2677,18,,,0,100,,2679,18,,,0,100,,2680,18,,,0,100,,2681,18,,,0,100,,2682,18,,,0,100,,2678,18,,,0,100,,2673,18,,,0,100,,2674,18,,,0,110,,2671,3,,,0
400,'5508',715,,2683,18,,,0,100,,2688,18,,,0,100,,2689,18,,,0,100,,2690,18,,,0,100,,2692,18,,,0,100,,2693,18,,,0,100,,2694,18,,,0,100,,2695,18,,,0,100,,2691,18,,,0,100,,2686,18,,,0,100,,2687,18,,,0,110,,2684,3,,,0
1100,'5475',957,,3098,11,,,0,348,,3099,11,,,0
1100,'5501',957,,3101,11,,,0,348,,3102,11,,,0
1100,'5505',957,,3104,11,,,0,348,,3105,11,,,0
1100,'5506',957,,3107,11,,,0,348,,3108,11,,,0
