200,'5475',647,,2321,23,,,0,100,,2322,23,,,0,100,,2323,23,,,0,100,,2324,23,,,0,100,,2325,23,,,0,100,,2326,23,,,0,100,,2327,23,,,0,100,,2328,23,,,0,100,,2329,23,,,0,100,,2330,23,,,0,100,,2331,23,,,0,100,,2332,23,,,0
200,'5501',647,,2333,23,,,0,100,,2334,23,,,0,100,,2335,23,,,0,100,,2336,23,,,0,100,,2337,23,,,0,100,,2338,23,,,0,100,,2339,23,,,0,100,,2340,23,,,0,100,,2341,23,,,0,100,,2342,23,,,0,100,,2343,23,,,0,100,,2344,23,,,0
200,'5503',847,,2345,23,,,0,100,,2346,23,,,0,100,,2347,23,,,0,100,,2348,23,,,0,100,,2349,23,,,0,100,,2350,23,,,0,100,,2351,23,,,0,100,,2352,23,,,0,100,,2353,23,,,0,100,,2354,23,,,0
200,'5505',647,,2355,23,,,0,100,,2356,23,,,0,100,,2357,23,,,0,100,,2358,23,,,0,100,,2359,23,,,0,100,,2360,23,,,0,100,,2361,23,,,0,100,,2362,23,,,0,100,,2363,23,,,0,100,,2364,23,,,0,100,,2365,23,,,0,100,,2366,23,,,0
200,'5506',647,,2367,23,,,0,100,,2368,23,,,0,100,,2369,23,,,0,100,,2370,23,,,0,100,,2371,23,,,0,100,,2372,23,,,0,100,,2373,23,,,0,100,,2374,23,,,0,100,,2375,23,,,0,100,,2376,23,,,0,100,,2377,23,,,0,100,,2378,23,,,0
200,'5508',647,,2379,23,,,0,100,,2380,23,,,0,100,,2381,23,,,0,100,,2382,23,,,0,100,,2383,23,,,0,100,,2384,23,,,0,100,,2385,23,,,0,100,,2386,23,,,0,100,,2387,23,,,0,100,,2388,23,,,0,100,,2389,23,,,0,100,,2390,23,,,0
400,'5475',718,,2619,23,,,0,100,,2624,23,,,0,100,,2625,23,,,0,100,,2626,23,,,0,100,,2628,23,,,0,100,,2629,23,,,0,100,,2630,23,,,0,100,,2631,23,,,0,100,,2627,23,,,0,100,,2622,23,,,0,100,,2623,23,,,0,110,,2620,8,,,0
400,'5501',718,,2632,23,,,0,100,,2637,23,,,0,100,,2638,23,,,0,100,,2639,23,,,0,100,,2641,23,,,0,100,,2642,23,,,0,100,,2643,23,,,0,100,,2644,23,,,0,100,,2640,23,,,0,100,,2635,23,,,0,100,,2636,23,,,0,110,,2633,8,,,0
400,'5503',818,,2648,23,,,0,100,,2651,23,,,0,100,,2645,23,,,0,100,,2646,23,,,0,100,,2649,23,,,0,100,,2650,23,,,0,100,,2647,23,,,0,100,,2652,23,,,0,100,,2653,23,,,0,100,,2654,23,,,0,110,,2656,8,,,0
400,'5505',718,,2657,23,,,0,100,,2662,23,,,0,100,,2663,23,,,0,100,,2664,23,,,0,100,,2666,23,,,0,100,,2667,23,,,0,100,,2668,23,,,0,100,,2669,23,,,0,100,,2665,23,,,0,100,,2660,23,,,0,100,,2661,23,,,0,110,,2658,8,,,0
400,'5506',718,,2670,23,,,0,100,,2675,23,,,0,100,,2676,23,,,0,100,,2677,23,,,0,100,,2679,23,,,0,100,,2680,23,,,0,100,,2681,23,,,0,100,,2682,23,,,0,100,,2678,23,,,0,100,,2673,23,,,0,100,,2674,23,,,0,110,,2671,8,,,0
400,'5508',718,,2683,23,,,0,100,,2688,23,,,0,100,,2689,23,,,0,100,,2690,23,,,0,100,,2692,23,,,0,100,,2693,23,,,0,100,,2694,23,,,0,100,,2695,23,,,0,100,,2691,23,,,0,100,,2686,23,,,0,100,,2687,23,,,0,110,,2684,8,,,0
501,'5475',651,,2916,6,,,0,70,,2926,6,,,0,30,,2917,8,,,0,70,,2938,8,,,0,30,,2919,8,,,0,70,,2927,8,,,0,30,,2920,8,,,0,70,,2928,8,,,0,30,,2921,8,,,0,70,,2929,8,,,0,30,,2918,8,,,0,70,,2930,8,,,0,30,,2923,8,,,0,70,,2931,8,,,0,30,,2922,8,,,0,70,,2932,8,,,0,30,,2924,8,,,0,70,,2939,8,,,0,30,,2925,8,,,0,70,,2937,8,,,0,30,,2933,8,,,0,70,,2934,8,,,0,30,,2935,8,,,0,70,,2936,8,,,0
501,'5501',651,,2940,6,,,0,70,,2950,6,,,0,30,,2941,8,,,0,74,,2962,8,,,0,26,,2943,8,,,0,70,,2951,8,,,0,30,,2944,8,,,0,70,,2952,8,,,0,30,,2945,8,,,0,70,,2953,8,,,0,30,,2942,8,,,0,70,,2954,8,,,0,30,,2947,8,,,0,70,,2955,8,,,0,30,,2946,8,,,0,70,,2956,8,,,0,30,,2948,8,,,0,68,,2963,8,0,11 12,0,32,,2949,8,,,0,73,,2961,8,,,0,27,,2957,8,,,0,70,,2958,8,,,0,30,,2959,8,,,0,70,,2960,8,,,0
501,'5503',851,,2969,6,,,0,70,,2980,6,,,0,30,,2971,8,,,0,70,,2981,8,,,0,30,,2972,8,,,0,70,,2977,8,,,0,30,,2968,8,,,0,70,,2978,8,,,0,30,,2973,8,,,0,70,,2979,8,,,0,30,,2964,8,,,0,70,,2982,8,,,0,30,,2965,8,,,0,70,,2983,8,,,0,30,,2966,8,,,0,70,,2974,8,,,0,30,,2967,8,,,0,70,,2975,8,,,0,30,,2970,8,,,0,70,,2976,8,,,0
501,'5504',1221,,2984,8,,,0,100,,2985,8,,,0,100,,2986,8,,,0,100,,2987,8,,,0
501,'5505',651,,2988,6,,,0,70,,2998,6,,,0,30,,2989,8,,,0,74,,3010,8,,,0,26,,2991,8,,,0,70,,2999,8,,,0,30,,2992,8,,,0,70,,3000,8,,,0,30,,2993,8,,,0,70,,3001,8,,,0,30,,2990,8,,,0,70,,3002,8,,,0,30,,2995,8,,,0,70,,3003,8,,,0,30,,2994,8,,,0,70,,3004,8,,,0,30,,2996,8,,,0,68,,3011,8,0,11 12,0,32,,2997,8,,,0,73,,3009,8,,,0,27,,3005,8,,,0,70,,3006,8,,,0,30,,3007,8,,,0,70,,3008,8,,,0
501,'5506',651,,3012,6,,,0,70,,3022,6,,,0,30,,3013,8,,,0,70,,3034,8,,,0,30,,3015,8,,,0,70,,3023,8,,,0,30,,3016,8,,,0,70,,3024,8,,,0,30,,3017,8,,,0,70,,3025,8,,,0,30,,3014,8,,,0,70,,3026,8,,,0,30,,3019,8,,,0,70,,3027,8,,,0,30,,3018,8,,,0,70,,3028,8,,,0,30,,3020,8,,,0,70,,3035,8,,,0,30,,3021,8,,,0,70,,3033,8,,,0,30,,3029,8,,,0,70,,3030,8,,,0,30,,3031,8,,,0,70,,3032,8,,,0
501,'5508',651,,3036,6,,,0,70,,3046,6,,,0,30,,3037,8,,,0,70,,3058,8,,,0,30,,3039,8,,,0,70,,3047,8,,,0,30,,3040,8,,,0,70,,3048,8,,,0,30,,3041,8,,,0,70,,3049,8,,,0,30,,3038,8,,,0,70,,3050,8,,,0,30,,3043,8,,,0,70,,3051,8,,,0,30,,3042,8,,,0,70,,3052,8,,,0,30,,3044,8,,,0,70,,3059,8,,,0,30,,3045,8,,,0,70,,3057,8,,,0,30,,3053,8,,,0,70,,3054,8,,,0,30,,3055,8,,,0,70,,3056,8,,,0
1001,'5475',750,,3079,22,,,0,165,,3080,22,,,0,434,,3081,22,,,0,402,,3082,22,,,0
1001,'5501',750,,3083,22,,,0,165,,3084,22,,,0,434,,3085,22,,,0,402,,3086,22,,,0
1001,'5503',915,,3087,22,,,0,434,,3088,22,,,0,402,,3089,22,,,0
1001,'5505',750,,3090,22,,,0,165,,3091,22,,,0,434,,3092,22,,,0,402,,3093,22,,,0
1001,'5506',750,,3094,22,,,0,165,,3095,22,,,0,434,,3096,22,,,0,402,,3097,22,,,0
1601,'5504',932,,3211,16,0,22 18,0,100,,3213,16,0,22 18,0,100,,3212,16,0,22 18,0,100,,3214,16,0,22 18,0,100,,3216,16,0,22 18,0,100,,3215,16,0,22 18,0,100,,3217,16,0,22 18,0,100,,3218,16,0,22 18,0,100,,3219,16,0,22 18,0
1000100,'5475',1926,,3404,45,,,0,30,,3415,45,,,0,70,,3413,45,,,0,30,,3414,45,,,0,70,,3410,45,,,0,30,,3412,45,,,0,70,,3411,45,,,0,30,,3409,45,,,0,170,,3406,45,,,0,30,,3408,45,,,0,70,,3405,45,,,0,30,,3407,45,,,0
