200,'5323',632,,3464,5,,,0,100,,3465,5,,,0,100,,3466,5,,,0,100,,3467,5,,,0,100,,3468,5,,,0,100,,3469,5,,,0,100,,3470,5,,,0,100,,3471,5,,,0,100,,3472,5,,,0,100,,3473,5,,,0,100,,3474,5,,,0,100,,3475,5,,,0
200,'5325',832,,3476,5,,,0,100,,3477,5,,,0,100,,3478,5,,,0,100,,3479,5,,,0,100,,3480,5,,,0,100,,3481,5,,,0,100,,3482,5,,,0,100,,3483,5,,,0,100,,3484,5,,,0,100,,3485,5,,,0
400,'5323',702,,3558,5,,,0,100,,3563,5,,,0,100,,3565,5,,,0,100,,3566,5,,,0,100,,3567,5,,,0,100,,3568,5,,,0,100,,3569,5,,,0,100,,3570,5,,,0,100,,3564,5,,,0,100,,3561,5,,,0,100,,3562,5,,,0,100,,3560,5,0,7 6,0
400,'5325',802,,3574,5,,,0,100,,3577,5,,,0,100,,3571,5,,,0,100,,3572,5,,,0,100,,3575,5,,,0,100,,3576,5,,,0,100,,3573,5,,,0,100,,3578,5,,,0,100,,3579,5,,,0,100,,3580,5,,,0,100,,3581,5,0,7 6,0
1000,'5323',643,,3703,5,,,0,162,,3704,5,,,0,123,,3707,5,,,0,305,,3705,5,,,0,407,,3706,5,,,0
1000,'5325',805,,3708,5,,,0,428,,3709,5,,,0,407,,3710,5,,,0
1101,'5323',1235,,3724,5,,,0,572,,3722,5,,,0
1500,'5323',2003,,3728,10,,,0,124,,3729,10,,,0,85,,3731,10,,,0
1500,'5325',2003,,3734,10,,,0,124,,3737,10,,,0,85,,3736,10,,,0
7000,'5323',605,,3812,21,,,0,305,,3813,4,,,0,324,,3814,4,,,0,300,,3815,4,,,0
