101,'5475',700,,3897,10,,,0,100,,3898,10,,,0,100,,3899,10,,,0,100,,3900,10,,,0,100,,3902,10,,,0,100,,3901,10,,,0,100,,3904,10,,,0,100,,3903,10,,,0,100,,3905,10,,,0,100,,3906,10,,,0,100,,3907,10,,,0,100,,3908,10,,,0
101,'5501',700,,3910,10,,,0,100,,3911,10,,,0,100,,3912,10,,,0,100,,3913,10,,,0,100,,3915,10,,,0,100,,3914,10,,,0,100,,3917,10,,,0,100,,3916,10,,,0,100,,3918,10,,,0,100,,3919,10,,,0,100,,3920,10,,,0,100,,3921,10,,,0
101,'5503',900,,3926,10,,,0,100,,3928,10,,,0,100,,3922,10,,,0,100,,3924,10,,,0,100,,3927,10,,,0,100,,3925,10,,,0,100,,3929,10,,,0,100,,3923,10,,,0,100,,3930,10,,,0,100,,3931,10,,,0
101,'5505',700,,3934,10,,,0,100,,3935,10,,,0,100,,3936,10,,,0,100,,3937,10,,,0,100,,3939,10,,,0,100,,3938,10,,,0,100,,3941,10,,,0,100,,3940,10,,,0,100,,3942,10,,,0,100,,3943,10,,,0,100,,3944,10,,,0,100,,3945,10,,,0
101,'5506',700,,3947,10,,,0,100,,3948,10,,,0,100,,3949,10,,,0,100,,3950,10,,,0,100,,3952,10,,,0,100,,3951,10,,,0,100,,3954,10,,,0,100,,3953,10,,,0,100,,3955,10,,,0,100,,3956,10,,,0,100,,3957,10,,,0,100,,3958,10,,,0
101,'5508',700,,3960,10,,,0,100,,3961,10,,,0,100,,3962,10,,,0,100,,3963,10,,,0,100,,3965,10,,,0,100,,3964,10,,,0,100,,3967,10,,,0,100,,3966,10,,,0,100,,3968,10,,,0,100,,3969,10,,,0,100,,3970,10,,,0,100,,3971,10,,,0
301,'5475',630,,4194,2,,,0,100,,4195,12,,,0,100,,4196,5,,,0,100,,4197,12,,,0,100,,4198,12,,,0,100,,4199,12,,,0,100,,4200,12,,,0,100,,4201,12,,,0,100,,4202,12,,,0,100,,4203,12,,,0,100,,4204,12,,,0,100,,4205,12,,,0
301,'5501',630,,4207,2,,,0,100,,4208,12,,,0,100,,4209,5,,,0,100,,4210,12,,,0,100,,4211,12,,,0,100,,4212,12,,,0,100,,4213,12,,,0,100,,4214,12,,,0,100,,4215,12,,,0,100,,4216,12,,,0,100,,4217,12,,,0,100,,4218,12,,,0
301,'5503',830,,4221,5,,,0,100,,4220,12,,,0,100,,4223,12,,,0,100,,4222,12,,,0,100,,4224,12,,,0,100,,4225,12,,,0,100,,4226,12,,,0,100,,4227,12,,,0,100,,4228,12,,,0,100,,4230,12,,,0
301,'5505',630,,4231,2,,,0,100,,4232,12,,,0,100,,4233,5,,,0,100,,4234,12,,,0,100,,4235,12,,,0,100,,4236,12,,,0,100,,4237,12,,,0,100,,4238,12,,,0,100,,4239,12,,,0,100,,4240,12,,,0,100,,4241,12,,,0,100,,4242,12,,,0
301,'5506',630,,4244,2,,,0,100,,4245,12,,,0,100,,4246,5,,,0,100,,4247,12,,,0,100,,4248,12,,,0,100,,4249,12,,,0,100,,4250,12,,,0,100,,4251,12,,,0,100,,4252,12,,,0,100,,4253,12,,,0,100,,4254,12,,,0,100,,4255,12,,,0
301,'5508',630,,4257,2,,,0,100,,4258,12,,,0,100,,4259,5,,,0,100,,4260,12,,,0,100,,4261,12,,,0,100,,4262,12,,,0,100,,4263,12,,,0,100,,4264,12,,,0,100,,4265,12,,,0,100,,4266,12,,,0,100,,4267,12,,,0,100,,4268,12,,,0
1500,'5475',1850,,4773,2,0,14 15,0,164,,4776,2,0,13,0,124,,4778,2,0,13,0,85,,4780,2,0,13,0,179,,4783,2,0,13,0,124,,4781,2,0,13,0
1500,'5501',1850,,4785,2,0,14 15,0,164,,4788,2,0,13,0,124,,4790,2,0,13,0,85,,4792,2,0,13,0
1500,'5503',1850,,4793,2,0,13,0,164,,4795,2,0,13,0,124,,4797,2,0,13,0,85,,4799,2,0,13,0
1500,'5505',1850,,4800,2,0,14 15,0,164,,4803,2,0,13,0,124,,4805,2,0,13,0,85,,4807,2,0,13,0
1500,'5506',1850,,4808,2,0,14 15,0,164,,4811,2,0,13,0,124,,4813,2,0,13,0,85,,4815,2,0,13,0
1500,'5508',1850,,4816,2,0,14 15,0,164,,4819,2,0,13,0,124,,4821,2,0,13,0,85,,4823,2,0,13,0
7001,'5475',845,,5039,15,0,14 15,0,296,,5040,13,0,14 15,0,365,,5041,15,0,14 15,0,305,,5042,13,,,0
7001,'5501',845,,5043,15,0,14 15,0,296,,5044,13,0,14 15,0,365,,5045,15,0,14 15,0,305,,5046,13,,,0
7001,'5505',845,,5047,15,0,14 15,0,296,,5048,13,0,14 15,0,365,,5049,15,0,14 15,0,305,,5050,13,,,0
7001,'5506',845,,5051,15,0,14 15,0,296,,5052,13,0,14 15,0,365,,5053,15,0,14 15,0,305,,5054,13,,,0
