500,'5475',709,,2772,1,,,0,30,,2794,1,,,0,70,,2774,1,,,0,30,,2792,1,,,0,70,,2775,1,,,0,30,,2782,1,,,0,70,,2776,1,,,0,30,,2783,1,,,0,70,,2773,1,,,0,30,,2784,1,,,0,70,,2778,1,,,0,30,,2785,1,,,0,70,,2777,1,,,0,30,,2786,1,,,0,70,,2779,1,,,0,30,,2788,1,,,0,70,,2780,1,,,0,30,,2795,1,,,0,70,,2781,1,,,0,30,,2793,1,,,0,70,,2787,1,,,0,30,,2789,1,,,0,70,,2790,1,,,0,30,,2791,1,0,13,0
500,'5501',709,,2796,1,,,0,30,,2818,1,0,11 12,0,70,,2798,1,,,0,34,,2816,1,,,0,66,,2799,1,,,0,30,,2806,1,,,0,70,,2800,1,,,0,30,,2807,1,,,0,70,,2797,1,,,0,30,,2808,1,,,0,70,,2802,1,,,0,30,,2809,1,,,0,70,,2801,1,,,0,30,,2810,1,,,0,70,,2803,1,,,0,30,,2812,1,,,0,70,,2804,1,,,0,40,,2819,1,,,0,60,,2805,1,,,0,33,,2817,1,,,0,67,,2811,1,,,0,30,,2813,1,,,0,70,,2814,1,,,0,30,,2815,1,0,13,0
500,'5503',909,,2820,1,,,0,30,,2836,1,,,0,70,,2825,1,,,0,30,,2833,1,,,0,70,,2826,1,,,0,30,,2834,1,,,0,70,,2828,1,,,0,30,,2832,1,,,0,70,,2829,1,,,0,30,,2835,1,,,0,70,,2827,1,,,0,30,,2837,1,,,0,70,,2824,1,,,0,30,,2831,1,,,0,70,,2823,1,,,0,30,,2830,1,,,0,70,,2821,1,,,0,30,,2838,1,,,0,70,,2822,1,,,0,30,,2839,1,0,13,0
500,'5504',1239,,2840,1,,,0,100,,2841,1,,,0,100,,2842,1,,,0,100,,2843,1,,,0
500,'5505',709,,2844,1,,,0,30,,2866,1,0,11 12,0,70,,2846,1,,,0,34,,2864,1,,,0,66,,2847,1,,,0,30,,2854,1,,,0,70,,2848,1,,,0,30,,2855,1,,,0,70,,2845,1,,,0,30,,2856,1,,,0,70,,2850,1,,,0,30,,2857,1,,,0,70,,2849,1,,,0,30,,2858,1,,,0,70,,2851,1,,,0,30,,2860,1,,,0,70,,2852,1,,,0,40,,2867,1,,,0,60,,2853,1,,,0,33,,2865,1,,,0,67,,2859,1,,,0,30,,2861,1,,,0,70,,2862,1,,,0,30,,2863,1,0,13,0
500,'5506',709,,2868,1,,,0,30,,2890,1,,,0,70,,2870,1,,,0,30,,2888,1,,,0,70,,2871,1,,,0,30,,2878,1,,,0,70,,2872,1,,,0,30,,2879,1,,,0,70,,2869,1,,,0,30,,2880,1,,,0,70,,2874,1,,,0,30,,2881,1,,,0,70,,2873,1,,,0,30,,2882,1,,,0,70,,2875,1,,,0,30,,2884,1,,,0,70,,2876,1,,,0,30,,2891,1,,,0,70,,2877,1,,,0,30,,2889,1,,,0,70,,2883,1,,,0,30,,2885,1,,,0,70,,2886,1,,,0,30,,2887,1,0,13,0
500,'5508',709,,2892,1,,,0,30,,2914,1,,,0,70,,2894,1,,,0,30,,2912,1,,,0,70,,2895,1,,,0,30,,2902,1,,,0,70,,2896,1,,,0,30,,2903,1,,,0,70,,2893,1,,,0,30,,2904,1,,,0,70,,2898,1,,,0,30,,2905,1,,,0,70,,2897,1,,,0,30,,2906,1,,,0,70,,2899,1,,,0,30,,2908,1,,,0,70,,2900,1,,,0,30,,2915,1,,,0,70,,2901,1,,,0,30,,2913,1,,,0,70,,2907,1,,,0,30,,2909,1,,,0,70,,2910,1,,,0,30,,2911,1,0,13,0
501,'5475',709,,2916,24,4,,0,30,,2926,24,4,,0,70,,2917,26,4,,0,30,,2938,26,4,,0,70,,2919,26,4,,0,30,,2927,26,4,,0,70,,2920,26,4,,0,30,,2928,26,4,,0,70,,2921,26,4,,0,30,,2929,26,4,,0,70,,2918,26,4,,0,30,,2930,26,4,,0,70,,2923,26,4,,0,30,,2931,26,4,,0,70,,2922,26,4,,0,30,,2932,26,4,,0,70,,2924,26,4,,0,30,,2939,26,4,,0,70,,2925,26,4,,0,30,,2937,26,4,,0,70,,2933,26,4,,0,30,,2934,26,4,,0,70,,2935,26,4,,0,30,,2936,26,4,,0
501,'5501',709,,2940,24,4,,0,30,,2950,24,4,,0,70,,2941,26,4,,0,34,,2962,26,4,,0,66,,2943,26,4,,0,30,,2951,26,4,,0,70,,2944,26,4,,0,30,,2952,26,4,,0,70,,2945,26,4,,0,30,,2953,26,4,,0,70,,2942,26,4,,0,30,,2954,26,4,,0,70,,2947,26,4,,0,30,,2955,26,4,,0,70,,2946,26,4,,0,30,,2956,26,4,,0,70,,2948,26,4,,0,40,,2963,42,4,,0,60,,2949,26,4,,0,33,,2961,26,4,,0,67,,2957,26,4,,0,30,,2958,26,4,,0,70,,2959,26,4,,0,30,,2960,26,4,,0
501,'5503',909,,2969,24,4,,0,30,,2980,24,4,,0,70,,2971,26,4,,0,30,,2981,26,4,,0,70,,2972,26,4,,0,30,,2977,26,4,,0,70,,2968,26,4,,0,30,,2978,26,4,,0,70,,2973,26,4,,0,30,,2979,26,4,,0,70,,2964,26,4,,0,30,,2982,26,4,,0,70,,2965,26,4,,0,30,,2983,26,4,,0,70,,2966,26,4,,0,30,,2974,26,4,,0,70,,2967,26,4,,0,30,,2975,26,4,,0,70,,2970,26,4,,0,30,,2976,26,4,,0
501,'5504',1239,,2984,26,4,,0,100,,2985,26,4,,0,100,,2986,26,4,,0,100,,2987,26,4,,0
501,'5505',709,,2988,24,4,,0,30,,2998,24,4,,0,70,,2989,26,4,,0,34,,3010,26,4,,0,66,,2991,26,4,,0,30,,2999,26,4,,0,70,,2992,26,4,,0,30,,3000,26,4,,0,70,,2993,26,4,,0,30,,3001,26,4,,0,70,,2990,26,4,,0,30,,3002,26,4,,0,70,,2995,26,4,,0,30,,3003,26,4,,0,70,,2994,26,4,,0,30,,3004,26,4,,0,70,,2996,26,4,,0,40,,3011,42,4,,0,60,,2997,26,4,,0,33,,3009,26,4,,0,67,,3005,26,4,,0,30,,3006,26,4,,0,70,,3007,26,4,,0,30,,3008,26,4,,0
501,'5506',709,,3012,24,4,,0,30,,3022,24,4,,0,70,,3013,26,4,,0,30,,3034,26,4,,0,70,,3015,26,4,,0,30,,3023,26,4,,0,70,,3016,26,4,,0,30,,3024,26,4,,0,70,,3017,26,4,,0,30,,3025,26,4,,0,70,,3014,26,4,,0,30,,3026,26,4,,0,70,,3019,26,4,,0,30,,3027,26,4,,0,70,,3018,26,4,,0,30,,3028,26,4,,0,70,,3020,26,4,,0,30,,3035,26,4,,0,70,,3021,26,4,,0,30,,3033,26,4,,0,70,,3029,26,4,,0,30,,3030,26,4,,0,70,,3031,26,4,,0,30,,3032,26,4,,0
501,'5508',709,,3036,24,4,,0,30,,3046,24,4,,0,70,,3037,26,4,,0,30,,3058,26,4,,0,70,,3039,26,4,,0,30,,3047,26,4,,0,70,,3040,26,4,,0,30,,3048,26,4,,0,70,,3041,26,4,,0,30,,3049,26,4,,0,70,,3038,26,4,,0,30,,3050,26,4,,0,70,,3043,26,4,,0,30,,3051,26,4,,0,70,,3042,26,4,,0,30,,3052,26,4,,0,70,,3044,26,4,,0,30,,3059,26,4,,0,70,,3045,26,4,,0,30,,3057,26,4,,0,70,,3053,26,4,,0,30,,3054,26,4,,0,70,,3055,26,4,,0,30,,3056,26,4,,0
1500,'5475',1909,,3123,8,0,13,0,124,,3125,34,0,13,0,123,,3127,34,0,13,0,85,,3129,34,0,13,0,181,,3132,34,0,13,0,124,,3130,34,0,13,0
1500,'5501',1909,,3135,8,0,13,0,124,,3137,34,0,13,0,123,,3139,34,0,13,0,85,,3141,34,0,13,0
1500,'5503',1909,,3142,34,0,13,0,124,,3144,34,0,13,0,123,,3146,34,0,13,0,85,,3148,34,0,13,0
1500,'5505',1909,,3150,8,0,13,0,124,,3152,34,0,13,0,123,,3154,34,0,13,0,85,,3156,34,0,13,0
1500,'5506',1909,,3158,8,0,13,0,124,,3160,34,0,13,0,123,,3162,34,0,13,0,85,,3164,34,0,13,0
1500,'5508',1909,,3166,8,0,13,0,124,,3168,34,0,13,0,123,,3170,34,0,13,0,85,,3172,34,0,13,0
1601,'5504',946,,3211,29,0,22 18,0,100,,3213,29,0,22 18,0,100,,3212,29,0,22 18,0,100,,3214,29,0,22 18,0,100,,3216,29,0,22 18,0,100,,3215,29,0,22 18,0,100,,3217,29,0,22 18,0,100,,3218,29,0,22 18,0,100,,3219,29,0,22 18,0
7000,'5475',555,,3372,7,,,0
7000,'5501',555,,3376,7,,,0
7000,'5505',555,,3380,7,,,0
7000,'5506',555,,3384,7,,,0
