100,'5475',624,,2169,11,,,0,100,,2170,11,,,0,200,,2172,11,,,0,100,,2173,11,,,0,100,,2174,11,,,0,100,,2175,11,,,0,100,,2176,11,,,0,100,,2177,11,,,0,100,,2178,11,,,0,100,,2179,11,,,0,100,,2180,11,,,0,100,,2181,11,0,5 6,0
100,'5501',624,,2182,11,,,0,100,,2183,11,,,0,200,,2185,11,,,0,100,,2186,11,,,0,100,,2187,11,,,0,100,,2188,11,,,0,100,,2189,11,,,0,100,,2190,11,,,0,100,,2191,11,,,0,100,,2192,11,,,0,100,,2193,11,,,0,100,,2194,11,0,5 6,0
100,'5503',924,,2197,11,,,0,100,,2201,11,,,0,100,,2205,11,,,0,100,,2198,11,,,0,100,,2196,11,,,0,100,,2202,11,,,0,100,,2200,11,,,0,100,,2199,11,,,0,100,,2204,11,,,0,100,,2203,11,0,5 6,0
100,'5505',624,,2206,11,,,0,100,,2207,11,,,0,200,,2209,11,,,0,100,,2210,11,,,0,100,,2211,11,,,0,100,,2212,11,,,0,100,,2213,11,,,0,100,,2214,11,,,0,100,,2215,11,,,0,100,,2216,11,,,0,100,,2217,11,,,0,100,,2218,11,0,5 6,0
100,'5506',624,,2219,11,,,0,100,,2220,11,,,0,200,,2222,11,,,0,100,,2223,11,,,0,100,,2224,11,,,0,100,,2225,11,,,0,100,,2226,11,,,0,100,,2227,11,,,0,100,,2228,11,,,0,100,,2229,11,,,0,100,,2230,11,,,0,100,,2231,11,0,5 6,0
100,'5508',624,,2232,11,,,0,100,,2233,11,,,0,200,,2235,11,,,0,100,,2236,11,,,0,100,,2237,11,,,0,100,,2238,11,,,0,100,,2239,11,,,0,100,,2240,11,,,0,100,,2241,11,,,0,100,,2242,11,,,0,100,,2243,11,,,0,100,,2244,11,0,5 6,0
101,'5475',707,,2246,22,,,0,100,,2247,22,,,0,100,,2248,22,,,0,100,,2249,22,,,0,100,,2251,22,,,0,100,,2250,22,,,0,100,,2253,22,,,0,100,,2252,22,,,0,100,,2254,22,,,0,100,,2255,22,,,0,100,,2256,22,,,0,100,,2257,22,,,0
101,'5501',707,,2259,22,,,0,100,,2260,22,,,0,100,,2261,22,,,0,100,,2262,22,,,0,100,,2264,22,,,0,100,,2263,22,,,0,100,,2266,22,,,0,100,,2265,22,,,0,100,,2267,22,,,0,100,,2268,22,,,0,100,,2269,22,,,0,100,,2270,22,,,0
101,'5503',907,,2275,22,,,0,100,,2277,22,,,0,100,,2271,22,,,0,100,,2273,22,,,0,100,,2276,22,,,0,100,,2274,22,,,0,100,,2278,22,,,0,100,,2272,22,,,0,100,,2279,22,,,0,100,,2280,22,,,0
101,'5505',707,,2283,22,,,0,100,,2284,22,,,0,100,,2285,22,,,0,100,,2286,22,,,0,100,,2288,22,,,0,100,,2287,22,,,0,100,,2290,22,,,0,100,,2289,22,,,0,100,,2291,22,,,0,100,,2292,22,,,0,100,,2293,22,,,0,100,,2294,22,,,0
101,'5506',707,,2296,22,,,0,100,,2297,22,,,0,100,,2298,22,,,0,100,,2299,22,,,0,100,,2301,22,,,0,100,,2300,22,,,0,100,,2303,22,,,0,100,,2302,22,,,0,100,,2304,22,,,0,100,,2305,22,,,0,100,,2306,22,,,0,100,,2307,22,,,0
101,'5508',707,,2309,22,,,0,100,,2310,22,,,0,100,,2311,22,,,0,100,,2312,22,,,0,100,,2314,22,,,0,100,,2313,22,,,0,100,,2316,22,,,0,100,,2315,22,,,0,100,,2317,22,,,0,100,,2318,22,,,0,100,,2319,22,,,0,100,,2320,22,,,0
301,'5475',637,,2543,14,,,0,100,,2544,24,,,0,100,,2545,17,,,0,100,,2546,24,,,0,100,,2547,24,,,0,100,,2548,24,,,0,100,,2549,24,,,0,100,,2550,24,,,0,100,,2551,24,,,0,100,,2552,24,,,0,100,,2553,24,,,0,100,,2554,24,,,0
301,'5501',637,,2556,14,,,0,100,,2557,24,,,0,100,,2558,17,,,0,100,,2559,24,,,0,100,,2560,24,,,0,100,,2561,24,,,0,100,,2562,24,,,0,100,,2563,24,,,0,100,,2564,24,,,0,100,,2565,24,,,0,100,,2566,24,,,0,100,,2567,24,,,0
301,'5503',837,,2570,17,,,0,100,,2569,24,,,0,100,,2572,24,,,0,100,,2571,24,,,0,100,,2573,24,,,0,100,,2574,24,,,0,100,,2575,24,,,0,100,,2576,24,,,0,100,,2577,24,,,0,100,,2579,24,,,0
301,'5505',637,,2580,14,,,0,100,,2581,24,,,0,100,,2582,17,,,0,100,,2583,24,,,0,100,,2584,24,,,0,100,,2585,24,,,0,100,,2586,24,,,0,100,,2587,24,,,0,100,,2588,24,,,0,100,,2589,24,,,0,100,,2590,24,,,0,100,,2591,24,,,0
301,'5506',637,,2593,14,,,0,100,,2594,24,,,0,100,,2595,17,,,0,100,,2596,24,,,0,100,,2597,24,,,0,100,,2598,24,,,0,100,,2599,24,,,0,100,,2600,24,,,0,100,,2601,24,,,0,100,,2602,24,,,0,100,,2603,24,,,0,100,,2604,24,,,0
301,'5508',637,,2606,14,,,0,100,,2607,24,,,0,100,,2608,17,,,0,100,,2609,24,,,0,100,,2610,24,,,0,100,,2611,24,,,0,100,,2612,24,,,0,100,,2613,24,,,0,100,,2614,24,,,0,100,,2615,24,,,0,100,,2616,24,,,0,100,,2617,24,,,0
7000,'5475',551,,3372,1,,,0
7000,'5501',551,,3376,1,,,0
7000,'5505',551,,3380,1,,,0
7000,'5506',551,,3384,1,,,0
