500,'5475',711,,4423,3,,,0,30,,4445,3,,,0,70,,4425,3,,,0,30,,4443,3,,,0,70,,4426,3,,,0,30,,4433,3,,,0,70,,4427,3,,,0,30,,4434,3,,,0,70,,4424,3,,,0,30,,4435,3,,,0,70,,4429,3,,,0,30,,4436,3,,,0,70,,4428,3,,,0,30,,4437,3,,,0,70,,4430,3,,,0,30,,4439,3,,,0,70,,4431,3,,,0,30,,4446,3,,,0,70,,4432,3,,,0,30,,4444,3,,,0,70,,4438,3,,,0,30,,4440,3,,,0,70,,4441,3,,,0,30,,4442,3,0,13,0
500,'5501',711,,4447,3,,,0,30,,4469,3,0,11 12,0,70,,4449,3,,,0,34,,4467,3,,,0,66,,4450,3,,,0,30,,4457,3,,,0,70,,4451,3,,,0,30,,4458,3,,,0,70,,4448,3,,,0,30,,4459,3,,,0,70,,4453,3,,,0,30,,4460,3,,,0,70,,4452,3,,,0,30,,4461,3,,,0,70,,4454,3,,,0,30,,4463,3,,,0,70,,4455,3,,,0,40,,4470,3,,,0,60,,4456,3,,,0,33,,4468,3,,,0,67,,4462,3,,,0,30,,4464,3,,,0,70,,4465,3,,,0,30,,4466,3,0,13,0
500,'5503',911,,4471,3,,,0,30,,4487,3,,,0,70,,4476,3,,,0,30,,4484,3,,,0,70,,4477,3,,,0,30,,4485,3,,,0,70,,4479,3,,,0,30,,4483,3,,,0,70,,4480,3,,,0,30,,4486,3,,,0,70,,4478,3,,,0,30,,4488,3,,,0,70,,4475,3,,,0,30,,4482,3,,,0,70,,4474,3,,,0,30,,4481,3,,,0,70,,4472,3,,,0,30,,4489,3,,,0,70,,4473,3,,,0,30,,4490,3,0,13,0
500,'5504',1241,,4491,3,,,0,100,,4492,3,,,0,100,,4493,3,,,0,100,,4494,3,,,0
500,'5505',711,,4495,3,,,0,30,,4517,3,0,11 12,0,70,,4497,3,,,0,34,,4515,3,,,0,66,,4498,3,,,0,30,,4505,3,,,0,70,,4499,3,,,0,30,,4506,3,,,0,70,,4496,3,,,0,30,,4507,3,,,0,70,,4501,3,,,0,30,,4508,3,,,0,70,,4500,3,,,0,30,,4509,3,,,0,70,,4502,3,,,0,30,,4511,3,,,0,70,,4503,3,,,0,40,,4518,3,,,0,60,,4504,3,,,0,33,,4516,3,,,0,67,,4510,3,,,0,30,,4512,3,,,0,70,,4513,3,,,0,30,,4514,3,0,13,0
500,'5506',711,,4519,3,,,0,30,,4541,3,,,0,70,,4521,3,,,0,30,,4539,3,,,0,70,,4522,3,,,0,30,,4529,3,,,0,70,,4523,3,,,0,30,,4530,3,,,0,70,,4520,3,,,0,30,,4531,3,,,0,70,,4525,3,,,0,30,,4532,3,,,0,70,,4524,3,,,0,30,,4533,3,,,0,70,,4526,3,,,0,30,,4535,3,,,0,70,,4527,3,,,0,30,,4542,3,,,0,70,,4528,3,,,0,30,,4540,3,,,0,70,,4534,3,,,0,30,,4536,3,,,0,70,,4537,3,,,0,30,,4538,3,0,13,0
500,'5508',711,,4543,3,,,0,30,,4565,3,,,0,70,,4545,3,,,0,30,,4563,3,,,0,70,,4546,3,,,0,30,,4553,3,,,0,70,,4547,3,,,0,30,,4554,3,,,0,70,,4544,3,,,0,30,,4555,3,,,0,70,,4549,3,,,0,30,,4556,3,,,0,70,,4548,3,,,0,30,,4557,3,,,0,70,,4550,3,,,0,30,,4559,3,,,0,70,,4551,3,,,0,30,,4566,3,,,0,70,,4552,3,,,0,30,,4564,3,,,0,70,,4558,3,,,0,30,,4560,3,,,0,70,,4561,3,,,0,30,,4562,3,0,13,0
1500,'5475',1910,,4774,10,0,13,0,124,,4776,36,0,13,0,123,,4778,36,0,13,0,85,,4780,36,0,13,0,181,,4783,36,0,13,0,124,,4781,36,0,13,0
1500,'5501',1910,,4786,10,0,13,0,124,,4788,36,0,13,0,123,,4790,36,0,13,0,85,,4792,36,0,13,0
1500,'5503',1910,,4793,36,0,13,0,124,,4795,36,0,13,0,123,,4797,36,0,13,0,85,,4799,36,0,13,0
1500,'5505',1910,,4801,10,0,13,0,124,,4803,36,0,13,0,123,,4805,36,0,13,0,85,,4807,36,0,13,0
1500,'5506',1910,,4809,10,0,13,0,124,,4811,36,0,13,0,123,,4813,36,0,13,0,85,,4815,36,0,13,0
1500,'5508',1910,,4817,10,0,13,0,124,,4819,36,0,13,0,123,,4821,36,0,13,0,85,,4823,36,0,13,0
1601,'5504',947,,4862,31,0,22 18,0,100,,4864,31,0,22 18,0,100,,4863,31,0,22 18,0,100,,4865,31,0,22 18,0,100,,4867,31,0,22 18,0,100,,4866,31,0,22 18,0,100,,4868,31,0,22 18,0,100,,4869,31,0,22 18,0,100,,4870,31,0,22 18,0
7000,'5475',556,,5023,9,,,0
7000,'5501',556,,5027,9,,,0
7000,'5505',556,,5031,9,,,0
7000,'5506',556,,5035,9,,,0
