3000,'5475',1138,,3280,22,,,0,610,,3283,22,,,0
3000,'5501',1138,,3285,22,,,0,610,,3288,22,,,0
3000,'5503',1138,,3291,22,,,0,610,,3294,22,,,0
3000,'5505',1138,,3295,22,,,0,610,,3298,22,,,0
3000,'5506',1138,,3300,22,,,0,610,,3303,22,,,0
3000,'5508',1138,,3305,22,,,0,610,,3308,22,,,0
3001,'5475',733,,3310,7,,,0,790,,3312,7,,,0
3001,'5501',733,,3315,7,,,0,790,,3317,7,,,0
3001,'5503',833,,3320,7,,,0,690,,3323,7,,,0
3001,'5505',733,,3325,7,,,0,790,,3327,7,,,0
3001,'5506',733,,3330,7,,,0,790,,3332,7,,,0
3001,'5508',733,,3335,7,,,0,790,,3337,7,,,0
