100,'5475',646,,2169,36,,,0,100,,2170,36,,,0,100,,2171,28,,,0,100,,2172,36,,,0,100,,2173,36,,,0,100,,2174,36,,,0,100,,2175,36,,,0,100,,2176,36,,,0,100,,2177,36,,,0,100,,2178,36,,,0,100,,2179,36,,,0,100,,2180,36,,,0
100,'5501',646,,2182,36,,,0,100,,2183,36,,,0,100,,2184,28,,,0,100,,2185,36,,,0,100,,2186,36,,,0,100,,2187,36,,,0,100,,2188,36,,,0,100,,2189,36,,,0,100,,2190,36,,,0,100,,2191,36,,,0,100,,2192,36,,,0,100,,2193,36,,,0
100,'5503',846,,2195,28,,,0,100,,2197,36,,,0,100,,2201,36,,,0,100,,2205,36,,,0,100,,2198,36,,,0,100,,2196,36,,,0,100,,2202,36,,,0,100,,2200,36,,,0,100,,2199,36,,,0,100,,2204,36,,,0
100,'5505',646,,2206,36,,,0,100,,2207,36,,,0,100,,2208,28,,,0,100,,2209,36,,,0,100,,2210,36,,,0,100,,2211,36,,,0,100,,2212,36,,,0,100,,2213,36,,,0,100,,2214,36,,,0,100,,2215,36,,,0,100,,2216,36,,,0,100,,2217,36,,,0
100,'5506',646,,2219,36,,,0,100,,2220,36,,,0,100,,2221,28,,,0,100,,2222,36,,,0,100,,2223,36,,,0,100,,2224,36,,,0,100,,2225,36,,,0,100,,2226,36,,,0,100,,2227,36,,,0,100,,2228,36,,,0,100,,2229,36,,,0,100,,2230,36,,,0
100,'5508',646,,2232,36,,,0,100,,2233,36,,,0,100,,2234,28,,,0,100,,2235,36,,,0,100,,2236,36,,,0,100,,2237,36,,,0,100,,2238,36,,,0,100,,2239,36,,,0,100,,2240,36,,,0,100,,2241,36,,,0,100,,2242,36,,,0,100,,2243,36,,,0
1600,'5504',914,,3201,26,0,16 18,0,100,,3204,32,,,0,100,,3203,32,,,0,100,,3202,32,,,0,100,,3205,32,,,0,100,,3206,32,,,0,100,,3207,32,,,0,100,,3208,32,,,0,100,,3209,32,,,0
3000,'5475',816,,3281,20,,,0,310,,3280,20,,,0,185,,3284,20,,,0,295,,3282,20,,,0,131,,3283,20,,,0
3000,'5501',816,,3286,20,,,0,310,,3285,20,,,0,185,,3289,20,,,0,295,,3287,20,,,0,131,,3288,20,,,0
3000,'5503',916,,3290,20,,,0,210,,3291,20,,,0,185,,3293,20,,,0,295,,3292,20,,,0,131,,3294,20,,,0
3000,'5505',816,,3296,20,,,0,310,,3295,20,,,0,185,,3299,20,,,0,295,,3297,20,,,0,131,,3298,20,,,0
3000,'5506',816,,3301,20,,,0,310,,3300,20,,,0,185,,3304,20,,,0,295,,3302,20,,,0,131,,3303,20,,,0
3000,'5508',816,,3306,20,,,0,310,,3305,20,,,0,185,,3309,20,,,0,295,,3307,20,,,0,131,,3308,20,,,0
7000,'5475',615,,3372,39,,,0,305,,3373,22,,,0,324,,3374,22,,,0,300,,3375,22,,,0
7000,'5501',615,,3376,39,,,0,305,,3377,22,,,0,324,,3378,22,,,0,300,,3379,22,,,0
7000,'5505',615,,3380,39,,,0,305,,3381,22,,,0,324,,3382,22,,,0,300,,3383,22,,,0
7000,'5506',615,,3384,39,,,0,305,,3385,22,,,0,324,,3386,22,,,0,300,,3387,22,,,0
