3000,'5475',1139,,4931,23,,,0,610,,4934,23,,,0
3000,'5501',1139,,4936,23,,,0,610,,4939,23,,,0
3000,'5503',1139,,4942,23,,,0,610,,4945,23,,,0
3000,'5505',1139,,4946,23,,,0,610,,4949,23,,,0
3000,'5506',1139,,4951,23,,,0,610,,4954,23,,,0
3000,'5508',1139,,4956,23,,,0,610,,4959,23,,,0
3001,'5475',734,,4961,8,,,0,790,,4963,8,,,0
3001,'5501',734,,4966,8,,,0,790,,4968,8,,,0
3001,'5503',834,,4971,8,,,0,690,,4974,8,,,0
3001,'5505',734,,4976,8,,,0,790,,4978,8,,,0
3001,'5506',734,,4981,8,,,0,790,,4983,8,,,0
3001,'5508',734,,4986,8,,,0,790,,4988,8,,,0
