501,'5475',652,,2916,7,,,0,70,,2926,7,,,0,30,,2917,9,,,0,70,,2938,9,,,0,30,,2919,9,,,0,70,,2927,9,,,0,30,,2920,9,,,0,70,,2928,9,,,0,30,,2921,9,,,0,70,,2929,9,,,0,30,,2918,9,,,0,70,,2930,9,,,0,30,,2923,9,,,0,70,,2931,9,,,0,30,,2922,9,,,0,70,,2932,9,,,0,30,,2924,9,,,0,70,,2939,9,,,0,30,,2925,9,,,0,70,,2937,9,,,0,30,,2933,9,,,0,70,,2934,9,,,0,30,,2935,9,,,0,70,,2936,9,,,0
501,'5501',652,,2940,7,,,0,70,,2950,7,,,0,30,,2941,9,,,0,74,,2962,9,,,0,26,,2943,9,,,0,70,,2951,9,,,0,30,,2944,9,,,0,70,,2952,9,,,0,30,,2945,9,,,0,70,,2953,9,,,0,30,,2942,9,,,0,70,,2954,9,,,0,30,,2947,9,,,0,70,,2955,9,,,0,30,,2946,9,,,0,70,,2956,9,,,0,30,,2948,9,,,0,81,,2963,25,0,11 12,0,19,,2949,9,,,0,73,,2961,9,,,0,27,,2957,9,,,0,70,,2958,9,,,0,30,,2959,9,,,0,70,,2960,9,,,0
501,'5503',852,,2969,7,,,0,70,,2980,7,,,0,30,,2971,9,,,0,70,,2981,9,,,0,30,,2972,9,,,0,70,,2977,9,,,0,30,,2968,9,,,0,70,,2978,9,,,0,30,,2973,9,,,0,70,,2979,9,,,0,30,,2964,9,,,0,70,,2982,9,,,0,30,,2965,9,,,0,70,,2983,9,,,0,30,,2966,9,,,0,70,,2974,9,,,0,30,,2967,9,,,0,70,,2975,9,,,0,30,,2970,9,,,0,70,,2976,9,,,0
501,'5504',1222,,2984,9,,,0,100,,2985,9,,,0,100,,2986,9,,,0,100,,2987,9,,,0
501,'5505',652,,2988,7,,,0,70,,2998,7,,,0,30,,2989,9,,,0,74,,3010,9,,,0,26,,2991,9,,,0,70,,2999,9,,,0,30,,2992,9,,,0,70,,3000,9,,,0,30,,2993,9,,,0,70,,3001,9,,,0,30,,2990,9,,,0,70,,3002,9,,,0,30,,2995,9,,,0,70,,3003,9,,,0,30,,2994,9,,,0,70,,3004,9,,,0,30,,2996,9,,,0,81,,3011,25,0,11 12,0,19,,2997,9,,,0,73,,3009,9,,,0,27,,3005,9,,,0,70,,3006,9,,,0,30,,3007,9,,,0,70,,3008,9,,,0
501,'5506',652,,3012,7,,,0,70,,3022,7,,,0,30,,3013,9,,,0,70,,3034,9,,,0,30,,3015,9,,,0,70,,3023,9,,,0,30,,3016,9,,,0,70,,3024,9,,,0,30,,3017,9,,,0,70,,3025,9,,,0,30,,3014,9,,,0,70,,3026,9,,,0,30,,3019,9,,,0,70,,3027,9,,,0,30,,3018,9,,,0,70,,3028,9,,,0,30,,3020,9,,,0,70,,3035,9,,,0,30,,3021,9,,,0,70,,3033,9,,,0,30,,3029,9,,,0,70,,3030,9,,,0,30,,3031,9,,,0,70,,3032,9,,,0
501,'5508',652,,3036,7,,,0,70,,3046,7,,,0,30,,3037,9,,,0,70,,3058,9,,,0,30,,3039,9,,,0,70,,3047,9,,,0,30,,3040,9,,,0,70,,3048,9,,,0,30,,3041,9,,,0,70,,3049,9,,,0,30,,3038,9,,,0,70,,3050,9,,,0,30,,3043,9,,,0,70,,3051,9,,,0,30,,3042,9,,,0,70,,3052,9,,,0,30,,3044,9,,,0,70,,3059,9,,,0,30,,3045,9,,,0,70,,3057,9,,,0,30,,3053,9,,,0,70,,3054,9,,,0,30,,3055,9,,,0,70,,3056,9,,,0
1001,'5475',751,,3079,23,,,0,165,,3080,23,,,0,434,,3081,23,,,0,402,,3082,23,,,0
1001,'5501',751,,3083,23,,,0,165,,3084,23,,,0,434,,3085,23,,,0,402,,3086,23,,,0
1001,'5503',916,,3087,23,,,0,434,,3088,23,,,0,402,,3089,23,,,0
1001,'5505',751,,3090,23,,,0,165,,3091,23,,,0,434,,3092,23,,,0,402,,3093,23,,,0
1001,'5506',751,,3094,23,,,0,165,,3095,23,,,0,434,,3096,23,,,0,402,,3097,23,,,0
1500,'5475',1901,,3122,22,0,14 15,0,124,,3125,22,0,13,0,123,,3127,22,0,13,0,85,,3129,22,0,13,0,180,,3132,22,0,13,0,124,,3130,22,0,13,0
1500,'5501',1901,,3134,22,0,14 15,0,124,,3137,22,0,13,0,123,,3139,22,0,13,0,85,,3141,22,0,13,0
1500,'5503',1901,,3142,22,0,13,0,124,,3144,22,0,13,0,123,,3146,22,0,13,0,85,,3148,22,0,13,0
1500,'5505',1901,,3149,22,0,14 15,0,124,,3152,22,0,13,0,123,,3154,22,0,13,0,85,,3156,22,0,13,0
1500,'5506',1901,,3157,22,0,14 15,0,124,,3160,22,0,13,0,123,,3162,22,0,13,0,85,,3164,22,0,13,0
1500,'5508',1901,,3165,22,0,14 15,0,124,,3168,22,0,13,0,123,,3170,22,0,13,0,85,,3172,22,0,13,0
1601,'5504',933,,3211,17,0,22 18,0,100,,3213,17,0,22 18,0,100,,3212,17,0,22 18,0,100,,3214,17,0,22 18,0,100,,3216,17,0,22 18,0,100,,3215,17,0,22 18,0,100,,3217,17,0,22 18,0,100,,3218,17,0,22 18,0,100,,3219,17,0,22 18,0
1000100,'5475',1926,,3404,46,,,0,30,,3415,46,,,0,70,,3413,46,,,0,30,,3414,46,,,0,70,,3410,46,,,0,30,,3412,46,,,0,70,,3411,46,,,0,30,,3409,46,,,0,170,,3406,46,,,0,30,,3408,46,,,0,70,,3405,46,,,0,30,,3407,46,,,0
