301,'5475',645,,2543,22,,,0,100,,2544,32,,,0,100,,2545,25,,,0,100,,2546,32,,,0,100,,2547,32,,,0,100,,2548,32,,,0,100,,2549,32,,,0,100,,2550,32,,,0,100,,2551,32,,,0,100,,2552,32,,,0,100,,2553,32,,,0,100,,2554,32,,,0
301,'5501',645,,2556,22,,,0,100,,2557,32,,,0,100,,2558,25,,,0,100,,2559,32,,,0,100,,2560,32,,,0,100,,2561,32,,,0,100,,2562,32,,,0,100,,2563,32,,,0,100,,2564,32,,,0,100,,2565,32,,,0,100,,2566,32,,,0,100,,2567,32,,,0
301,'5503',845,,2570,25,,,0,100,,2569,32,,,0,100,,2572,32,,,0,100,,2571,32,,,0,100,,2573,32,,,0,100,,2574,32,,,0,100,,2575,32,,,0,100,,2576,32,,,0,100,,2577,32,,,0,100,,2579,32,,,0
301,'5505',645,,2580,22,,,0,100,,2581,32,,,0,100,,2582,25,,,0,100,,2583,32,,,0,100,,2584,32,,,0,100,,2585,32,,,0,100,,2586,32,,,0,100,,2587,32,,,0,100,,2588,32,,,0,100,,2589,32,,,0,100,,2590,32,,,0,100,,2591,32,,,0
301,'5506',645,,2593,22,,,0,100,,2594,32,,,0,100,,2595,25,,,0,100,,2596,32,,,0,100,,2597,32,,,0,100,,2598,32,,,0,100,,2599,32,,,0,100,,2600,32,,,0,100,,2601,32,,,0,100,,2602,32,,,0,100,,2603,32,,,0,100,,2604,32,,,0
301,'5508',645,,2606,22,,,0,100,,2607,32,,,0,100,,2608,25,,,0,100,,2609,32,,,0,100,,2610,32,,,0,100,,2611,32,,,0,100,,2612,32,,,0,100,,2613,32,,,0,100,,2614,32,,,0,100,,2615,32,,,0,100,,2616,32,,,0,100,,2617,32,,,0
1501,'5475',1915,,3173,2,0,7,0,124,,3175,2,0,7,0,388,,3180,2,0,7,0,124,,3178,2,0,7,0
1501,'5501',1915,,3181,2,0,7,0,124,,3183,2,0,7,0
1501,'5503',1915,,3186,2,0,7,0,124,,3187,2,0,7,0
1501,'5505',1915,,3189,2,0,7,0,124,,3191,2,0,7,0
1501,'5506',1915,,3193,2,0,7,0,124,,3195,2,0,7,0
1501,'5508',1915,,3197,2,0,7,0,124,,3199,2,0,7,0
7001,'5475',1823,,3391,32,,,0
7001,'5501',1823,,3395,32,,,0
7001,'5505',1823,,3399,32,,,0
7001,'5506',1823,,3403,32,,,0
1000100,'5475',1902,,3404,6,,,0,30,,3415,6,,,0,70,,3413,6,,,0,30,,3414,6,,,0,70,,3410,6,,,0,30,,3412,6,,,0,70,,3411,6,,,0,30,,3409,6,,,0,170,,3406,6,,,0,30,,3408,6,,,0,70,,3405,6,,,0,30,,3407,6,,,0
