1501,'5475',1920,,4824,9,0,7,0,124,,4826,9,0,7,0,388,,4831,9,0,7,0,124,,4829,9,0,7,0
1501,'5501',1920,,4832,9,0,7,0,124,,4834,9,0,7,0
1501,'5503',1920,,4837,9,0,7,0,124,,4838,9,0,7,0
1501,'5505',1920,,4840,9,0,7,0,124,,4842,9,0,7,0
1501,'5506',1920,,4844,9,0,7,0,124,,4846,9,0,7,0
1501,'5508',1920,,4848,9,0,7,0,124,,4850,9,0,7,0
2000,'5475',750,,4871,18,0,8 9,0,170,,4872,18,0,8 9,0,300,,4873,18,0,8 9,0,429,,4875,10,0,10,0,170,,4874,10,0,10,0
2000,'5501',750,,4876,18,0,8 9,0,170,,4877,18,0,8 9,0,300,,4878,18,0,8 9,0,429,,4880,10,0,10,0,170,,4879,10,0,10,0
2000,'5505',750,,4881,18,0,8 9,0,170,,4882,18,0,8 9,0,300,,4883,18,0,8 9,0,429,,4885,10,0,10,0,170,,4884,10,0,10,0
2000,'5506',750,,4886,18,0,8 9,0,170,,4887,18,0,8 9,0,300,,4888,18,0,8 9,0,429,,4890,10,0,10,0,170,,4889,10,0,10,0
7001,'5475',1830,,5042,39,,,0
7001,'5501',1830,,5046,39,,,0
7001,'5505',1830,,5050,39,,,0
7001,'5506',1830,,5054,39,,,0
