101,'5475',701,,3897,12,,,0,100,,3898,12,,,0,100,,3899,12,,,0,100,,3900,12,,,0,100,,3902,12,,,0,100,,3901,12,,,0,100,,3904,12,,,0,100,,3903,12,,,0,100,,3905,12,,,0,100,,3906,12,,,0,100,,3907,12,,,0,100,,3908,12,,,0
101,'5501',701,,3910,12,,,0,100,,3911,12,,,0,100,,3912,12,,,0,100,,3913,12,,,0,100,,3915,12,,,0,100,,3914,12,,,0,100,,3917,12,,,0,100,,3916,12,,,0,100,,3918,12,,,0,100,,3919,12,,,0,100,,3920,12,,,0,100,,3921,12,,,0
101,'5503',901,,3926,12,,,0,100,,3928,12,,,0,100,,3922,12,,,0,100,,3924,12,,,0,100,,3927,12,,,0,100,,3925,12,,,0,100,,3929,12,,,0,100,,3923,12,,,0,100,,3930,12,,,0,100,,3931,12,,,0
101,'5505',701,,3934,12,,,0,100,,3935,12,,,0,100,,3936,12,,,0,100,,3937,12,,,0,100,,3939,12,,,0,100,,3938,12,,,0,100,,3941,12,,,0,100,,3940,12,,,0,100,,3942,12,,,0,100,,3943,12,,,0,100,,3944,12,,,0,100,,3945,12,,,0
101,'5506',701,,3947,12,,,0,100,,3948,12,,,0,100,,3949,12,,,0,100,,3950,12,,,0,100,,3952,12,,,0,100,,3951,12,,,0,100,,3954,12,,,0,100,,3953,12,,,0,100,,3955,12,,,0,100,,3956,12,,,0,100,,3957,12,,,0,100,,3958,12,,,0
101,'5508',701,,3960,12,,,0,100,,3961,12,,,0,100,,3962,12,,,0,100,,3963,12,,,0,100,,3965,12,,,0,100,,3964,12,,,0,100,,3967,12,,,0,100,,3966,12,,,0,100,,3968,12,,,0,100,,3969,12,,,0,100,,3970,12,,,0,100,,3971,12,,,0
301,'5475',631,,4194,4,,,0,100,,4195,14,,,0,100,,4196,7,,,0,100,,4197,14,,,0,100,,4198,14,,,0,100,,4199,14,,,0,100,,4200,14,,,0,100,,4201,14,,,0,100,,4202,14,,,0,100,,4203,14,,,0,100,,4204,14,,,0,100,,4205,14,,,0
301,'5501',631,,4207,4,,,0,100,,4208,14,,,0,100,,4209,7,,,0,100,,4210,14,,,0,100,,4211,14,,,0,100,,4212,14,,,0,100,,4213,14,,,0,100,,4214,14,,,0,100,,4215,14,,,0,100,,4216,14,,,0,100,,4217,14,,,0,100,,4218,14,,,0
301,'5503',831,,4221,7,,,0,100,,4220,14,,,0,100,,4223,14,,,0,100,,4222,14,,,0,100,,4224,14,,,0,100,,4225,14,,,0,100,,4226,14,,,0,100,,4227,14,,,0,100,,4228,14,,,0,100,,4230,14,,,0
301,'5505',631,,4231,4,,,0,100,,4232,14,,,0,100,,4233,7,,,0,100,,4234,14,,,0,100,,4235,14,,,0,100,,4236,14,,,0,100,,4237,14,,,0,100,,4238,14,,,0,100,,4239,14,,,0,100,,4240,14,,,0,100,,4241,14,,,0,100,,4242,14,,,0
301,'5506',631,,4244,4,,,0,100,,4245,14,,,0,100,,4246,7,,,0,100,,4247,14,,,0,100,,4248,14,,,0,100,,4249,14,,,0,100,,4250,14,,,0,100,,4251,14,,,0,100,,4252,14,,,0,100,,4253,14,,,0,100,,4254,14,,,0,100,,4255,14,,,0
301,'5508',631,,4257,4,,,0,100,,4258,14,,,0,100,,4259,7,,,0,100,,4260,14,,,0,100,,4261,14,,,0,100,,4262,14,,,0,100,,4263,14,,,0,100,,4264,14,,,0,100,,4265,14,,,0,100,,4266,14,,,0,100,,4267,14,,,0,100,,4268,14,,,0
1500,'5475',1851,,4773,4,0,14 15,0,164,,4776,4,0,13,0,124,,4778,4,0,13,0,85,,4780,4,0,13,0,179,,4783,4,0,13,0,124,,4781,4,0,13,0
1500,'5501',1851,,4785,4,0,14 15,0,164,,4788,4,0,13,0,124,,4790,4,0,13,0,85,,4792,4,0,13,0
1500,'5503',1851,,4793,4,0,13,0,164,,4795,4,0,13,0,124,,4797,4,0,13,0,85,,4799,4,0,13,0
1500,'5505',1851,,4800,4,0,14 15,0,164,,4803,4,0,13,0,124,,4805,4,0,13,0,85,,4807,4,0,13,0
1500,'5506',1851,,4808,4,0,14 15,0,164,,4811,4,0,13,0,124,,4813,4,0,13,0,85,,4815,4,0,13,0
1500,'5508',1851,,4816,4,0,14 15,0,164,,4819,4,0,13,0,124,,4821,4,0,13,0,85,,4823,4,0,13,0
7001,'5475',846,,5039,17,0,14 15,0,296,,5040,15,0,14 15,0,365,,5041,17,0,14 15,0,305,,5042,15,,,0
7001,'5501',846,,5043,17,0,14 15,0,296,,5044,15,0,14 15,0,365,,5045,17,0,14 15,0,305,,5046,15,,,0
7001,'5505',846,,5047,17,0,14 15,0,296,,5048,15,0,14 15,0,365,,5049,17,0,14 15,0,305,,5050,15,,,0
7001,'5506',846,,5051,17,0,14 15,0,296,,5052,15,0,14 15,0,365,,5053,17,0,14 15,0,305,,5054,15,,,0
