101,'5475',705,,3897,19,,,0,100,,3898,19,,,0,100,,3899,19,,,0,100,,3900,19,,,0,100,,3902,19,,,0,100,,3901,19,,,0,100,,3904,19,,,0,100,,3903,19,,,0,100,,3905,19,,,0,100,,3906,19,,,0,100,,3907,19,,,0,100,,3908,19,,,0
101,'5501',705,,3910,19,,,0,100,,3911,19,,,0,100,,3912,19,,,0,100,,3913,19,,,0,100,,3915,19,,,0,100,,3914,19,,,0,100,,3917,19,,,0,100,,3916,19,,,0,100,,3918,19,,,0,100,,3919,19,,,0,100,,3920,19,,,0,100,,3921,19,,,0
101,'5503',905,,3926,19,,,0,100,,3928,19,,,0,100,,3922,19,,,0,100,,3924,19,,,0,100,,3927,19,,,0,100,,3925,19,,,0,100,,3929,19,,,0,100,,3923,19,,,0,100,,3930,19,,,0,100,,3931,19,,,0
101,'5505',705,,3934,19,,,0,100,,3935,19,,,0,100,,3936,19,,,0,100,,3937,19,,,0,100,,3939,19,,,0,100,,3938,19,,,0,100,,3941,19,,,0,100,,3940,19,,,0,100,,3942,19,,,0,100,,3943,19,,,0,100,,3944,19,,,0,100,,3945,19,,,0
101,'5506',705,,3947,19,,,0,100,,3948,19,,,0,100,,3949,19,,,0,100,,3950,19,,,0,100,,3952,19,,,0,100,,3951,19,,,0,100,,3954,19,,,0,100,,3953,19,,,0,100,,3955,19,,,0,100,,3956,19,,,0,100,,3957,19,,,0,100,,3958,19,,,0
101,'5508',705,,3960,19,,,0,100,,3961,19,,,0,100,,3962,19,,,0,100,,3963,19,,,0,100,,3965,19,,,0,100,,3964,19,,,0,100,,3967,19,,,0,100,,3966,19,,,0,100,,3968,19,,,0,100,,3969,19,,,0,100,,3970,19,,,0,100,,3971,19,,,0
301,'5475',635,,4194,11,,,0,100,,4195,21,,,0,100,,4196,14,,,0,100,,4197,21,,,0,100,,4198,21,,,0,100,,4199,21,,,0,100,,4200,21,,,0,100,,4201,21,,,0,100,,4202,21,,,0,100,,4203,21,,,0,100,,4204,21,,,0,100,,4205,21,,,0
301,'5501',635,,4207,11,,,0,100,,4208,21,,,0,100,,4209,14,,,0,100,,4210,21,,,0,100,,4211,21,,,0,100,,4212,21,,,0,100,,4213,21,,,0,100,,4214,21,,,0,100,,4215,21,,,0,100,,4216,21,,,0,100,,4217,21,,,0,100,,4218,21,,,0
301,'5503',835,,4221,14,,,0,100,,4220,21,,,0,100,,4223,21,,,0,100,,4222,21,,,0,100,,4224,21,,,0,100,,4225,21,,,0,100,,4226,21,,,0,100,,4227,21,,,0,100,,4228,21,,,0,100,,4230,21,,,0
301,'5505',635,,4231,11,,,0,100,,4232,21,,,0,100,,4233,14,,,0,100,,4234,21,,,0,100,,4235,21,,,0,100,,4236,21,,,0,100,,4237,21,,,0,100,,4238,21,,,0,100,,4239,21,,,0,100,,4240,21,,,0,100,,4241,21,,,0,100,,4242,21,,,0
301,'5506',635,,4244,11,,,0,100,,4245,21,,,0,100,,4246,14,,,0,100,,4247,21,,,0,100,,4248,21,,,0,100,,4249,21,,,0,100,,4250,21,,,0,100,,4251,21,,,0,100,,4252,21,,,0,100,,4253,21,,,0,100,,4254,21,,,0,100,,4255,21,,,0
301,'5508',635,,4257,11,,,0,100,,4258,21,,,0,100,,4259,14,,,0,100,,4260,21,,,0,100,,4261,21,,,0,100,,4262,21,,,0,100,,4263,21,,,0,100,,4264,21,,,0,100,,4265,21,,,0,100,,4266,21,,,0,100,,4267,21,,,0,100,,4268,21,,,0
3001,'5475',754,,4961,20,,,0,350,,4962,18,,,0,145,,4965,18,,,0,295,,4963,20,,,0,170,,4964,18,,,0
3001,'5501',754,,4966,20,,,0,350,,4967,18,,,0,145,,4970,18,,,0,295,,4968,20,,,0,170,,4969,18,,,0
3001,'5503',854,,4971,20,,,0,250,,4972,18,,,0,145,,4973,18,,,0,295,,4974,20,,,0,170,,4975,18,,,0
3001,'5505',754,,4976,20,,,0,350,,4977,18,,,0,145,,4980,18,,,0,295,,4978,20,,,0,170,,4979,18,,,0
3001,'5506',754,,4981,20,,,0,350,,4982,18,,,0,145,,4985,18,,,0,295,,4983,20,,,0,170,,4984,18,,,0
3001,'5508',754,,4986,20,,,0,350,,4987,18,,,0,145,,4990,18,,,0,295,,4988,20,,,0,170,,4989,18,,,0
4001,'5475',954,,5000,13,,,0,604,,5001,13,,,0
4001,'5501',954,,5002,13,,,0,604,,5003,13,,,0
4001,'5505',954,,5004,13,,,0,604,,5005,13,,,0
4001,'5506',954,,5007,13,,,0,604,,5008,13,,,0
