200,'5475',631,,3972,3,,,0,100,,3973,3,,,0,100,,3974,3,,,0,100,,3975,3,,,0,100,,3976,3,,,0,100,,3977,3,,,0,100,,3978,3,,,0,100,,3979,3,,,0,100,,3980,3,,,0,100,,3981,3,,,0,100,,3982,3,,,0,100,,3983,3,,,0
200,'5501',631,,3984,3,,,0,100,,3985,3,,,0,100,,3986,3,,,0,100,,3987,3,,,0,100,,3988,3,,,0,100,,3989,3,,,0,100,,3990,3,,,0,100,,3991,3,,,0,100,,3992,3,,,0,100,,3993,3,,,0,100,,3994,3,,,0,100,,3995,3,,,0
200,'5503',831,,3996,3,,,0,100,,3997,3,,,0,100,,3998,3,,,0,100,,3999,3,,,0,100,,4000,3,,,0,100,,4001,3,,,0,100,,4002,3,,,0,100,,4003,3,,,0,100,,4004,3,,,0,100,,4005,3,,,0
200,'5505',631,,4006,3,,,0,100,,4007,3,,,0,100,,4008,3,,,0,100,,4009,3,,,0,100,,4010,3,,,0,100,,4011,3,,,0,100,,4012,3,,,0,100,,4013,3,,,0,100,,4014,3,,,0,100,,4015,3,,,0,100,,4016,3,,,0,100,,4017,3,,,0
200,'5506',631,,4018,3,,,0,100,,4019,3,,,0,100,,4020,3,,,0,100,,4021,3,,,0,100,,4022,3,,,0,100,,4023,3,,,0,100,,4024,3,,,0,100,,4025,3,,,0,100,,4026,3,,,0,100,,4027,3,,,0,100,,4028,3,,,0,100,,4029,3,,,0
200,'5508',631,,4030,3,,,0,100,,4031,3,,,0,100,,4032,3,,,0,100,,4033,3,,,0,100,,4034,3,,,0,100,,4035,3,,,0,100,,4036,3,,,0,100,,4037,3,,,0,100,,4038,3,,,0,100,,4039,3,,,0,100,,4040,3,,,0,100,,4041,3,,,0
400,'5475',701,,4270,3,,,0,100,,4275,3,,,0,100,,4276,3,,,0,100,,4277,3,,,0,100,,4279,3,,,0,100,,4280,3,,,0,100,,4281,3,,,0,100,,4282,3,,,0,100,,4278,3,,,0,100,,4273,3,,,0,100,,4274,3,,,0,100,,4272,3,0,7 6,0
400,'5501',701,,4283,3,,,0,100,,4288,3,,,0,100,,4289,3,,,0,100,,4290,3,,,0,100,,4292,3,,,0,100,,4293,3,,,0,100,,4294,3,,,0,100,,4295,3,,,0,100,,4291,3,,,0,100,,4286,3,,,0,100,,4287,3,,,0,100,,4285,3,0,7 6,0
400,'5503',801,,4299,3,,,0,100,,4302,3,,,0,100,,4296,3,,,0,100,,4297,3,,,0,100,,4300,3,,,0,100,,4301,3,,,0,100,,4298,3,,,0,100,,4303,3,,,0,100,,4304,3,,,0,100,,4305,3,,,0,100,,4306,3,0,7 6,0
400,'5505',701,,4308,3,,,0,100,,4313,3,,,0,100,,4314,3,,,0,100,,4315,3,,,0,100,,4317,3,,,0,100,,4318,3,,,0,100,,4319,3,,,0,100,,4320,3,,,0,100,,4316,3,,,0,100,,4311,3,,,0,100,,4312,3,,,0,100,,4310,3,0,7 6,0
400,'5506',701,,4321,3,,,0,100,,4326,3,,,0,100,,4327,3,,,0,100,,4328,3,,,0,100,,4330,3,,,0,100,,4331,3,,,0,100,,4332,3,,,0,100,,4333,3,,,0,100,,4329,3,,,0,100,,4324,3,,,0,100,,4325,3,,,0,100,,4323,3,0,7 6,0
400,'5508',701,,4334,3,,,0,100,,4339,3,,,0,100,,4340,3,,,0,100,,4341,3,,,0,100,,4343,3,,,0,100,,4344,3,,,0,100,,4345,3,,,0,100,,4346,3,,,0,100,,4342,3,,,0,100,,4337,3,,,0,100,,4338,3,,,0,100,,4336,3,0,7 6,0
1000,'5475',642,,4711,3,,,0,162,,4712,3,,,0,428,,4713,3,,,0,407,,4714,3,,,0
1000,'5501',642,,4715,3,,,0,162,,4716,3,,,0,428,,4717,3,,,0,407,,4718,3,,,0
1000,'5503',804,,4719,3,,,0,428,,4720,3,,,0,407,,4721,3,,,0
1000,'5505',642,,4722,3,,,0,162,,4723,3,,,0,428,,4724,3,,,0,407,,4725,3,,,0
1000,'5506',642,,4726,3,,,0,162,,4727,3,,,0,428,,4728,3,,,0,407,,4729,3,,,0
1101,'5475',1233,,4763,3,,,0,573,,4761,3,,,0
1101,'5501',1233,,4766,3,,,0,573,,4764,3,,,0
1101,'5505',1233,,4769,3,,,0,573,,4767,3,,,0
1101,'5506',1233,,4772,3,,,0,573,,4770,3,,,0
1500,'5475',2002,,4775,8,,,0,124,,4777,8,,,0,85,,4779,8,,,0,41,,4784,8,,,0,263,,4782,8,,,0
1500,'5501',2002,,4787,8,,,0,124,,4789,8,,,0,85,,4791,8,,,0
1500,'5503',2002,,4794,8,,,0,124,,4796,8,,,0,85,,4798,8,,,0
1500,'5505',2002,,4802,8,,,0,124,,4804,8,,,0,85,,4806,8,,,0
1500,'5506',2002,,4810,8,,,0,124,,4812,8,,,0,85,,4814,8,,,0
1500,'5508',2002,,4818,8,,,0,124,,4820,8,,,0,85,,4822,8,,,0
7000,'5475',604,,5023,19,,,0,305,,5024,2,,,0,324,,5025,2,,,0,300,,5026,2,,,0
7000,'5501',604,,5027,19,,,0,305,,5028,2,,,0,324,,5029,2,,,0,300,,5030,2,,,0
7000,'5505',604,,5031,19,,,0,305,,5032,2,,,0,324,,5033,2,,,0,300,,5034,2,,,0
7000,'5506',604,,5035,19,,,0,305,,5036,2,,,0,324,,5037,2,,,0,300,,5038,2,,,0
