300,'5475',714,,2467,27,,,0,200,,2469,27,,,0,100,,2470,27,,,0,100,,2472,27,,,0,100,,2471,27,,,0,100,,2473,27,,,0,100,,2474,27,,,0,100,,2475,27,,,0,100,,2476,27,,,0,100,,2477,27,,,0,100,,2479,4,,,0
300,'5501',714,,2480,27,,,0,200,,2482,27,,,0,100,,2483,27,,,0,100,,2485,27,,,0,100,,2484,27,,,0,100,,2486,27,,,0,100,,2487,27,,,0,100,,2488,27,,,0,100,,2489,27,,,0,100,,2490,27,,,0,100,,2492,4,,,0
300,'5503',914,,2495,27,,,0,100,,2496,27,,,0,100,,2493,27,,,0,100,,2497,27,,,0,100,,2498,27,,,0,100,,2499,27,,,0,100,,2500,27,,,0,100,,2501,27,,,0,100,,2502,27,,,0,100,,2503,27,,,0
300,'5505',714,,2504,27,,,0,200,,2506,27,,,0,100,,2507,27,,,0,100,,2509,27,,,0,100,,2508,27,,,0,100,,2510,27,,,0,100,,2511,27,,,0,100,,2512,27,,,0,100,,2513,27,,,0,100,,2514,27,,,0,100,,2516,4,,,0
300,'5506',714,,2517,27,,,0,200,,2519,27,,,0,100,,2520,27,,,0,100,,2522,27,,,0,100,,2521,27,,,0,100,,2523,27,,,0,100,,2524,27,,,0,100,,2525,27,,,0,100,,2526,27,,,0,100,,2527,27,,,0,100,,2529,4,,,0
300,'5508',714,,2530,27,,,0,200,,2532,27,,,0,100,,2533,27,,,0,100,,2535,27,,,0,100,,2534,27,,,0,100,,2536,27,,,0,100,,2537,27,,,0,100,,2538,27,,,0,100,,2539,27,,,0,100,,2540,27,,,0,100,,2542,4,,,0
1000,'5475',650,,3060,19,,,0,162,,3061,19,,,0,429,,3062,19,,,0,407,,3063,19,,,0
1000,'5501',650,,3064,19,,,0,162,,3065,19,,,0,429,,3066,19,,,0,407,,3067,19,,,0
1000,'5503',812,,3068,19,,,0,429,,3069,19,,,0,407,,3070,19,,,0
1000,'5505',650,,3071,19,,,0,162,,3072,19,,,0,429,,3073,19,,,0,407,,3074,19,,,0
1000,'5506',650,,3075,19,,,0,162,,3076,19,,,0,429,,3077,19,,,0,407,,3078,19,,,0
