100,'5475',618,,3820,4,,,0,100,,3821,4,,,0,200,,3823,4,,,0,100,,3824,4,,,0,100,,3825,4,,,0,100,,3826,4,,,0,100,,3827,4,,,0,100,,3828,4,,,0,100,,3829,4,,,0,100,,3830,4,,,0,100,,3831,4,,,0,100,,3832,4,0,5 6,0
100,'5501',618,,3833,4,,,0,100,,3834,4,,,0,200,,3836,4,,,0,100,,3837,4,,,0,100,,3838,4,,,0,100,,3839,4,,,0,100,,3840,4,,,0,100,,3841,4,,,0,100,,3842,4,,,0,100,,3843,4,,,0,100,,3844,4,,,0,100,,3845,4,0,5 6,0
100,'5503',918,,3848,4,,,0,100,,3852,4,,,0,100,,3856,4,,,0,100,,3849,4,,,0,100,,3847,4,,,0,100,,3853,4,,,0,100,,3851,4,,,0,100,,3850,4,,,0,100,,3855,4,,,0,100,,3854,4,0,5 6,0
100,'5505',618,,3857,4,,,0,100,,3858,4,,,0,200,,3860,4,,,0,100,,3861,4,,,0,100,,3862,4,,,0,100,,3863,4,,,0,100,,3864,4,,,0,100,,3865,4,,,0,100,,3866,4,,,0,100,,3867,4,,,0,100,,3868,4,,,0,100,,3869,4,0,5 6,0
100,'5506',618,,3870,4,,,0,100,,3871,4,,,0,200,,3873,4,,,0,100,,3874,4,,,0,100,,3875,4,,,0,100,,3876,4,,,0,100,,3877,4,,,0,100,,3878,4,,,0,100,,3879,4,,,0,100,,3880,4,,,0,100,,3881,4,,,0,100,,3882,4,0,5 6,0
100,'5508',618,,3883,4,,,0,100,,3884,4,,,0,200,,3886,4,,,0,100,,3887,4,,,0,100,,3888,4,,,0,100,,3889,4,,,0,100,,3890,4,,,0,100,,3891,4,,,0,100,,3892,4,,,0,100,,3893,4,,,0,100,,3894,4,,,0,100,,3895,4,0,5 6,0
501,'5475',707,,4567,20,,,0,30,,4577,20,,,0,70,,4568,22,,,0,30,,4589,22,,,0,70,,4570,22,,,0,30,,4578,22,,,0,70,,4571,22,,,0,30,,4579,22,,,0,70,,4572,22,,,0,30,,4580,22,,,0,70,,4569,22,,,0,30,,4581,22,,,0,70,,4574,22,,,0,30,,4582,22,,,0,70,,4573,22,,,0,30,,4583,22,,,0,70,,4575,22,,,0,30,,4590,22,,,0,70,,4576,22,,,0,30,,4588,22,,,0,70,,4584,22,,,0,30,,4585,22,,,0,70,,4586,22,,,0,30,,4587,22,,,0
501,'5501',707,,4591,20,,,0,30,,4601,20,,,0,70,,4592,22,,,0,34,,4613,22,,,0,66,,4594,22,,,0,30,,4602,22,,,0,70,,4595,22,,,0,30,,4603,22,,,0,70,,4596,22,,,0,30,,4604,22,,,0,70,,4593,22,,,0,30,,4605,22,,,0,70,,4598,22,,,0,30,,4606,22,,,0,70,,4597,22,,,0,30,,4607,22,,,0,70,,4599,22,,,0,40,,4614,38,0,11 12,0,60,,4600,22,,,0,33,,4612,22,,,0,67,,4608,22,,,0,30,,4609,22,,,0,70,,4610,22,,,0,30,,4611,22,,,0
501,'5503',907,,4620,20,,,0,30,,4631,20,,,0,70,,4622,22,,,0,30,,4632,22,,,0,70,,4623,22,,,0,30,,4628,22,,,0,70,,4619,22,,,0,30,,4629,22,,,0,70,,4624,22,,,0,30,,4630,22,,,0,70,,4615,22,,,0,30,,4633,22,,,0,70,,4616,22,,,0,30,,4634,22,,,0,70,,4617,22,,,0,30,,4625,22,,,0,70,,4618,22,,,0,30,,4626,22,,,0,70,,4621,22,,,0,30,,4627,22,,,0
501,'5504',1237,,4635,22,,,0,100,,4636,22,,,0,100,,4637,22,,,0,100,,4638,22,,,0
501,'5505',707,,4639,20,,,0,30,,4649,20,,,0,70,,4640,22,,,0,34,,4661,22,,,0,66,,4642,22,,,0,30,,4650,22,,,0,70,,4643,22,,,0,30,,4651,22,,,0,70,,4644,22,,,0,30,,4652,22,,,0,70,,4641,22,,,0,30,,4653,22,,,0,70,,4646,22,,,0,30,,4654,22,,,0,70,,4645,22,,,0,30,,4655,22,,,0,70,,4647,22,,,0,40,,4662,38,0,11 12,0,60,,4648,22,,,0,33,,4660,22,,,0,67,,4656,22,,,0,30,,4657,22,,,0,70,,4658,22,,,0,30,,4659,22,,,0
501,'5506',707,,4663,20,,,0,30,,4673,20,,,0,70,,4664,22,,,0,30,,4685,22,,,0,70,,4666,22,,,0,30,,4674,22,,,0,70,,4667,22,,,0,30,,4675,22,,,0,70,,4668,22,,,0,30,,4676,22,,,0,70,,4665,22,,,0,30,,4677,22,,,0,70,,4670,22,,,0,30,,4678,22,,,0,70,,4669,22,,,0,30,,4679,22,,,0,70,,4671,22,,,0,30,,4686,22,,,0,70,,4672,22,,,0,30,,4684,22,,,0,70,,4680,22,,,0,30,,4681,22,,,0,70,,4682,22,,,0,30,,4683,22,,,0
501,'5508',707,,4687,20,,,0,30,,4697,20,,,0,70,,4688,22,,,0,30,,4709,22,,,0,70,,4690,22,,,0,30,,4698,22,,,0,70,,4691,22,,,0,30,,4699,22,,,0,70,,4692,22,,,0,30,,4700,22,,,0,70,,4689,22,,,0,30,,4701,22,,,0,70,,4694,22,,,0,30,,4702,22,,,0,70,,4693,22,,,0,30,,4703,22,,,0,70,,4695,22,,,0,30,,4710,22,,,0,70,,4696,22,,,0,30,,4708,22,,,0,70,,4704,22,,,0,30,,4705,22,,,0,70,,4706,22,,,0,30,,4707,22,,,0
