201,'5475',711,,2391,18,,,0,100,,2392,18,,,0,100,,2393,18,,,0,100,,2394,18,,,0,100,,2395,18,,,0,100,,2396,18,,,0,100,,2397,18,,,0,100,,2398,18,,,0,100,,2399,18,,,0,100,,2400,18,,,0,100,,2401,18,,,0,97,,2402,18,4,,0
201,'5501',711,,2404,18,,,0,100,,2405,18,,,0,100,,2406,18,,,0,100,,2407,18,,,0,100,,2408,18,,,0,100,,2409,18,,,0,100,,2410,18,,,0,100,,2411,18,,,0,100,,2412,18,,,0,100,,2413,18,,,0,100,,2414,18,,,0,97,,2415,18,4,,0
201,'5503',811,,2417,18,,,0,100,,2418,18,,,0,100,,2419,18,,,0,100,,2420,18,,,0,100,,2421,18,,,0,100,,2422,18,,,0,100,,2423,18,,,0,100,,2424,18,,,0,100,,2425,18,,,0,100,,2426,18,,,0,100,,2427,18,,,0
201,'5505',711,,2428,18,,,0,100,,2429,18,,,0,100,,2430,18,,,0,100,,2431,18,,,0,100,,2432,18,,,0,100,,2433,18,,,0,100,,2434,18,,,0,100,,2435,18,,,0,100,,2436,18,,,0,100,,2437,18,,,0,100,,2438,18,,,0,97,,2439,18,4,,0
201,'5506',711,,2441,18,,,0,100,,2442,18,,,0,100,,2443,18,,,0,100,,2444,18,,,0,100,,2445,18,,,0,100,,2446,18,,,0,100,,2447,18,,,0,100,,2448,18,,,0,100,,2449,18,,,0,100,,2450,18,,,0,100,,2451,18,,,0,97,,2452,18,4,,0
201,'5508',711,,2454,18,,,0,100,,2455,18,,,0,100,,2456,18,,,0,100,,2457,18,,,0,100,,2458,18,,,0,100,,2459,18,,,0,100,,2460,18,,,0,100,,2461,18,,,0,100,,2462,18,,,0,100,,2463,18,,,0,100,,2464,18,,,0,97,,2465,18,4,,0
501,'5475',746,,2917,2,,,0,70,,2938,2,,,0,30,,2919,2,,,0,70,,2927,2,,,0,30,,2920,2,,,0,70,,2928,2,,,0,30,,2921,2,,,0,70,,2929,2,,,0,30,,2918,2,,,0,70,,2930,2,,,0,30,,2923,2,,,0,70,,2931,2,,,0,30,,2922,2,,,0,70,,2932,2,,,0,30,,2924,2,,,0,70,,2939,2,,,0,30,,2925,2,,,0,70,,2937,2,,,0,30,,2933,2,,,0,70,,2934,2,,,0,30,,2935,2,,,0,70,,2936,2,,,0
501,'5501',746,,2941,2,,,0,74,,2962,2,,,0,26,,2943,2,,,0,70,,2951,2,,,0,30,,2944,2,,,0,70,,2952,2,,,0,30,,2945,2,,,0,70,,2953,2,,,0,30,,2942,2,,,0,70,,2954,2,,,0,30,,2947,2,,,0,70,,2955,2,,,0,30,,2946,2,,,0,70,,2956,2,,,0,30,,2948,2,,,0,69,,2963,2,0,11 12,0,31,,2949,2,,,0,73,,2961,2,,,0,27,,2957,2,,,0,70,,2958,2,,,0,30,,2959,2,,,0,70,,2960,2,,,0
501,'5503',946,,2971,2,,,0,70,,2981,2,,,0,30,,2972,2,,,0,70,,2977,2,,,0,30,,2968,2,,,0,70,,2978,2,,,0,30,,2973,2,,,0,70,,2979,2,,,0,30,,2964,2,,,0,70,,2982,2,,,0,30,,2965,2,,,0,70,,2983,2,,,0,30,,2966,2,,,0,70,,2974,2,,,0,30,,2967,2,,,0,70,,2975,2,,,0,30,,2970,2,,,0,70,,2976,2,,,0
501,'5504',1216,,2984,2,,,0,100,,2985,2,,,0,100,,2986,2,,,0,100,,2987,2,,,0
501,'5505',746,,2989,2,,,0,74,,3010,2,,,0,26,,2991,2,,,0,70,,2999,2,,,0,30,,2992,2,,,0,70,,3000,2,,,0,30,,2993,2,,,0,70,,3001,2,,,0,30,,2990,2,,,0,70,,3002,2,,,0,30,,2995,2,,,0,70,,3003,2,,,0,30,,2994,2,,,0,70,,3004,2,,,0,30,,2996,2,,,0,69,,3011,2,0,11 12,0,31,,2997,2,,,0,73,,3009,2,,,0,27,,3005,2,,,0,70,,3006,2,,,0,30,,3007,2,,,0,70,,3008,2,,,0
501,'5506',746,,3013,2,,,0,70,,3034,2,,,0,30,,3015,2,,,0,70,,3023,2,,,0,30,,3016,2,,,0,70,,3024,2,,,0,30,,3017,2,,,0,70,,3025,2,,,0,30,,3014,2,,,0,70,,3026,2,,,0,30,,3019,2,,,0,70,,3027,2,,,0,30,,3018,2,,,0,70,,3028,2,,,0,30,,3020,2,,,0,70,,3035,2,,,0,30,,3021,2,,,0,70,,3033,2,,,0,30,,3029,2,,,0,70,,3030,2,,,0,30,,3031,2,,,0,70,,3032,2,,,0
501,'5508',746,,3037,2,,,0,70,,3058,2,,,0,30,,3039,2,,,0,70,,3047,2,,,0,30,,3040,2,,,0,70,,3048,2,,,0,30,,3041,2,,,0,70,,3049,2,,,0,30,,3038,2,,,0,70,,3050,2,,,0,30,,3043,2,,,0,70,,3051,2,,,0,30,,3042,2,,,0,70,,3052,2,,,0,30,,3044,2,,,0,70,,3059,2,,,0,30,,3045,2,,,0,70,,3057,2,,,0,30,,3053,2,,,0,70,,3054,2,,,0,30,,3055,2,,,0,70,,3056,2,,,0
1000100,'5475',1922,,3404,39,,,0,30,,3415,39,,,0,70,,3413,39,,,0,30,,3414,39,,,0,70,,3410,39,,,0,30,,3412,39,,,0,70,,3411,39,,,0,30,,3409,39,,,0,170,,3406,39,,,0,30,,3408,39,,,0,70,,3405,39,,,0,30,,3407,39,,,0
