200,'5475',633,,2321,6,,,0,100,,2322,6,,,0,100,,2323,6,,,0,100,,2324,6,,,0,100,,2325,6,,,0,100,,2326,6,,,0,100,,2327,6,,,0,100,,2328,6,,,0,100,,2329,6,,,0,100,,2330,6,,,0,100,,2331,6,,,0,100,,2332,6,,,0
200,'5501',633,,2333,6,,,0,100,,2334,6,,,0,100,,2335,6,,,0,100,,2336,6,,,0,100,,2337,6,,,0,100,,2338,6,,,0,100,,2339,6,,,0,100,,2340,6,,,0,100,,2341,6,,,0,100,,2342,6,,,0,100,,2343,6,,,0,100,,2344,6,,,0
200,'5503',833,,2345,6,,,0,100,,2346,6,,,0,100,,2347,6,,,0,100,,2348,6,,,0,100,,2349,6,,,0,100,,2350,6,,,0,100,,2351,6,,,0,100,,2352,6,,,0,100,,2353,6,,,0,100,,2354,6,,,0
200,'5505',633,,2355,6,,,0,100,,2356,6,,,0,100,,2357,6,,,0,100,,2358,6,,,0,100,,2359,6,,,0,100,,2360,6,,,0,100,,2361,6,,,0,100,,2362,6,,,0,100,,2363,6,,,0,100,,2364,6,,,0,100,,2365,6,,,0,100,,2366,6,,,0
200,'5506',633,,2367,6,,,0,100,,2368,6,,,0,100,,2369,6,,,0,100,,2370,6,,,0,100,,2371,6,,,0,100,,2372,6,,,0,100,,2373,6,,,0,100,,2374,6,,,0,100,,2375,6,,,0,100,,2376,6,,,0,100,,2377,6,,,0,100,,2378,6,,,0
200,'5508',633,,2379,6,,,0,100,,2380,6,,,0,100,,2381,6,,,0,100,,2382,6,,,0,100,,2383,6,,,0,100,,2384,6,,,0,100,,2385,6,,,0,100,,2386,6,,,0,100,,2387,6,,,0,100,,2388,6,,,0,100,,2389,6,,,0,100,,2390,6,,,0
401,'5475',733,,2703,8,,,0,100,,2704,8,,,0,100,,2705,8,,,0,100,,2706,8,,,0,100,,2707,8,,,0,100,,2708,8,,,0,100,,2700,8,,,0,100,,2701,8,,,0,100,,2698,8,,,0,100,,2697,8,,,0,100,,2699,8,,,0,110,,2696,8,0,7 6,0
401,'5501',733,,2716,8,,,0,100,,2717,8,,,0,100,,2718,8,,,0,100,,2719,8,,,0,100,,2720,8,,,0,100,,2721,8,,,0,100,,2713,8,,,0,100,,2714,8,,,0,100,,2711,8,,,0,100,,2710,8,,,0,100,,2712,8,,,0,110,,2709,8,0,7 6,0
401,'5503',833,,2722,8,,,0,100,,2724,8,,,0,100,,2725,8,,,0,100,,2723,8,,,0,100,,2727,8,,,0,100,,2726,8,,,0,100,,2728,8,,,0,100,,2729,8,,,0,100,,2730,8,,,0,100,,2731,8,,,0,110,,2732,8,0,7 6,0
401,'5505',733,,2740,8,,,0,100,,2741,8,,,0,100,,2742,8,,,0,100,,2743,8,,,0,100,,2744,8,,,0,100,,2745,8,,,0,100,,2737,8,,,0,100,,2738,8,,,0,100,,2735,8,,,0,100,,2734,8,,,0,100,,2736,8,,,0,110,,2733,8,0,7 6,0
401,'5506',733,,2753,8,,,0,100,,2754,8,,,0,100,,2755,8,,,0,100,,2756,8,,,0,100,,2757,8,,,0,100,,2758,8,,,0,100,,2750,8,,,0,100,,2751,8,,,0,100,,2748,8,,,0,100,,2747,8,,,0,100,,2749,8,,,0,110,,2746,8,0,7 6,0
401,'5508',733,,2766,8,,,0,100,,2767,8,,,0,100,,2768,8,,,0,100,,2769,8,,,0,100,,2770,8,,,0,100,,2771,8,,,0,100,,2763,8,,,0,100,,2764,8,,,0,100,,2761,8,,,0,100,,2760,8,,,0,100,,2762,8,,,0,110,,2759,8,0,7 6,0
500,'5475',733,,2772,17,,,0,70,,2794,17,,,0,30,,2774,17,,,0,70,,2792,17,,,0,30,,2775,17,,,0,70,,2782,17,,,0,30,,2776,17,,,0,70,,2783,17,,,0,30,,2773,17,,,0,70,,2784,17,,,0,30,,2778,17,,,0,70,,2785,17,,,0,30,,2777,17,,,0,70,,2786,17,,,0,30,,2779,17,,,0,70,,2788,17,,,0,30,,2780,17,,,0,70,,2795,17,,,0,30,,2781,17,,,0,70,,2793,17,,,0,30,,2787,17,,,0,70,,2789,17,,,0,30,,2790,17,,,0
500,'5501',733,,2796,17,,,0,100,,2798,17,,,0,70,,2816,17,,,0,30,,2799,17,,,0,70,,2806,17,,,0,30,,2800,17,,,0,70,,2807,17,,,0,30,,2797,17,,,0,70,,2808,17,,,0,30,,2802,17,,,0,70,,2809,17,,,0,30,,2801,17,,,0,70,,2810,17,,,0,30,,2803,17,,,0,70,,2812,17,,,0,30,,2804,17,,,0,73,,2819,17,,,0,27,,2805,17,,,0,70,,2817,17,,,0,30,,2811,17,,,0,70,,2813,17,,,0,30,,2814,17,,,0
500,'5503',933,,2820,17,,,0,70,,2836,17,,,0,30,,2825,17,,,0,70,,2833,17,,,0,30,,2826,17,,,0,70,,2834,17,,,0,30,,2828,17,,,0,70,,2832,17,,,0,30,,2829,17,,,0,70,,2835,17,,,0,30,,2827,17,,,0,70,,2837,17,,,0,30,,2824,17,,,0,70,,2831,17,,,0,30,,2823,17,,,0,70,,2830,17,,,0,30,,2821,17,,,0,70,,2838,17,,,0,30,,2822,17,,,0
500,'5504',1303,,2840,17,,,0,100,,2841,17,,,0,100,,2842,17,,,0,100,,2843,17,,,0
500,'5505',733,,2844,17,,,0,100,,2846,17,,,0,70,,2864,17,,,0,30,,2847,17,,,0,70,,2854,17,,,0,30,,2848,17,,,0,70,,2855,17,,,0,30,,2845,17,,,0,70,,2856,17,,,0,30,,2850,17,,,0,70,,2857,17,,,0,30,,2849,17,,,0,70,,2858,17,,,0,30,,2851,17,,,0,70,,2860,17,,,0,30,,2852,17,,,0,73,,2867,17,,,0,27,,2853,17,,,0,70,,2865,17,,,0,30,,2859,17,,,0,70,,2861,17,,,0,30,,2862,17,,,0
500,'5506',733,,2868,17,,,0,70,,2890,17,,,0,30,,2870,17,,,0,70,,2888,17,,,0,30,,2871,17,,,0,70,,2878,17,,,0,30,,2872,17,,,0,70,,2879,17,,,0,30,,2869,17,,,0,70,,2880,17,,,0,30,,2874,17,,,0,70,,2881,17,,,0,30,,2873,17,,,0,70,,2882,17,,,0,30,,2875,17,,,0,70,,2884,17,,,0,30,,2876,17,,,0,70,,2891,17,,,0,30,,2877,17,,,0,70,,2889,17,,,0,30,,2883,17,,,0,70,,2885,17,,,0,30,,2886,17,,,0
500,'5508',733,,2892,17,,,0,70,,2914,17,,,0,30,,2894,17,,,0,70,,2912,17,,,0,30,,2895,17,,,0,70,,2902,17,,,0,30,,2896,17,,,0,70,,2903,17,,,0,30,,2893,17,,,0,70,,2904,17,,,0,30,,2898,17,,,0,70,,2905,17,,,0,30,,2897,17,,,0,70,,2906,17,,,0,30,,2899,17,,,0,70,,2908,17,,,0,30,,2900,17,,,0,70,,2915,17,,,0,30,,2901,17,,,0,70,,2913,17,,,0,30,,2907,17,,,0,70,,2909,17,,,0,30,,2910,17,,,0
1000,'5475',644,,3060,6,,,0,162,,3061,6,,,0,428,,3062,6,,,0,407,,3063,6,,,0
1000,'5501',644,,3064,6,,,0,162,,3065,6,,,0,428,,3066,6,,,0,407,,3067,6,,,0
1000,'5503',806,,3068,6,,,0,428,,3069,6,,,0,407,,3070,6,,,0
1000,'5505',644,,3071,6,,,0,162,,3072,6,,,0,428,,3073,6,,,0,407,,3074,6,,,0
1000,'5506',644,,3075,6,,,0,162,,3076,6,,,0,428,,3077,6,,,0,407,,3078,6,,,0
1500,'5475',2005,,3124,11,,,0,124,,3126,11,,,0,85,,3128,11,,,0,40,,3133,11,,,0,263,,3131,11,,,0
1500,'5501',2005,,3136,11,,,0,124,,3138,11,,,0,85,,3140,11,,,0
1500,'5503',2005,,3143,11,,,0,124,,3145,11,,,0,85,,3147,11,,,0
1500,'5505',2005,,3151,11,,,0,124,,3153,11,,,0,85,,3155,11,,,0
1500,'5506',2005,,3159,11,,,0,124,,3161,11,,,0,85,,3163,11,,,0
1500,'5508',2005,,3167,11,,,0,124,,3169,11,,,0,85,,3171,11,,,0
