301,'5475',644,,2543,19,,,0,100,,2544,29,,,0,100,,2545,22,,,0,100,,2546,29,,,0,100,,2547,29,,,0,100,,2548,29,,,0,100,,2549,29,,,0,100,,2550,29,,,0,100,,2551,29,,,0,100,,2552,29,,,0,100,,2553,29,,,0,100,,2554,29,,,0
301,'5501',644,,2556,19,,,0,100,,2557,29,,,0,100,,2558,22,,,0,100,,2559,29,,,0,100,,2560,29,,,0,100,,2561,29,,,0,100,,2562,29,,,0,100,,2563,29,,,0,100,,2564,29,,,0,100,,2565,29,,,0,100,,2566,29,,,0,100,,2567,29,,,0
301,'5503',844,,2570,22,,,0,100,,2569,29,,,0,100,,2572,29,,,0,100,,2571,29,,,0,100,,2573,29,,,0,100,,2574,29,,,0,100,,2575,29,,,0,100,,2576,29,,,0,100,,2577,29,,,0,100,,2579,29,,,0
301,'5505',644,,2580,19,,,0,100,,2581,29,,,0,100,,2582,22,,,0,100,,2583,29,,,0,100,,2584,29,,,0,100,,2585,29,,,0,100,,2586,29,,,0,100,,2587,29,,,0,100,,2588,29,,,0,100,,2589,29,,,0,100,,2590,29,,,0,100,,2591,29,,,0
301,'5506',644,,2593,19,,,0,100,,2594,29,,,0,100,,2595,22,,,0,100,,2596,29,,,0,100,,2597,29,,,0,100,,2598,29,,,0,100,,2599,29,,,0,100,,2600,29,,,0,100,,2601,29,,,0,100,,2602,29,,,0,100,,2603,29,,,0,100,,2604,29,,,0
301,'5508',644,,2606,19,,,0,100,,2607,29,,,0,100,,2608,22,,,0,100,,2609,29,,,0,100,,2610,29,,,0,100,,2611,29,,,0,100,,2612,29,,,0,100,,2613,29,,,0,100,,2614,29,,,0,100,,2615,29,,,0,100,,2616,29,,,0,100,,2617,29,,,0
501,'5475',703,,2916,15,,,0,30,,2926,15,,,0,70,,2917,17,,,0,30,,2938,17,,,0,70,,2919,17,,,0,30,,2927,17,,,0,70,,2920,17,,,0,30,,2928,17,,,0,70,,2921,17,,,0,30,,2929,17,,,0,70,,2918,17,,,0,30,,2930,17,,,0,70,,2923,17,,,0,30,,2931,17,,,0,70,,2922,17,,,0,30,,2932,17,,,0,70,,2924,17,,,0,30,,2939,17,,,0,70,,2925,17,,,0,30,,2937,17,,,0,70,,2933,17,,,0,30,,2934,17,,,0,70,,2935,17,,,0,30,,2936,17,,,0
501,'5501',703,,2940,15,,,0,30,,2950,15,,,0,70,,2941,17,,,0,34,,2962,17,,,0,66,,2943,17,,,0,30,,2951,17,,,0,70,,2944,17,,,0,30,,2952,17,,,0,70,,2945,17,,,0,30,,2953,17,,,0,70,,2942,17,,,0,30,,2954,17,,,0,70,,2947,17,,,0,30,,2955,17,,,0,70,,2946,17,,,0,30,,2956,17,,,0,70,,2948,17,,,0,40,,2963,33,0,11 12,0,60,,2949,17,,,0,33,,2961,17,,,0,67,,2957,17,,,0,30,,2958,17,,,0,70,,2959,17,,,0,30,,2960,17,,,0
501,'5503',903,,2969,15,,,0,30,,2980,15,,,0,70,,2971,17,,,0,30,,2981,17,,,0,70,,2972,17,,,0,30,,2977,17,,,0,70,,2968,17,,,0,30,,2978,17,,,0,70,,2973,17,,,0,30,,2979,17,,,0,70,,2964,17,,,0,30,,2982,17,,,0,70,,2965,17,,,0,30,,2983,17,,,0,70,,2966,17,,,0,30,,2974,17,,,0,70,,2967,17,,,0,30,,2975,17,,,0,70,,2970,17,,,0,30,,2976,17,,,0
501,'5504',1233,,2984,17,,,0,100,,2985,17,,,0,100,,2986,17,,,0,100,,2987,17,,,0
501,'5505',703,,2988,15,,,0,30,,2998,15,,,0,70,,2989,17,,,0,34,,3010,17,,,0,66,,2991,17,,,0,30,,2999,17,,,0,70,,2992,17,,,0,30,,3000,17,,,0,70,,2993,17,,,0,30,,3001,17,,,0,70,,2990,17,,,0,30,,3002,17,,,0,70,,2995,17,,,0,30,,3003,17,,,0,70,,2994,17,,,0,30,,3004,17,,,0,70,,2996,17,,,0,40,,3011,33,0,11 12,0,60,,2997,17,,,0,33,,3009,17,,,0,67,,3005,17,,,0,30,,3006,17,,,0,70,,3007,17,,,0,30,,3008,17,,,0
501,'5506',703,,3012,15,,,0,30,,3022,15,,,0,70,,3013,17,,,0,30,,3034,17,,,0,70,,3015,17,,,0,30,,3023,17,,,0,70,,3016,17,,,0,30,,3024,17,,,0,70,,3017,17,,,0,30,,3025,17,,,0,70,,3014,17,,,0,30,,3026,17,,,0,70,,3019,17,,,0,30,,3027,17,,,0,70,,3018,17,,,0,30,,3028,17,,,0,70,,3020,17,,,0,30,,3035,17,,,0,70,,3021,17,,,0,30,,3033,17,,,0,70,,3029,17,,,0,30,,3030,17,,,0,70,,3031,17,,,0,30,,3032,17,,,0
501,'5508',703,,3036,15,,,0,30,,3046,15,,,0,70,,3037,17,,,0,30,,3058,17,,,0,70,,3039,17,,,0,30,,3047,17,,,0,70,,3040,17,,,0,30,,3048,17,,,0,70,,3041,17,,,0,30,,3049,17,,,0,70,,3038,17,,,0,30,,3050,17,,,0,70,,3043,17,,,0,30,,3051,17,,,0,70,,3042,17,,,0,30,,3052,17,,,0,70,,3044,17,,,0,30,,3059,17,,,0,70,,3045,17,,,0,30,,3057,17,,,0,70,,3053,17,,,0,30,,3054,17,,,0,70,,3055,17,,,0,30,,3056,17,,,0
