300,'5475',811,,2468,25,0,11 12,0
300,'5501',811,,2481,25,0,11 12,0
300,'5503',811,,2494,19,0,11 12,0
300,'5505',811,,2505,25,0,11 12,0
300,'5506',811,,2518,25,0,11 12,0
300,'5508',811,,2531,25,0,11 12,0
400,'5475',728,,2619,39,4,,0,100,,2624,39,4,,0,100,,2625,39,4,,0,100,,2626,39,4,,0,100,,2628,39,4,,0,100,,2629,39,4,,0,100,,2630,39,4,,0,100,,2631,39,4,,0,100,,2627,39,4,,0,100,,2622,39,4,,0,100,,2623,39,4,,0,110,,2620,24,4,,0
400,'5501',728,,2632,39,4,,0,100,,2637,39,4,,0,100,,2638,39,4,,0,100,,2639,39,4,,0,100,,2641,39,4,,0,100,,2642,39,4,,0,100,,2643,39,4,,0,100,,2644,39,4,,0,100,,2640,39,4,,0,100,,2635,39,4,,0,100,,2636,39,4,,0,110,,2633,24,4,,0
400,'5503',828,,2648,39,4,,0,100,,2651,39,4,,0,100,,2645,39,4,,0,100,,2646,39,4,,0,100,,2649,39,4,,0,100,,2650,39,4,,0,100,,2647,39,4,,0,100,,2652,39,4,,0,100,,2653,39,4,,0,100,,2654,39,4,,0,110,,2656,24,4,,0
400,'5505',728,,2657,39,4,,0,100,,2662,39,4,,0,100,,2663,39,4,,0,100,,2664,39,4,,0,100,,2666,39,4,,0,100,,2667,39,4,,0,100,,2668,39,4,,0,100,,2669,39,4,,0,100,,2665,39,4,,0,100,,2660,39,4,,0,100,,2661,39,4,,0,110,,2658,24,4,,0
400,'5506',728,,2670,39,4,,0,100,,2675,39,4,,0,100,,2676,39,4,,0,100,,2677,39,4,,0,100,,2679,39,4,,0,100,,2680,39,4,,0,100,,2681,39,4,,0,100,,2682,39,4,,0,100,,2678,39,4,,0,100,,2673,39,4,,0,100,,2674,39,4,,0,110,,2671,24,4,,0
400,'5508',728,,2683,39,4,,0,100,,2688,39,4,,0,100,,2689,39,4,,0,100,,2690,39,4,,0,100,,2692,39,4,,0,100,,2693,39,4,,0,100,,2694,39,4,,0,100,,2695,39,4,,0,100,,2691,39,4,,0,100,,2686,39,4,,0,100,,2687,39,4,,0,110,,2684,24,4,,0
401,'5475',728,,2703,1,,,0,100,,2704,1,,,0,100,,2705,1,,,0,100,,2706,1,,,0,100,,2707,1,,,0,100,,2708,1,,,0,100,,2700,1,,,0,100,,2701,1,,,0,100,,2698,1,,,0,100,,2697,1,,,0,100,,2699,1,,,0,110,,2696,1,0,7 6,0
401,'5501',728,,2716,1,,,0,100,,2717,1,,,0,100,,2718,1,,,0,100,,2719,1,,,0,100,,2720,1,,,0,100,,2721,1,,,0,100,,2713,1,,,0,100,,2714,1,,,0,100,,2711,1,,,0,100,,2710,1,,,0,100,,2712,1,,,0,110,,2709,1,0,7 6,0
401,'5503',828,,2722,1,,,0,100,,2724,1,,,0,100,,2725,1,,,0,100,,2723,1,,,0,100,,2727,1,,,0,100,,2726,1,,,0,100,,2728,1,,,0,100,,2729,1,,,0,100,,2730,1,,,0,100,,2731,1,,,0,110,,2732,1,0,7 6,0
401,'5505',728,,2740,1,,,0,100,,2741,1,,,0,100,,2742,1,,,0,100,,2743,1,,,0,100,,2744,1,,,0,100,,2745,1,,,0,100,,2737,1,,,0,100,,2738,1,,,0,100,,2735,1,,,0,100,,2734,1,,,0,100,,2736,1,,,0,110,,2733,1,0,7 6,0
401,'5506',728,,2753,1,,,0,100,,2754,1,,,0,100,,2755,1,,,0,100,,2756,1,,,0,100,,2757,1,,,0,100,,2758,1,,,0,100,,2750,1,,,0,100,,2751,1,,,0,100,,2748,1,,,0,100,,2747,1,,,0,100,,2749,1,,,0,110,,2746,1,0,7 6,0
401,'5508',728,,2766,1,,,0,100,,2767,1,,,0,100,,2768,1,,,0,100,,2769,1,,,0,100,,2770,1,,,0,100,,2771,1,,,0,100,,2763,1,,,0,100,,2764,1,,,0,100,,2761,1,,,0,100,,2760,1,,,0,100,,2762,1,,,0,110,,2759,1,0,7 6,0
500,'5501',809,,2818,26,0,11 12,0
500,'5505',809,,2866,26,0,11 12,0
501,'5501',1528,,2963,18,0,11 12,0
501,'5505',1528,,3011,18,0,11 12,0
1500,'5475',1858,,3122,15,0,14 15,0,164,,3125,15,0,13,0,123,,3127,15,0,13,0,85,,3129,15,0,13,0,180,,3132,15,0,13,0,124,,3130,15,0,13,0
1500,'5501',1858,,3134,15,0,14 15,0,164,,3137,15,0,13,0,123,,3139,15,0,13,0,85,,3141,15,0,13,0
1500,'5503',1858,,3142,15,0,13,0,164,,3144,15,0,13,0,123,,3146,15,0,13,0,85,,3148,15,0,13,0
1500,'5505',1858,,3149,15,0,14 15,0,164,,3152,15,0,13,0,123,,3154,15,0,13,0,85,,3156,15,0,13,0
1500,'5506',1858,,3157,15,0,14 15,0,164,,3160,15,0,13,0,123,,3162,15,0,13,0,85,,3164,15,0,13,0
1500,'5508',1858,,3165,15,0,14 15,0,164,,3168,15,0,13,0,123,,3170,15,0,13,0,85,,3172,15,0,13,0
1501,'5475',1933,,3173,27,0,7,0,124,,3175,27,0,7,0,388,,3180,27,0,7,0,164,,3178,27,0,7,0
1501,'5501',1933,,3181,27,0,7,0,124,,3183,27,0,7,0
1501,'5503',1933,,3186,27,0,7,0,124,,3187,27,0,7,0
1501,'5505',1933,,3189,27,0,7,0,124,,3191,27,0,7,0
1501,'5506',1933,,3193,27,0,7,0,124,,3195,27,0,7,0
1501,'5508',1933,,3197,27,0,7,0,124,,3199,27,0,7,0
