101,'5475',700,,3897,9,,,0,100,,3898,9,,,0,100,,3899,9,,,0,100,,3900,9,,,0,100,,3902,9,,,0,100,,3901,9,,,0,100,,3904,9,,,0,100,,3903,9,,,0,100,,3905,9,,,0,100,,3906,9,,,0,100,,3907,9,,,0,100,,3908,9,,,0
101,'5501',700,,3910,9,,,0,100,,3911,9,,,0,100,,3912,9,,,0,100,,3913,9,,,0,100,,3915,9,,,0,100,,3914,9,,,0,100,,3917,9,,,0,100,,3916,9,,,0,100,,3918,9,,,0,100,,3919,9,,,0,100,,3920,9,,,0,100,,3921,9,,,0
101,'5503',900,,3926,9,,,0,100,,3928,9,,,0,100,,3922,9,,,0,100,,3924,9,,,0,100,,3927,9,,,0,100,,3925,9,,,0,100,,3929,9,,,0,100,,3923,9,,,0,100,,3930,9,,,0,100,,3931,9,,,0
101,'5505',700,,3934,9,,,0,100,,3935,9,,,0,100,,3936,9,,,0,100,,3937,9,,,0,100,,3939,9,,,0,100,,3938,9,,,0,100,,3941,9,,,0,100,,3940,9,,,0,100,,3942,9,,,0,100,,3943,9,,,0,100,,3944,9,,,0,100,,3945,9,,,0
101,'5506',700,,3947,9,,,0,100,,3948,9,,,0,100,,3949,9,,,0,100,,3950,9,,,0,100,,3952,9,,,0,100,,3951,9,,,0,100,,3954,9,,,0,100,,3953,9,,,0,100,,3955,9,,,0,100,,3956,9,,,0,100,,3957,9,,,0,100,,3958,9,,,0
101,'5508',700,,3960,9,,,0,100,,3961,9,,,0,100,,3962,9,,,0,100,,3963,9,,,0,100,,3965,9,,,0,100,,3964,9,,,0,100,,3967,9,,,0,100,,3966,9,,,0,100,,3968,9,,,0,100,,3969,9,,,0,100,,3970,9,,,0,100,,3971,9,,,0
301,'5475',630,,4194,1,,,0,100,,4195,11,,,0,100,,4196,4,,,0,100,,4197,11,,,0,100,,4198,11,,,0,100,,4199,11,,,0,100,,4200,11,,,0,100,,4201,11,,,0,100,,4202,11,,,0,100,,4203,11,,,0,100,,4204,11,,,0,100,,4205,11,,,0
301,'5501',630,,4207,1,,,0,100,,4208,11,,,0,100,,4209,4,,,0,100,,4210,11,,,0,100,,4211,11,,,0,100,,4212,11,,,0,100,,4213,11,,,0,100,,4214,11,,,0,100,,4215,11,,,0,100,,4216,11,,,0,100,,4217,11,,,0,100,,4218,11,,,0
301,'5503',830,,4221,4,,,0,100,,4220,11,,,0,100,,4223,11,,,0,100,,4222,11,,,0,100,,4224,11,,,0,100,,4225,11,,,0,100,,4226,11,,,0,100,,4227,11,,,0,100,,4228,11,,,0,100,,4230,11,,,0
301,'5505',630,,4231,1,,,0,100,,4232,11,,,0,100,,4233,4,,,0,100,,4234,11,,,0,100,,4235,11,,,0,100,,4236,11,,,0,100,,4237,11,,,0,100,,4238,11,,,0,100,,4239,11,,,0,100,,4240,11,,,0,100,,4241,11,,,0,100,,4242,11,,,0
301,'5506',630,,4244,1,,,0,100,,4245,11,,,0,100,,4246,4,,,0,100,,4247,11,,,0,100,,4248,11,,,0,100,,4249,11,,,0,100,,4250,11,,,0,100,,4251,11,,,0,100,,4252,11,,,0,100,,4253,11,,,0,100,,4254,11,,,0,100,,4255,11,,,0
301,'5508',630,,4257,1,,,0,100,,4258,11,,,0,100,,4259,4,,,0,100,,4260,11,,,0,100,,4261,11,,,0,100,,4262,11,,,0,100,,4263,11,,,0,100,,4264,11,,,0,100,,4265,11,,,0,100,,4266,11,,,0,100,,4267,11,,,0,100,,4268,11,,,0
1000,'5475',648,,4711,13,,,0,162,,4712,13,,,0,429,,4713,13,,,0,407,,4714,13,,,0
1000,'5501',648,,4715,13,,,0,162,,4716,13,,,0,429,,4717,13,,,0,407,,4718,13,,,0
1000,'5503',810,,4719,13,,,0,429,,4720,13,,,0,407,,4721,13,,,0
1000,'5505',648,,4722,13,,,0,162,,4723,13,,,0,429,,4724,13,,,0,407,,4725,13,,,0
1000,'5506',648,,4726,13,,,0,162,,4727,13,,,0,429,,4728,13,,,0,407,,4729,13,,,0
1500,'5475',1850,,4773,1,0,14 15,0,164,,4775,23,4,,0,124,,4777,23,4,,0,85,,4779,23,4,,0,80,,4784,23,4,,0,99,,4783,1,0,13,0,124,,4782,23,4,,0
1500,'5501',1850,,4785,1,0,14 15,0,164,,4787,23,4,,0,124,,4789,23,4,,0,85,,4791,23,4,,0
1500,'5503',1850,,4793,1,0,13,0,164,,4794,23,4,,0,124,,4796,23,4,,0,85,,4798,23,4,,0
1500,'5505',1850,,4800,1,0,14 15,0,164,,4802,23,4,,0,124,,4804,23,4,,0,85,,4806,23,4,,0
1500,'5506',1850,,4808,1,0,14 15,0,164,,4810,23,4,,0,124,,4812,23,4,,0,85,,4814,23,4,,0
1500,'5508',1850,,4816,1,0,14 15,0,164,,4818,23,4,,0,124,,4820,23,4,,0,85,,4822,23,4,,0
4000,'5475',845,,4992,30,4,,0,556,,4991,30,4,,0
4000,'5501',845,,4994,30,4,,0,556,,4993,30,4,,0
4000,'5505',845,,4996,30,4,,0,556,,4995,30,4,,0
4000,'5506',845,,4999,30,4,,0,556,,4998,30,4,,0
7001,'5475',845,,5039,14,0,14 15,0,296,,5040,12,0,14 15,0,365,,5041,14,0,14 15,0,305,,5042,12,,,0
7001,'5501',845,,5043,14,0,14 15,0,296,,5044,12,0,14 15,0,365,,5045,14,0,14 15,0,305,,5046,12,,,0
7001,'5505',845,,5047,14,0,14 15,0,296,,5048,12,0,14 15,0,365,,5049,14,0,14 15,0,305,,5050,12,,,0
7001,'5506',845,,5051,14,0,14 15,0,296,,5052,12,0,14 15,0,365,,5053,14,0,14 15,0,305,,5054,12,,,0
