401,'5475',645,,2702,6,,,0,100,,2703,19,,,0,100,,2704,19,,,0,100,,2705,19,,,0,100,,2706,19,,,0,100,,2707,19,,,0,100,,2708,19,,,0,100,,2700,19,,,0,100,,2701,19,,,0,100,,2698,19,,,0,100,,2697,19,,,0,100,,2699,19,,,0
401,'5501',645,,2715,6,,,0,100,,2716,19,,,0,100,,2717,19,,,0,100,,2718,19,,,0,100,,2719,19,,,0,100,,2720,19,,,0,100,,2721,19,,,0,100,,2713,19,,,0,100,,2714,19,,,0,100,,2711,19,,,0,100,,2710,19,,,0,100,,2712,19,,,0
401,'5503',845,,2722,19,,,0,100,,2724,19,,,0,100,,2725,19,,,0,100,,2723,19,,,0,100,,2727,19,,,0,100,,2726,19,,,0,100,,2728,19,,,0,100,,2729,19,,,0,100,,2730,19,,,0,100,,2731,19,,,0
401,'5505',645,,2739,6,,,0,100,,2740,19,,,0,100,,2741,19,,,0,100,,2742,19,,,0,100,,2743,19,,,0,100,,2744,19,,,0,100,,2745,19,,,0,100,,2737,19,,,0,100,,2738,19,,,0,100,,2735,19,,,0,100,,2734,19,,,0,100,,2736,19,,,0
401,'5506',645,,2752,6,,,0,100,,2753,19,,,0,100,,2754,19,,,0,100,,2755,19,,,0,100,,2756,19,,,0,100,,2757,19,,,0,100,,2758,19,,,0,100,,2750,19,,,0,100,,2751,19,,,0,100,,2748,19,,,0,100,,2747,19,,,0,100,,2749,19,,,0
401,'5508',645,,2765,6,,,0,100,,2766,19,,,0,100,,2767,19,,,0,100,,2768,19,,,0,100,,2769,19,,,0,100,,2770,19,,,0,100,,2771,19,,,0,100,,2763,19,,,0,100,,2764,19,,,0,100,,2761,19,,,0,100,,2760,19,,,0,100,,2762,19,,,0
1100,'5475',1836,,3100,9,,,0
1100,'5501',1836,,3103,9,,,0
1100,'5505',1836,,3106,9,,,0
1100,'5506',1836,,3109,9,,,0
3001,'5475',746,,3310,11,,,0,311,,3311,9,,,0,185,,3314,9,,,0,294,,3312,11,,,0,171,,3313,9,,,0
3001,'5501',746,,3315,11,,,0,311,,3316,9,,,0,185,,3319,9,,,0,294,,3317,11,,,0,171,,3318,9,,,0
3001,'5503',846,,3320,11,,,0,211,,3321,9,,,0,185,,3322,9,,,0,294,,3323,11,,,0,171,,3324,9,,,0
3001,'5505',746,,3325,11,,,0,311,,3326,9,,,0,185,,3329,9,,,0,294,,3327,11,,,0,171,,3328,9,,,0
3001,'5506',746,,3330,11,,,0,311,,3331,9,,,0,185,,3334,9,,,0,294,,3332,11,,,0,171,,3333,9,,,0
3001,'5508',746,,3335,11,,,0,311,,3336,9,,,0,185,,3339,9,,,0,294,,3337,11,,,0,171,,3338,9,,,0
7001,'5475',841,,3388,10,0,14 15,0,296,,3389,8,0,14 15,0,365,,3390,10,0,14 15,0,305,,3391,8,,,0
7001,'5501',841,,3392,10,0,14 15,0,296,,3393,8,0,14 15,0,365,,3394,10,0,14 15,0,305,,3395,8,,,0
7001,'5505',841,,3396,10,0,14 15,0,296,,3397,8,0,14 15,0,365,,3398,10,0,14 15,0,305,,3399,8,,,0
7001,'5506',841,,3400,10,0,14 15,0,296,,3401,8,0,14 15,0,365,,3402,10,0,14 15,0,305,,3403,8,,,0
