100,'5475',646,,3820,35,,,0,100,,3821,35,,,0,100,,3822,27,,,0,100,,3823,35,,,0,100,,3824,35,,,0,100,,3825,35,,,0,100,,3826,35,,,0,100,,3827,35,,,0,100,,3828,35,,,0,100,,3829,35,,,0,100,,3830,35,,,0,100,,3831,35,,,0
100,'5501',646,,3833,35,,,0,100,,3834,35,,,0,100,,3835,27,,,0,100,,3836,35,,,0,100,,3837,35,,,0,100,,3838,35,,,0,100,,3839,35,,,0,100,,3840,35,,,0,100,,3841,35,,,0,100,,3842,35,,,0,100,,3843,35,,,0,100,,3844,35,,,0
100,'5503',846,,3846,27,,,0,100,,3848,35,,,0,100,,3852,35,,,0,100,,3856,35,,,0,100,,3849,35,,,0,100,,3847,35,,,0,100,,3853,35,,,0,100,,3851,35,,,0,100,,3850,35,,,0,100,,3855,35,,,0
100,'5505',646,,3857,35,,,0,100,,3858,35,,,0,100,,3859,27,,,0,100,,3860,35,,,0,100,,3861,35,,,0,100,,3862,35,,,0,100,,3863,35,,,0,100,,3864,35,,,0,100,,3865,35,,,0,100,,3866,35,,,0,100,,3867,35,,,0,100,,3868,35,,,0
100,'5506',646,,3870,35,,,0,100,,3871,35,,,0,100,,3872,27,,,0,100,,3873,35,,,0,100,,3874,35,,,0,100,,3875,35,,,0,100,,3876,35,,,0,100,,3877,35,,,0,100,,3878,35,,,0,100,,3879,35,,,0,100,,3880,35,,,0,100,,3881,35,,,0
100,'5508',646,,3883,35,,,0,100,,3884,35,,,0,100,,3885,27,,,0,100,,3886,35,,,0,100,,3887,35,,,0,100,,3888,35,,,0,100,,3889,35,,,0,100,,3890,35,,,0,100,,3891,35,,,0,100,,3892,35,,,0,100,,3893,35,,,0,100,,3894,35,,,0
1600,'5504',914,,4852,25,0,16 18,0,100,,4855,31,,,0,100,,4854,31,,,0,100,,4853,31,,,0,100,,4856,31,,,0,100,,4857,31,,,0,100,,4858,31,,,0,100,,4859,31,,,0,100,,4860,31,,,0
3000,'5475',815,,4932,19,,,0,311,,4931,19,,,0,184,,4935,19,,,0,295,,4933,19,,,0,132,,4934,19,,,0
3000,'5501',815,,4937,19,,,0,311,,4936,19,,,0,184,,4940,19,,,0,295,,4938,19,,,0,132,,4939,19,,,0
3000,'5503',915,,4941,19,,,0,211,,4942,19,,,0,184,,4944,19,,,0,295,,4943,19,,,0,132,,4945,19,,,0
3000,'5505',815,,4947,19,,,0,311,,4946,19,,,0,184,,4950,19,,,0,295,,4948,19,,,0,132,,4949,19,,,0
3000,'5506',815,,4952,19,,,0,311,,4951,19,,,0,184,,4955,19,,,0,295,,4953,19,,,0,132,,4954,19,,,0
3000,'5508',815,,4957,19,,,0,311,,4956,19,,,0,184,,4960,19,,,0,295,,4958,19,,,0,132,,4959,19,,,0
7000,'5475',615,,5023,38,,,0,305,,5024,21,,,0,324,,5025,21,,,0,300,,5026,21,,,0
7000,'5501',615,,5027,38,,,0,305,,5028,21,,,0,324,,5029,21,,,0,300,,5030,21,,,0
7000,'5505',615,,5031,38,,,0,305,,5032,21,,,0,324,,5033,21,,,0,300,,5034,21,,,0
7000,'5506',615,,5035,38,,,0,305,,5036,21,,,0,324,,5037,21,,,0,300,,5038,21,,,0
1000100,'5475',1917,,5055,31,,,0,30,,5066,31,,,0,70,,5064,31,,,0,30,,5065,31,,,0,70,,5061,31,,,0,30,,5063,31,,,0,70,,5062,31,,,0,30,,5060,31,,,0,170,,5057,31,,,0,30,,5059,31,,,0,70,,5056,31,,,0,30,,5058,31,,,0
