300,'5475',806,,4119,17,0,11 12,0
300,'5501',806,,4132,17,0,11 12,0
300,'5503',806,,4145,11,0,11 12,0
300,'5505',806,,4156,17,0,11 12,0
300,'5506',806,,4169,17,0,11 12,0
300,'5508',806,,4182,17,0,11 12,0
400,'5475',723,,4270,31,,,0,100,,4275,31,,,0,100,,4276,31,,,0,100,,4277,31,,,0,100,,4279,31,,,0,100,,4280,31,,,0,100,,4281,31,,,0,100,,4282,31,,,0,100,,4278,31,,,0,100,,4273,31,,,0,100,,4274,31,,,0,110,,4271,16,,,0
400,'5501',723,,4283,31,,,0,100,,4288,31,,,0,100,,4289,31,,,0,100,,4290,31,,,0,100,,4292,31,,,0,100,,4293,31,,,0,100,,4294,31,,,0,100,,4295,31,,,0,100,,4291,31,,,0,100,,4286,31,,,0,100,,4287,31,,,0,110,,4284,16,,,0
400,'5503',823,,4299,31,,,0,100,,4302,31,,,0,100,,4296,31,,,0,100,,4297,31,,,0,100,,4300,31,,,0,100,,4301,31,,,0,100,,4298,31,,,0,100,,4303,31,,,0,100,,4304,31,,,0,100,,4305,31,,,0,110,,4307,16,,,0
400,'5505',723,,4308,31,,,0,100,,4313,31,,,0,100,,4314,31,,,0,100,,4315,31,,,0,100,,4317,31,,,0,100,,4318,31,,,0,100,,4319,31,,,0,100,,4320,31,,,0,100,,4316,31,,,0,100,,4311,31,,,0,100,,4312,31,,,0,110,,4309,16,,,0
400,'5506',723,,4321,31,,,0,100,,4326,31,,,0,100,,4327,31,,,0,100,,4328,31,,,0,100,,4330,31,,,0,100,,4331,31,,,0,100,,4332,31,,,0,100,,4333,31,,,0,100,,4329,31,,,0,100,,4324,31,,,0,100,,4325,31,,,0,110,,4322,16,,,0
400,'5508',723,,4334,31,,,0,100,,4339,31,,,0,100,,4340,31,,,0,100,,4341,31,,,0,100,,4343,31,,,0,100,,4344,31,,,0,100,,4345,31,,,0,100,,4346,31,,,0,100,,4342,31,,,0,100,,4337,31,,,0,100,,4338,31,,,0,110,,4335,16,,,0
1500,'5475',1857,,4773,14,0,14 15,0,164,,4776,14,0,13,0,123,,4778,14,0,13,0,85,,4780,14,0,13,0,180,,4783,14,0,13,0,124,,4781,14,0,13,0
1500,'5501',1857,,4785,14,0,14 15,0,164,,4788,14,0,13,0,123,,4790,14,0,13,0,85,,4792,14,0,13,0
1500,'5503',1857,,4793,14,0,13,0,164,,4795,14,0,13,0,123,,4797,14,0,13,0,85,,4799,14,0,13,0
1500,'5505',1857,,4800,14,0,14 15,0,164,,4803,14,0,13,0,123,,4805,14,0,13,0,85,,4807,14,0,13,0
1500,'5506',1857,,4808,14,0,14 15,0,164,,4811,14,0,13,0,123,,4813,14,0,13,0,85,,4815,14,0,13,0
1500,'5508',1857,,4816,14,0,14 15,0,164,,4819,14,0,13,0,123,,4821,14,0,13,0,85,,4823,14,0,13,0
1501,'5475',1932,,4824,26,0,7,0,124,,4826,26,0,7,0,388,,4831,26,0,7,0,164,,4829,26,0,7,0
1501,'5501',1932,,4832,26,0,7,0,124,,4834,26,0,7,0
1501,'5503',1932,,4837,26,0,7,0,124,,4838,26,0,7,0
1501,'5505',1932,,4840,26,0,7,0,124,,4842,26,0,7,0
1501,'5506',1932,,4844,26,0,7,0,124,,4846,26,0,7,0
1501,'5508',1932,,4848,26,0,7,0,124,,4850,26,0,7,0
