500,'5475',713,,2772,6,,,0,30,,2794,6,,,0,70,,2774,6,,,0,30,,2792,6,,,0,70,,2775,6,,,0,30,,2782,6,,,0,70,,2776,6,,,0,30,,2783,6,,,0,70,,2773,6,,,0,30,,2784,6,,,0,70,,2778,6,,,0,30,,2785,6,,,0,70,,2777,6,,,0,30,,2786,6,,,0,70,,2779,6,,,0,30,,2788,6,,,0,70,,2780,6,,,0,30,,2795,6,,,0,70,,2781,6,,,0,30,,2793,6,,,0,70,,2787,6,,,0,30,,2789,6,,,0,70,,2790,6,,,0,30,,2791,6,0,13,0
500,'5501',713,,2796,6,,,0,30,,2818,6,0,11 12,0,70,,2798,6,,,0,34,,2816,6,,,0,66,,2799,6,,,0,30,,2806,6,,,0,70,,2800,6,,,0,30,,2807,6,,,0,70,,2797,6,,,0,30,,2808,6,,,0,70,,2802,6,,,0,30,,2809,6,,,0,70,,2801,6,,,0,30,,2810,6,,,0,70,,2803,6,,,0,30,,2812,6,,,0,70,,2804,6,,,0,40,,2819,6,,,0,60,,2805,6,,,0,33,,2817,6,,,0,67,,2811,6,,,0,30,,2813,6,,,0,70,,2814,6,,,0,30,,2815,6,0,13,0
500,'5503',913,,2820,6,,,0,30,,2836,6,,,0,70,,2825,6,,,0,30,,2833,6,,,0,70,,2826,6,,,0,30,,2834,6,,,0,70,,2828,6,,,0,30,,2832,6,,,0,70,,2829,6,,,0,30,,2835,6,,,0,70,,2827,6,,,0,30,,2837,6,,,0,70,,2824,6,,,0,30,,2831,6,,,0,70,,2823,6,,,0,30,,2830,6,,,0,70,,2821,6,,,0,30,,2838,6,,,0,70,,2822,6,,,0,30,,2839,6,0,13,0
500,'5504',1243,,2840,6,,,0,100,,2841,6,,,0,100,,2842,6,,,0,100,,2843,6,,,0
500,'5505',713,,2844,6,,,0,30,,2866,6,0,11 12,0,70,,2846,6,,,0,34,,2864,6,,,0,66,,2847,6,,,0,30,,2854,6,,,0,70,,2848,6,,,0,30,,2855,6,,,0,70,,2845,6,,,0,30,,2856,6,,,0,70,,2850,6,,,0,30,,2857,6,,,0,70,,2849,6,,,0,30,,2858,6,,,0,70,,2851,6,,,0,30,,2860,6,,,0,70,,2852,6,,,0,40,,2867,6,,,0,60,,2853,6,,,0,33,,2865,6,,,0,67,,2859,6,,,0,30,,2861,6,,,0,70,,2862,6,,,0,30,,2863,6,0,13,0
500,'5506',713,,2868,6,,,0,30,,2890,6,,,0,70,,2870,6,,,0,30,,2888,6,,,0,70,,2871,6,,,0,30,,2878,6,,,0,70,,2872,6,,,0,30,,2879,6,,,0,70,,2869,6,,,0,30,,2880,6,,,0,70,,2874,6,,,0,30,,2881,6,,,0,70,,2873,6,,,0,30,,2882,6,,,0,70,,2875,6,,,0,30,,2884,6,,,0,70,,2876,6,,,0,30,,2891,6,,,0,70,,2877,6,,,0,30,,2889,6,,,0,70,,2883,6,,,0,30,,2885,6,,,0,70,,2886,6,,,0,30,,2887,6,0,13,0
500,'5508',713,,2892,6,,,0,30,,2914,6,,,0,70,,2894,6,,,0,30,,2912,6,,,0,70,,2895,6,,,0,30,,2902,6,,,0,70,,2896,6,,,0,30,,2903,6,,,0,70,,2893,6,,,0,30,,2904,6,,,0,70,,2898,6,,,0,30,,2905,6,,,0,70,,2897,6,,,0,30,,2906,6,,,0,70,,2899,6,,,0,30,,2908,6,,,0,70,,2900,6,,,0,30,,2915,6,,,0,70,,2901,6,,,0,30,,2913,6,,,0,70,,2907,6,,,0,30,,2909,6,,,0,70,,2910,6,,,0,30,,2911,6,0,13,0
1500,'5475',1911,,3123,13,0,13,0,124,,3125,39,0,13,0,123,,3127,39,0,13,0,85,,3129,39,0,13,0,181,,3132,39,0,13,0,124,,3130,39,0,13,0
1500,'5501',1911,,3135,13,0,13,0,124,,3137,39,0,13,0,123,,3139,39,0,13,0,85,,3141,39,0,13,0
1500,'5503',1911,,3142,39,0,13,0,124,,3144,39,0,13,0,123,,3146,39,0,13,0,85,,3148,39,0,13,0
1500,'5505',1911,,3150,13,0,13,0,124,,3152,39,0,13,0,123,,3154,39,0,13,0,85,,3156,39,0,13,0
1500,'5506',1911,,3158,13,0,13,0,124,,3160,39,0,13,0,123,,3162,39,0,13,0,85,,3164,39,0,13,0
1500,'5508',1911,,3166,13,0,13,0,124,,3168,39,0,13,0,123,,3170,39,0,13,0,85,,3172,39,0,13,0
7000,'5475',557,,3372,12,,,0
7000,'5501',557,,3376,12,,,0
7000,'5505',557,,3380,12,,,0
7000,'5506',557,,3384,12,,,0
