100,'5475',635,,2169,22,,,0,100,,2170,22,,,0,100,,2171,14,,,0,100,,2172,22,,,0,100,,2173,22,,,0,100,,2174,22,,,0,100,,2175,22,,,0,100,,2176,22,,,0,100,,2177,22,,,0,100,,2178,22,,,0,100,,2179,22,,,0,100,,2180,22,,,0
100,'5501',635,,2182,22,,,0,100,,2183,22,,,0,100,,2184,14,,,0,100,,2185,22,,,0,100,,2186,22,,,0,100,,2187,22,,,0,100,,2188,22,,,0,100,,2189,22,,,0,100,,2190,22,,,0,100,,2191,22,,,0,100,,2192,22,,,0,100,,2193,22,,,0
100,'5503',835,,2195,14,,,0,100,,2197,22,,,0,100,,2201,22,,,0,100,,2205,22,,,0,100,,2198,22,,,0,100,,2196,22,,,0,100,,2202,22,,,0,100,,2200,22,,,0,100,,2199,22,,,0,100,,2204,22,,,0
100,'5505',635,,2206,22,,,0,100,,2207,22,,,0,100,,2208,14,,,0,100,,2209,22,,,0,100,,2210,22,,,0,100,,2211,22,,,0,100,,2212,22,,,0,100,,2213,22,,,0,100,,2214,22,,,0,100,,2215,22,,,0,100,,2216,22,,,0,100,,2217,22,,,0
100,'5506',635,,2219,22,,,0,100,,2220,22,,,0,100,,2221,14,,,0,100,,2222,22,,,0,100,,2223,22,,,0,100,,2224,22,,,0,100,,2225,22,,,0,100,,2226,22,,,0,100,,2227,22,,,0,100,,2228,22,,,0,100,,2229,22,,,0,100,,2230,22,,,0
100,'5508',635,,2232,22,,,0,100,,2233,22,,,0,100,,2234,14,,,0,100,,2235,22,,,0,100,,2236,22,,,0,100,,2237,22,,,0,100,,2238,22,,,0,100,,2239,22,,,0,100,,2240,22,,,0,100,,2241,22,,,0,100,,2242,22,,,0,100,,2243,22,,,0
300,'5475',705,,2467,16,,,0,109,,2468,30,0,11 12,0,91,,2469,16,,,0,100,,2470,16,,,0,100,,2472,16,,,0,100,,2471,16,,,0,100,,2473,16,,,0,100,,2474,16,,,0,100,,2475,16,,,0,100,,2476,16,,,0,100,,2477,16,,,0,100,,2478,16,0,7 6,0
300,'5501',705,,2480,16,,,0,109,,2481,30,0,11 12,0,91,,2482,16,,,0,100,,2483,16,,,0,100,,2485,16,,,0,100,,2484,16,,,0,100,,2486,16,,,0,100,,2487,16,,,0,100,,2488,16,,,0,100,,2489,16,,,0,100,,2490,16,,,0,100,,2491,16,0,7 6,0
300,'5503',814,,2494,24,0,11 12,0,91,,2495,16,,,0,100,,2496,16,,,0,100,,2493,16,,,0,100,,2497,16,,,0,100,,2498,16,,,0,100,,2499,16,,,0,100,,2500,16,,,0,100,,2501,16,,,0,100,,2502,16,,,0,100,,2503,16,,,0
300,'5505',705,,2504,16,,,0,109,,2505,30,0,11 12,0,91,,2506,16,,,0,100,,2507,16,,,0,100,,2509,16,,,0,100,,2508,16,,,0,100,,2510,16,,,0,100,,2511,16,,,0,100,,2512,16,,,0,100,,2513,16,,,0,100,,2514,16,,,0,100,,2515,16,0,7 6,0
300,'5506',705,,2517,16,,,0,109,,2518,30,0,11 12,0,91,,2519,16,,,0,100,,2520,16,,,0,100,,2522,16,,,0,100,,2521,16,,,0,100,,2523,16,,,0,100,,2524,16,,,0,100,,2525,16,,,0,100,,2526,16,,,0,100,,2527,16,,,0,100,,2528,16,0,7 6,0
300,'5508',705,,2530,16,,,0,109,,2531,30,0,11 12,0,91,,2532,16,,,0,100,,2533,16,,,0,100,,2535,16,,,0,100,,2534,16,,,0,100,,2536,16,,,0,100,,2537,16,,,0,100,,2538,16,,,0,100,,2539,16,,,0,100,,2540,16,,,0,100,,2541,16,0,7 6,0
1501,'5475',1935,,3173,32,0,7,0,124,,3175,32,0,7,0,388,,3180,32,0,7,0,164,,3178,32,0,7,0
1501,'5501',1935,,3181,32,0,7,0,124,,3183,32,0,7,0
1501,'5503',1935,,3186,32,0,7,0,124,,3187,32,0,7,0
1501,'5505',1935,,3189,32,0,7,0,124,,3191,32,0,7,0
1501,'5506',1935,,3193,32,0,7,0,124,,3195,32,0,7,0
1501,'5508',1935,,3197,32,0,7,0,124,,3199,32,0,7,0
1600,'5504',906,,3201,12,0,16 18,0,100,,3204,18,,,0,100,,3203,18,,,0,100,,3202,18,,,0,100,,3205,18,,,0,100,,3206,18,,,0,100,,3207,18,,,0,100,,3208,18,,,0,100,,3209,18,,,0
7000,'5475',607,,3372,25,,,0,305,,3373,8,,,0,324,,3374,8,,,0,300,,3375,8,,,0
7000,'5501',607,,3376,25,,,0,305,,3377,8,,,0,324,,3378,8,,,0,300,,3379,8,,,0
7000,'5505',607,,3380,25,,,0,305,,3381,8,,,0,324,,3382,8,,,0,300,,3383,8,,,0
7000,'5506',607,,3384,25,,,0,305,,3385,8,,,0,324,,3386,8,,,0,300,,3387,8,,,0
