300,'5475',714,,2467,28,,,0,200,,2469,28,,,0,100,,2470,28,,,0,100,,2472,28,,,0,100,,2471,28,,,0,100,,2473,28,,,0,100,,2474,28,,,0,100,,2475,28,,,0,100,,2476,28,,,0,100,,2477,28,,,0,100,,2479,5,,,0
300,'5501',714,,2480,28,,,0,200,,2482,28,,,0,100,,2483,28,,,0,100,,2485,28,,,0,100,,2484,28,,,0,100,,2486,28,,,0,100,,2487,28,,,0,100,,2488,28,,,0,100,,2489,28,,,0,100,,2490,28,,,0,100,,2492,5,,,0
300,'5503',914,,2495,28,,,0,100,,2496,28,,,0,100,,2493,28,,,0,100,,2497,28,,,0,100,,2498,28,,,0,100,,2499,28,,,0,100,,2500,28,,,0,100,,2501,28,,,0,100,,2502,28,,,0,100,,2503,28,,,0
300,'5505',714,,2504,28,,,0,200,,2506,28,,,0,100,,2507,28,,,0,100,,2509,28,,,0,100,,2508,28,,,0,100,,2510,28,,,0,100,,2511,28,,,0,100,,2512,28,,,0,100,,2513,28,,,0,100,,2514,28,,,0,100,,2516,5,,,0
300,'5506',714,,2517,28,,,0,200,,2519,28,,,0,100,,2520,28,,,0,100,,2522,28,,,0,100,,2521,28,,,0,100,,2523,28,,,0,100,,2524,28,,,0,100,,2525,28,,,0,100,,2526,28,,,0,100,,2527,28,,,0,100,,2529,5,,,0
300,'5508',714,,2530,28,,,0,200,,2532,28,,,0,100,,2533,28,,,0,100,,2535,28,,,0,100,,2534,28,,,0,100,,2536,28,,,0,100,,2537,28,,,0,100,,2538,28,,,0,100,,2539,28,,,0,100,,2540,28,,,0,100,,2542,5,,,0
1000,'5475',650,,3060,20,,,0,162,,3061,20,,,0,430,,3062,20,,,0,407,,3063,20,,,0
1000,'5501',650,,3064,20,,,0,162,,3065,20,,,0,430,,3066,20,,,0,407,,3067,20,,,0
1000,'5503',812,,3068,20,,,0,430,,3069,20,,,0,407,,3070,20,,,0
1000,'5505',650,,3071,20,,,0,162,,3072,20,,,0,430,,3073,20,,,0,407,,3074,20,,,0
1000,'5506',650,,3075,20,,,0,162,,3076,20,,,0,430,,3077,20,,,0,407,,3078,20,,,0
