3001,'5475',726,,4961,6,,,0,315,,4962,6,,,0,185,,4965,6,,,0,290,,4963,6,,,0,135,,4964,6,,,0
3001,'5501',726,,4966,6,,,0,315,,4967,6,,,0,185,,4970,6,,,0,290,,4968,6,,,0,135,,4969,6,,,0
3001,'5503',826,,4971,6,,,0,215,,4972,6,,,0,185,,4973,6,,,0,290,,4974,6,,,0,135,,4975,6,,,0
3001,'5505',726,,4976,6,,,0,315,,4977,6,,,0,185,,4980,6,,,0,290,,4978,6,,,0,135,,4979,6,,,0
3001,'5506',726,,4981,6,,,0,315,,4982,6,,,0,185,,4985,6,,,0,290,,4983,6,,,0,135,,4984,6,,,0
3001,'5508',726,,4986,6,,,0,315,,4987,6,,,0,185,,4990,6,,,0,290,,4988,6,,,0,135,,4989,6,,,0
7001,'5475',828,,5039,7,0,14 15,0,296,,5040,5,0,14 15,0,325,,5041,7,0,14 15,0,305,,5042,5,,,0
7001,'5501',828,,5043,7,0,14 15,0,296,,5044,5,0,14 15,0,325,,5045,7,0,14 15,0,305,,5046,5,,,0
7001,'5505',828,,5047,7,0,14 15,0,296,,5048,5,0,14 15,0,325,,5049,7,0,14 15,0,305,,5050,5,,,0
7001,'5506',828,,5051,7,0,14 15,0,296,,5052,5,0,14 15,0,325,,5053,7,0,14 15,0,305,,5054,5,,,0
