401,'5475',738,,4354,11,,,0,100,,4355,11,,,0,100,,4356,11,,,0,100,,4357,11,,,0,100,,4358,11,,,0,100,,4359,11,,,0,100,,4351,11,,,0,100,,4352,11,,,0,100,,4349,11,,,0,100,,4348,11,,,0,100,,4350,11,,,0,108,,4347,11,0,7 6,0
401,'5501',738,,4367,11,,,0,100,,4368,11,,,0,100,,4369,11,,,0,100,,4370,11,,,0,100,,4371,11,,,0,100,,4372,11,,,0,100,,4364,11,,,0,100,,4365,11,,,0,100,,4362,11,,,0,100,,4361,11,,,0,100,,4363,11,,,0,108,,4360,11,0,7 6,0
401,'5503',838,,4373,11,,,0,100,,4375,11,,,0,100,,4376,11,,,0,100,,4374,11,,,0,100,,4378,11,,,0,100,,4377,11,,,0,100,,4379,11,,,0,100,,4380,11,,,0,100,,4381,11,,,0,100,,4382,11,,,0,108,,4383,11,0,7 6,0
401,'5505',738,,4391,11,,,0,100,,4392,11,,,0,100,,4393,11,,,0,100,,4394,11,,,0,100,,4395,11,,,0,100,,4396,11,,,0,100,,4388,11,,,0,100,,4389,11,,,0,100,,4386,11,,,0,100,,4385,11,,,0,100,,4387,11,,,0,108,,4384,11,0,7 6,0
401,'5506',738,,4404,11,,,0,100,,4405,11,,,0,100,,4406,11,,,0,100,,4407,11,,,0,100,,4408,11,,,0,100,,4409,11,,,0,100,,4401,11,,,0,100,,4402,11,,,0,100,,4399,11,,,0,100,,4398,11,,,0,100,,4400,11,,,0,108,,4397,11,0,7 6,0
401,'5508',738,,4417,11,,,0,100,,4418,11,,,0,100,,4419,11,,,0,100,,4420,11,,,0,100,,4421,11,,,0,100,,4422,11,,,0,100,,4414,11,,,0,100,,4415,11,,,0,100,,4412,11,,,0,100,,4411,11,,,0,100,,4413,11,,,0,108,,4410,11,0,7 6,0
1000,'5475',646,,4711,9,,,0,162,,4712,9,,,0,429,,4713,9,,,0,407,,4714,9,,,0
1000,'5501',646,,4715,9,,,0,162,,4716,9,,,0,429,,4717,9,,,0,407,,4718,9,,,0
1000,'5503',808,,4719,9,,,0,429,,4720,9,,,0,407,,4721,9,,,0
1000,'5505',646,,4722,9,,,0,162,,4723,9,,,0,429,,4724,9,,,0,407,,4725,9,,,0
1000,'5506',646,,4726,9,,,0,162,,4727,9,,,0,429,,4728,9,,,0,407,,4729,9,,,0
