300,'5475',648,,2467,1,,,0,100,,2468,1,0,11 12,0,100,,2469,1,,,0,100,,2470,1,,,0,100,,2472,1,,,0,100,,2471,1,,,0,100,,2473,1,,,0,100,,2474,1,,,0,100,,2475,1,,,0,100,,2476,1,,,0,100,,2477,1,,,0,100,,2478,1,0,7 6,0
300,'5501',648,,2480,1,,,0,100,,2481,1,0,11 12,0,100,,2482,1,,,0,100,,2483,1,,,0,100,,2485,1,,,0,100,,2484,1,,,0,100,,2486,1,,,0,100,,2487,1,,,0,100,,2488,1,,,0,100,,2489,1,,,0,100,,2490,1,,,0,100,,2491,1,0,7 6,0
300,'5503',848,,2495,1,,,0,100,,2496,1,,,0,100,,2493,1,,,0,100,,2497,1,,,0,100,,2498,1,,,0,100,,2499,1,,,0,100,,2500,1,,,0,100,,2501,1,,,0,100,,2502,1,,,0,100,,2503,1,,,0
300,'5505',648,,2504,1,,,0,100,,2505,1,0,11 12,0,100,,2506,1,,,0,100,,2507,1,,,0,100,,2509,1,,,0,100,,2508,1,,,0,100,,2510,1,,,0,100,,2511,1,,,0,100,,2512,1,,,0,100,,2513,1,,,0,100,,2514,1,,,0,100,,2515,1,0,7 6,0
300,'5506',648,,2517,1,,,0,100,,2518,1,0,11 12,0,100,,2519,1,,,0,100,,2520,1,,,0,100,,2522,1,,,0,100,,2521,1,,,0,100,,2523,1,,,0,100,,2524,1,,,0,100,,2525,1,,,0,100,,2526,1,,,0,100,,2527,1,,,0,100,,2528,1,0,7 6,0
300,'5508',648,,2530,1,,,0,100,,2531,1,0,11 12,0,100,,2532,1,,,0,100,,2533,1,,,0,100,,2535,1,,,0,100,,2534,1,,,0,100,,2536,1,,,0,100,,2537,1,,,0,100,,2538,1,,,0,100,,2539,1,,,0,100,,2540,1,,,0,100,,2541,1,0,7 6,0
301,'5475',648,,2543,27,4,,0,100,,2544,37,4,,0,100,,2545,30,4,,0,100,,2546,37,4,,0,100,,2547,37,4,,0,100,,2548,37,4,,0,100,,2549,37,4,,0,100,,2550,37,4,,0,100,,2551,37,4,,0,100,,2552,37,4,,0,100,,2553,37,4,,0,100,,2554,37,4,,0
301,'5501',648,,2556,27,4,,0,100,,2557,37,4,,0,100,,2558,30,4,,0,100,,2559,37,4,,0,100,,2560,37,4,,0,100,,2561,37,4,,0,100,,2562,37,4,,0,100,,2563,37,4,,0,100,,2564,37,4,,0,100,,2565,37,4,,0,100,,2566,37,4,,0,100,,2567,37,4,,0
301,'5503',848,,2570,30,4,,0,100,,2569,37,4,,0,100,,2572,37,4,,0,100,,2571,37,4,,0,100,,2573,37,4,,0,100,,2574,37,4,,0,100,,2575,37,4,,0,100,,2576,37,4,,0,100,,2577,37,4,,0,100,,2579,37,4,,0
301,'5505',648,,2580,27,4,,0,100,,2581,37,4,,0,100,,2582,30,4,,0,100,,2583,37,4,,0,100,,2584,37,4,,0,100,,2585,37,4,,0,100,,2586,37,4,,0,100,,2587,37,4,,0,100,,2588,37,4,,0,100,,2589,37,4,,0,100,,2590,37,4,,0,100,,2591,37,4,,0
301,'5506',648,,2593,27,4,,0,100,,2594,37,4,,0,100,,2595,30,4,,0,100,,2596,37,4,,0,100,,2597,37,4,,0,100,,2598,37,4,,0,100,,2599,37,4,,0,100,,2600,37,4,,0,100,,2601,37,4,,0,100,,2602,37,4,,0,100,,2603,37,4,,0,100,,2604,37,4,,0
301,'5508',648,,2606,27,4,,0,100,,2607,37,4,,0,100,,2608,30,4,,0,100,,2609,37,4,,0,100,,2610,37,4,,0,100,,2611,37,4,,0,100,,2612,37,4,,0,100,,2613,37,4,,0,100,,2614,37,4,,0,100,,2615,37,4,,0,100,,2616,37,4,,0,100,,2617,37,4,,0
1600,'5504',949,,3204,1,,,0,100,,3203,1,,,0,100,,3202,1,,,0,100,,3205,1,,,0,100,,3206,1,,,0,100,,3207,1,,,0,100,,3208,1,,,0,100,,3209,1,,,0,100,,3210,1,,,0
1601,'5504',949,,3211,34,4,,0,100,,3213,34,4,,0,100,,3212,34,4,,0,100,,3214,34,4,,0,100,,3216,34,4,,0,100,,3215,34,4,,0,100,,3217,34,4,,0,100,,3218,34,4,,0,100,,3219,34,4,,0
1000100,'5475',1904,,3404,11,,,0,30,,3415,11,,,0,70,,3413,11,,,0,30,,3414,11,,,0,70,,3410,11,,,0,30,,3412,11,,,0,70,,3411,11,,,0,30,,3409,11,,,0,170,,3406,11,,,0,30,,3408,11,,,0,70,,3405,11,,,0,30,,3407,11,,,0
