501,'5475',655,,4567,9,,,0,70,,4577,9,,,0,30,,4568,11,,,0,70,,4589,11,,,0,30,,4570,11,,,0,70,,4578,11,,,0,30,,4571,11,,,0,70,,4579,11,,,0,30,,4572,11,,,0,70,,4580,11,,,0,30,,4569,11,,,0,70,,4581,11,,,0,30,,4574,11,,,0,70,,4582,11,,,0,30,,4573,11,,,0,70,,4583,11,,,0,30,,4575,11,,,0,70,,4590,11,,,0,30,,4576,11,,,0,70,,4588,11,,,0,30,,4584,11,,,0,70,,4585,11,,,0,30,,4586,11,,,0,70,,4587,11,,,0
501,'5501',655,,4591,9,,,0,70,,4601,9,,,0,30,,4592,11,,,0,74,,4613,11,,,0,26,,4594,11,,,0,70,,4602,11,,,0,30,,4595,11,,,0,70,,4603,11,,,0,30,,4596,11,,,0,70,,4604,11,,,0,30,,4593,11,,,0,70,,4605,11,,,0,30,,4598,11,,,0,70,,4606,11,,,0,30,,4597,11,,,0,70,,4607,11,,,0,30,,4599,11,,,0,80,,4614,27,0,11 12,0,20,,4600,11,,,0,73,,4612,11,,,0,27,,4608,11,,,0,70,,4609,11,,,0,30,,4610,11,,,0,70,,4611,11,,,0
501,'5503',855,,4620,9,,,0,70,,4631,9,,,0,30,,4622,11,,,0,70,,4632,11,,,0,30,,4623,11,,,0,70,,4628,11,,,0,30,,4619,11,,,0,70,,4629,11,,,0,30,,4624,11,,,0,70,,4630,11,,,0,30,,4615,11,,,0,70,,4633,11,,,0,30,,4616,11,,,0,70,,4634,11,,,0,30,,4617,11,,,0,70,,4625,11,,,0,30,,4618,11,,,0,70,,4626,11,,,0,30,,4621,11,,,0,70,,4627,11,,,0
501,'5504',1225,,4635,11,,,0,100,,4636,11,,,0,100,,4637,11,,,0,100,,4638,11,,,0
501,'5505',655,,4639,9,,,0,70,,4649,9,,,0,30,,4640,11,,,0,74,,4661,11,,,0,26,,4642,11,,,0,70,,4650,11,,,0,30,,4643,11,,,0,70,,4651,11,,,0,30,,4644,11,,,0,70,,4652,11,,,0,30,,4641,11,,,0,70,,4653,11,,,0,30,,4646,11,,,0,70,,4654,11,,,0,30,,4645,11,,,0,70,,4655,11,,,0,30,,4647,11,,,0,80,,4662,27,0,11 12,0,20,,4648,11,,,0,73,,4660,11,,,0,27,,4656,11,,,0,70,,4657,11,,,0,30,,4658,11,,,0,70,,4659,11,,,0
501,'5506',655,,4663,9,,,0,70,,4673,9,,,0,30,,4664,11,,,0,70,,4685,11,,,0,30,,4666,11,,,0,70,,4674,11,,,0,30,,4667,11,,,0,70,,4675,11,,,0,30,,4668,11,,,0,70,,4676,11,,,0,30,,4665,11,,,0,70,,4677,11,,,0,30,,4670,11,,,0,70,,4678,11,,,0,30,,4669,11,,,0,70,,4679,11,,,0,30,,4671,11,,,0,70,,4686,11,,,0,30,,4672,11,,,0,70,,4684,11,,,0,30,,4680,11,,,0,70,,4681,11,,,0,30,,4682,11,,,0,70,,4683,11,,,0
501,'5508',655,,4687,9,,,0,70,,4697,9,,,0,30,,4688,11,,,0,70,,4709,11,,,0,30,,4690,11,,,0,70,,4698,11,,,0,30,,4691,11,,,0,70,,4699,11,,,0,30,,4692,11,,,0,70,,4700,11,,,0,30,,4689,11,,,0,70,,4701,11,,,0,30,,4694,11,,,0,70,,4702,11,,,0,30,,4693,11,,,0,70,,4703,11,,,0,30,,4695,11,,,0,70,,4710,11,,,0,30,,4696,11,,,0,70,,4708,11,,,0,30,,4704,11,,,0,70,,4705,11,,,0,30,,4706,11,,,0,70,,4707,11,,,0
1500,'5475',1902,,4773,24,0,14 15,0,124,,4776,24,0,13,0,123,,4778,24,0,13,0,85,,4780,24,0,13,0,181,,4783,24,0,13,0,124,,4781,24,0,13,0
1500,'5501',1902,,4785,24,0,14 15,0,124,,4788,24,0,13,0,123,,4790,24,0,13,0,85,,4792,24,0,13,0
1500,'5503',1902,,4793,24,0,13,0,124,,4795,24,0,13,0,123,,4797,24,0,13,0,85,,4799,24,0,13,0
1500,'5505',1902,,4800,24,0,14 15,0,124,,4803,24,0,13,0,123,,4805,24,0,13,0,85,,4807,24,0,13,0
1500,'5506',1902,,4808,24,0,14 15,0,124,,4811,24,0,13,0,123,,4813,24,0,13,0,85,,4815,24,0,13,0
1500,'5508',1902,,4816,24,0,14 15,0,124,,4819,24,0,13,0,123,,4821,24,0,13,0,85,,4823,24,0,13,0
1601,'5504',934,,4862,19,0,22 18,0,100,,4864,19,0,22 18,0,100,,4863,19,0,22 18,0,100,,4865,19,0,22 18,0,100,,4867,19,0,22 18,0,100,,4866,19,0,22 18,0,100,,4868,19,0,22 18,0,100,,4869,19,0,22 18,0,100,,4870,19,0,22 18,0
1000100,'5475',1927,,5055,48,,,0,30,,5066,48,,,0,70,,5064,48,,,0,30,,5065,48,,,0,70,,5061,48,,,0,30,,5063,48,,,0,70,,5062,48,,,0,30,,5060,48,,,0,170,,5057,48,,,0,30,,5059,48,,,0,70,,5056,48,,,0,30,,5058,48,,,0
