200,'5475',643,,2321,16,,,0,100,,2322,16,,,0,100,,2323,16,,,0,100,,2324,16,,,0,100,,2325,16,,,0,100,,2326,16,,,0,100,,2327,16,,,0,100,,2328,16,,,0,100,,2329,16,,,0,100,,2330,16,,,0,100,,2331,16,,,0,100,,2332,16,,,0
200,'5501',643,,2333,16,,,0,100,,2334,16,,,0,100,,2335,16,,,0,100,,2336,16,,,0,100,,2337,16,,,0,100,,2338,16,,,0,100,,2339,16,,,0,100,,2340,16,,,0,100,,2341,16,,,0,100,,2342,16,,,0,100,,2343,16,,,0,100,,2344,16,,,0
200,'5503',843,,2345,16,,,0,100,,2346,16,,,0,100,,2347,16,,,0,100,,2348,16,,,0,100,,2349,16,,,0,100,,2350,16,,,0,100,,2351,16,,,0,100,,2352,16,,,0,100,,2353,16,,,0,100,,2354,16,,,0
200,'5505',643,,2355,16,,,0,100,,2356,16,,,0,100,,2357,16,,,0,100,,2358,16,,,0,100,,2359,16,,,0,100,,2360,16,,,0,100,,2361,16,,,0,100,,2362,16,,,0,100,,2363,16,,,0,100,,2364,16,,,0,100,,2365,16,,,0,100,,2366,16,,,0
200,'5506',643,,2367,16,,,0,100,,2368,16,,,0,100,,2369,16,,,0,100,,2370,16,,,0,100,,2371,16,,,0,100,,2372,16,,,0,100,,2373,16,,,0,100,,2374,16,,,0,100,,2375,16,,,0,100,,2376,16,,,0,100,,2377,16,,,0,100,,2378,16,,,0
200,'5508',643,,2379,16,,,0,100,,2380,16,,,0,100,,2381,16,,,0,100,,2382,16,,,0,100,,2383,16,,,0,100,,2384,16,,,0,100,,2385,16,,,0,100,,2386,16,,,0,100,,2387,16,,,0,100,,2388,16,,,0,100,,2389,16,,,0,100,,2390,16,,,0
1100,'5475',956,,3098,8,,,0,348,,3099,8,,,0
1100,'5501',956,,3101,8,,,0,348,,3102,8,,,0
1100,'5505',956,,3104,8,,,0,348,,3105,8,,,0
1100,'5506',956,,3107,8,,,0,348,,3108,8,,,0
1500,'5475',2013,,3124,21,,,0,124,,3126,21,,,0,85,,3128,21,,,0,80,,3133,21,,,0,223,,3131,21,,,0
1500,'5501',2013,,3136,21,,,0,124,,3138,21,,,0,85,,3140,21,,,0
1500,'5503',2013,,3143,21,,,0,124,,3145,21,,,0,85,,3147,21,,,0
1500,'5505',2013,,3151,21,,,0,124,,3153,21,,,0,85,,3155,21,,,0
1500,'5506',2013,,3159,21,,,0,124,,3161,21,,,0,85,,3163,21,,,0
1500,'5508',2013,,3167,21,,,0,124,,3169,21,,,0,85,,3171,21,,,0
4000,'5475',843,,3341,28,4,,0,516,,3340,28,4,,0
4000,'5501',843,,3343,28,4,,0,516,,3342,28,4,,0
4000,'5505',843,,3345,28,4,,0,516,,3344,28,4,,0
4000,'5506',843,,3348,28,4,,0,516,,3347,28,4,,0
7001,'5475',844,,3388,12,0,14 15,0,296,,3389,10,0,14 15,0,365,,3390,12,0,14 15,0,305,,3391,10,,,0
7001,'5501',844,,3392,12,0,14 15,0,296,,3393,10,0,14 15,0,365,,3394,12,0,14 15,0,305,,3395,10,,,0
7001,'5505',844,,3396,12,0,14 15,0,296,,3397,10,0,14 15,0,365,,3398,12,0,14 15,0,305,,3399,10,,,0
7001,'5506',844,,3400,12,0,14 15,0,296,,3401,10,0,14 15,0,365,,3402,12,0,14 15,0,305,,3403,10,,,0
