1501,'5475',1919,,3173,8,0,7,0,124,,3175,8,0,7,0,388,,3180,8,0,7,0,124,,3178,8,0,7,0
1501,'5501',1919,,3181,8,0,7,0,124,,3183,8,0,7,0
1501,'5503',1919,,3186,8,0,7,0,124,,3187,8,0,7,0
1501,'5505',1919,,3189,8,0,7,0,124,,3191,8,0,7,0
1501,'5506',1919,,3193,8,0,7,0,124,,3195,8,0,7,0
1501,'5508',1919,,3197,8,0,7,0,124,,3199,8,0,7,0
2000,'5475',750,,3220,17,0,8 9,0,170,,3221,17,0,8 9,0,300,,3222,17,0,8 9,0,428,,3224,9,0,10,0,170,,3223,9,0,10,0
2000,'5501',750,,3225,17,0,8 9,0,170,,3226,17,0,8 9,0,300,,3227,17,0,8 9,0,428,,3229,9,0,10,0,170,,3228,9,0,10,0
2000,'5505',750,,3230,17,0,8 9,0,170,,3231,17,0,8 9,0,300,,3232,17,0,8 9,0,428,,3234,9,0,10,0,170,,3233,9,0,10,0
2000,'5506',750,,3235,17,0,8 9,0,170,,3236,17,0,8 9,0,300,,3237,17,0,8 9,0,428,,3239,9,0,10,0,170,,3238,9,0,10,0
7001,'5475',1828,,3391,38,,,0
7001,'5501',1828,,3395,38,,,0
7001,'5505',1828,,3399,38,,,0
7001,'5506',1828,,3403,38,,,0
