200,'5475',646,,2321,21,,,0,100,,2322,21,,,0,100,,2323,21,,,0,100,,2324,21,,,0,100,,2325,21,,,0,100,,2326,21,,,0,100,,2327,21,,,0,100,,2328,21,,,0,100,,2329,21,,,0,100,,2330,21,,,0,100,,2331,21,,,0,100,,2332,21,,,0
200,'5501',646,,2333,21,,,0,100,,2334,21,,,0,100,,2335,21,,,0,100,,2336,21,,,0,100,,2337,21,,,0,100,,2338,21,,,0,100,,2339,21,,,0,100,,2340,21,,,0,100,,2341,21,,,0,100,,2342,21,,,0,100,,2343,21,,,0,100,,2344,21,,,0
200,'5503',846,,2345,21,,,0,100,,2346,21,,,0,100,,2347,21,,,0,100,,2348,21,,,0,100,,2349,21,,,0,100,,2350,21,,,0,100,,2351,21,,,0,100,,2352,21,,,0,100,,2353,21,,,0,100,,2354,21,,,0
200,'5505',646,,2355,21,,,0,100,,2356,21,,,0,100,,2357,21,,,0,100,,2358,21,,,0,100,,2359,21,,,0,100,,2360,21,,,0,100,,2361,21,,,0,100,,2362,21,,,0,100,,2363,21,,,0,100,,2364,21,,,0,100,,2365,21,,,0,100,,2366,21,,,0
200,'5506',646,,2367,21,,,0,100,,2368,21,,,0,100,,2369,21,,,0,100,,2370,21,,,0,100,,2371,21,,,0,100,,2372,21,,,0,100,,2373,21,,,0,100,,2374,21,,,0,100,,2375,21,,,0,100,,2376,21,,,0,100,,2377,21,,,0,100,,2378,21,,,0
200,'5508',646,,2379,21,,,0,100,,2380,21,,,0,100,,2381,21,,,0,100,,2382,21,,,0,100,,2383,21,,,0,100,,2384,21,,,0,100,,2385,21,,,0,100,,2386,21,,,0,100,,2387,21,,,0,100,,2388,21,,,0,100,,2389,21,,,0,100,,2390,21,,,0
501,'5475',650,,2916,4,,,0,70,,2926,4,,,0,30,,2917,6,,,0,70,,2938,6,,,0,30,,2919,6,,,0,70,,2927,6,,,0,30,,2920,6,,,0,70,,2928,6,,,0,30,,2921,6,,,0,70,,2929,6,,,0,30,,2918,6,,,0,70,,2930,6,,,0,30,,2923,6,,,0,70,,2931,6,,,0,30,,2922,6,,,0,70,,2932,6,,,0,30,,2924,6,,,0,70,,2939,6,,,0,30,,2925,6,,,0,70,,2937,6,,,0,30,,2933,6,,,0,70,,2934,6,,,0,30,,2935,6,,,0,70,,2936,6,,,0
501,'5501',650,,2940,4,,,0,70,,2950,4,,,0,30,,2941,6,,,0,74,,2962,6,,,0,26,,2943,6,,,0,70,,2951,6,,,0,30,,2944,6,,,0,70,,2952,6,,,0,30,,2945,6,,,0,70,,2953,6,,,0,30,,2942,6,,,0,70,,2954,6,,,0,30,,2947,6,,,0,70,,2955,6,,,0,30,,2946,6,,,0,70,,2956,6,,,0,30,,2948,6,,,0,68,,2963,6,0,11 12,0,32,,2949,6,,,0,73,,2961,6,,,0,27,,2957,6,,,0,70,,2958,6,,,0,30,,2959,6,,,0,70,,2960,6,,,0
501,'5503',850,,2969,4,,,0,70,,2980,4,,,0,30,,2971,6,,,0,70,,2981,6,,,0,30,,2972,6,,,0,70,,2977,6,,,0,30,,2968,6,,,0,70,,2978,6,,,0,30,,2973,6,,,0,70,,2979,6,,,0,30,,2964,6,,,0,70,,2982,6,,,0,30,,2965,6,,,0,70,,2983,6,,,0,30,,2966,6,,,0,70,,2974,6,,,0,30,,2967,6,,,0,70,,2975,6,,,0,30,,2970,6,,,0,70,,2976,6,,,0
501,'5504',1220,,2984,6,,,0,100,,2985,6,,,0,100,,2986,6,,,0,100,,2987,6,,,0
501,'5505',650,,2988,4,,,0,70,,2998,4,,,0,30,,2989,6,,,0,74,,3010,6,,,0,26,,2991,6,,,0,70,,2999,6,,,0,30,,2992,6,,,0,70,,3000,6,,,0,30,,2993,6,,,0,70,,3001,6,,,0,30,,2990,6,,,0,70,,3002,6,,,0,30,,2995,6,,,0,70,,3003,6,,,0,30,,2994,6,,,0,70,,3004,6,,,0,30,,2996,6,,,0,68,,3011,6,0,11 12,0,32,,2997,6,,,0,73,,3009,6,,,0,27,,3005,6,,,0,70,,3006,6,,,0,30,,3007,6,,,0,70,,3008,6,,,0
501,'5506',650,,3012,4,,,0,70,,3022,4,,,0,30,,3013,6,,,0,70,,3034,6,,,0,30,,3015,6,,,0,70,,3023,6,,,0,30,,3016,6,,,0,70,,3024,6,,,0,30,,3017,6,,,0,70,,3025,6,,,0,30,,3014,6,,,0,70,,3026,6,,,0,30,,3019,6,,,0,70,,3027,6,,,0,30,,3018,6,,,0,70,,3028,6,,,0,30,,3020,6,,,0,70,,3035,6,,,0,30,,3021,6,,,0,70,,3033,6,,,0,30,,3029,6,,,0,70,,3030,6,,,0,30,,3031,6,,,0,70,,3032,6,,,0
501,'5508',650,,3036,4,,,0,70,,3046,4,,,0,30,,3037,6,,,0,70,,3058,6,,,0,30,,3039,6,,,0,70,,3047,6,,,0,30,,3040,6,,,0,70,,3048,6,,,0,30,,3041,6,,,0,70,,3049,6,,,0,30,,3038,6,,,0,70,,3050,6,,,0,30,,3043,6,,,0,70,,3051,6,,,0,30,,3042,6,,,0,70,,3052,6,,,0,30,,3044,6,,,0,70,,3059,6,,,0,30,,3045,6,,,0,70,,3057,6,,,0,30,,3053,6,,,0,70,,3054,6,,,0,30,,3055,6,,,0,70,,3056,6,,,0
1001,'5475',749,,3079,20,,,0,165,,3080,20,,,0,434,,3081,20,,,0,402,,3082,20,,,0
1001,'5501',749,,3083,20,,,0,165,,3084,20,,,0,434,,3085,20,,,0,402,,3086,20,,,0
1001,'5503',914,,3087,20,,,0,434,,3088,20,,,0,402,,3089,20,,,0
1001,'5505',749,,3090,20,,,0,165,,3091,20,,,0,434,,3092,20,,,0,402,,3093,20,,,0
1001,'5506',749,,3094,20,,,0,165,,3095,20,,,0,434,,3096,20,,,0,402,,3097,20,,,0
1601,'5504',931,,3211,14,0,22 18,0,100,,3213,14,0,22 18,0,100,,3212,14,0,22 18,0,100,,3214,14,0,22 18,0,100,,3216,14,0,22 18,0,100,,3215,14,0,22 18,0,100,,3217,14,0,22 18,0,100,,3218,14,0,22 18,0,100,,3219,14,0,22 18,0
1000100,'5475',1925,,3404,43,,,0,30,,3415,43,,,0,70,,3413,43,,,0,30,,3414,43,,,0,70,,3410,43,,,0,30,,3412,43,,,0,70,,3411,43,,,0,30,,3409,43,,,0,170,,3406,43,,,0,30,,3408,43,,,0,70,,3405,43,,,0,30,,3407,43,,,0
