100,'5475',632,,2169,18,,,0,100,,2170,18,,,0,100,,2171,10,,,0,100,,2172,18,,,0,100,,2173,18,,,0,100,,2174,18,,,0,100,,2175,18,,,0,100,,2176,18,,,0,100,,2177,18,,,0,100,,2178,18,,,0,100,,2179,18,,,0,100,,2180,18,,,0,97,,2181,18,0,5 6,0
100,'5501',632,,2182,18,,,0,100,,2183,18,,,0,100,,2184,10,,,0,100,,2185,18,,,0,100,,2186,18,,,0,100,,2187,18,,,0,100,,2188,18,,,0,100,,2189,18,,,0,100,,2190,18,,,0,100,,2191,18,,,0,100,,2192,18,,,0,100,,2193,18,,,0,97,,2194,18,0,5 6,0
100,'5503',832,,2195,10,,,0,100,,2197,18,,,0,100,,2201,18,,,0,100,,2205,18,,,0,100,,2198,18,,,0,100,,2196,18,,,0,100,,2202,18,,,0,100,,2200,18,,,0,100,,2199,18,,,0,100,,2204,18,,,0,97,,2203,18,0,5 6,0
100,'5505',632,,2206,18,,,0,100,,2207,18,,,0,100,,2208,10,,,0,100,,2209,18,,,0,100,,2210,18,,,0,100,,2211,18,,,0,100,,2212,18,,,0,100,,2213,18,,,0,100,,2214,18,,,0,100,,2215,18,,,0,100,,2216,18,,,0,100,,2217,18,,,0,97,,2218,18,0,5 6,0
100,'5506',632,,2219,18,,,0,100,,2220,18,,,0,100,,2221,10,,,0,100,,2222,18,,,0,100,,2223,18,,,0,100,,2224,18,,,0,100,,2225,18,,,0,100,,2226,18,,,0,100,,2227,18,,,0,100,,2228,18,,,0,100,,2229,18,,,0,100,,2230,18,,,0,97,,2231,18,0,5 6,0
100,'5508',632,,2232,18,,,0,100,,2233,18,,,0,100,,2234,10,,,0,100,,2235,18,,,0,100,,2236,18,,,0,100,,2237,18,,,0,100,,2238,18,,,0,100,,2239,18,,,0,100,,2240,18,,,0,100,,2241,18,,,0,100,,2242,18,,,0,100,,2243,18,,,0,97,,2244,18,0,5 6,0
300,'5475',702,,2467,12,,,0,100,,2468,12,0,11 12,0,100,,2469,12,,,0,100,,2470,12,,,0,100,,2472,12,,,0,100,,2471,12,,,0,100,,2473,12,,,0,100,,2474,12,,,0,100,,2475,12,,,0,100,,2476,12,,,0,100,,2477,12,,,0,100,,2478,12,0,7 6,0
300,'5501',702,,2480,12,,,0,100,,2481,12,0,11 12,0,100,,2482,12,,,0,100,,2483,12,,,0,100,,2485,12,,,0,100,,2484,12,,,0,100,,2486,12,,,0,100,,2487,12,,,0,100,,2488,12,,,0,100,,2489,12,,,0,100,,2490,12,,,0,100,,2491,12,0,7 6,0
300,'5503',802,,2494,6,0,11 12,0,100,,2495,12,,,0,100,,2496,12,,,0,100,,2493,12,,,0,100,,2497,12,,,0,100,,2498,12,,,0,100,,2499,12,,,0,100,,2500,12,,,0,100,,2501,12,,,0,100,,2502,12,,,0,100,,2503,12,,,0
300,'5505',702,,2504,12,,,0,100,,2505,12,0,11 12,0,100,,2506,12,,,0,100,,2507,12,,,0,100,,2509,12,,,0,100,,2508,12,,,0,100,,2510,12,,,0,100,,2511,12,,,0,100,,2512,12,,,0,100,,2513,12,,,0,100,,2514,12,,,0,100,,2515,12,0,7 6,0
300,'5506',702,,2517,12,,,0,100,,2518,12,0,11 12,0,100,,2519,12,,,0,100,,2520,12,,,0,100,,2522,12,,,0,100,,2521,12,,,0,100,,2523,12,,,0,100,,2524,12,,,0,100,,2525,12,,,0,100,,2526,12,,,0,100,,2527,12,,,0,100,,2528,12,0,7 6,0
300,'5508',702,,2530,12,,,0,100,,2531,12,0,11 12,0,100,,2532,12,,,0,100,,2533,12,,,0,100,,2535,12,,,0,100,,2534,12,,,0,100,,2536,12,,,0,100,,2537,12,,,0,100,,2538,12,,,0,100,,2539,12,,,0,100,,2540,12,,,0,100,,2541,12,0,7 6,0
3000,'5475',808,,3281,6,,,0,310,,3280,6,,,0,185,,3284,6,,,0,255,,3282,6,,,0,171,,3283,6,,,0
3000,'5501',808,,3286,6,,,0,310,,3285,6,,,0,185,,3289,6,,,0,255,,3287,6,,,0,171,,3288,6,,,0
3000,'5503',908,,3290,6,,,0,210,,3291,6,,,0,185,,3293,6,,,0,255,,3292,6,,,0,171,,3294,6,,,0
3000,'5505',808,,3296,6,,,0,310,,3295,6,,,0,185,,3299,6,,,0,255,,3297,6,,,0,171,,3298,6,,,0
3000,'5506',808,,3301,6,,,0,310,,3300,6,,,0,185,,3304,6,,,0,255,,3302,6,,,0,171,,3303,6,,,0
3000,'5508',808,,3306,6,,,0,310,,3305,6,,,0,185,,3309,6,,,0,255,,3307,6,,,0,171,,3308,6,,,0
4000,'5475',827,,3341,16,4,,0,516,,3340,16,4,,0
4000,'5501',827,,3343,16,4,,0,516,,3342,16,4,,0
4000,'5505',827,,3345,16,4,,0,516,,3344,16,4,,0
4000,'5506',827,,3348,16,4,,0,516,,3347,16,4,,0
