400,'5475',704,,4270,8,,,0,100,,4275,8,,,0,100,,4276,8,,,0,100,,4277,8,,,0,100,,4279,8,,,0,100,,4280,8,,,0,100,,4281,8,,,0,100,,4282,8,,,0,100,,4278,8,,,0,100,,4273,8,,,0,100,,4274,8,,,0,100,,4272,8,0,7 6,0
400,'5501',704,,4283,8,,,0,100,,4288,8,,,0,100,,4289,8,,,0,100,,4290,8,,,0,100,,4292,8,,,0,100,,4293,8,,,0,100,,4294,8,,,0,100,,4295,8,,,0,100,,4291,8,,,0,100,,4286,8,,,0,100,,4287,8,,,0,100,,4285,8,0,7 6,0
400,'5503',804,,4299,8,,,0,100,,4302,8,,,0,100,,4296,8,,,0,100,,4297,8,,,0,100,,4300,8,,,0,100,,4301,8,,,0,100,,4298,8,,,0,100,,4303,8,,,0,100,,4304,8,,,0,100,,4305,8,,,0,100,,4306,8,0,7 6,0
400,'5505',704,,4308,8,,,0,100,,4313,8,,,0,100,,4314,8,,,0,100,,4315,8,,,0,100,,4317,8,,,0,100,,4318,8,,,0,100,,4319,8,,,0,100,,4320,8,,,0,100,,4316,8,,,0,100,,4311,8,,,0,100,,4312,8,,,0,100,,4310,8,0,7 6,0
400,'5506',704,,4321,8,,,0,100,,4326,8,,,0,100,,4327,8,,,0,100,,4328,8,,,0,100,,4330,8,,,0,100,,4331,8,,,0,100,,4332,8,,,0,100,,4333,8,,,0,100,,4329,8,,,0,100,,4324,8,,,0,100,,4325,8,,,0,100,,4323,8,0,7 6,0
400,'5508',704,,4334,8,,,0,100,,4339,8,,,0,100,,4340,8,,,0,100,,4341,8,,,0,100,,4343,8,,,0,100,,4344,8,,,0,100,,4345,8,,,0,100,,4346,8,,,0,100,,4342,8,,,0,100,,4337,8,,,0,100,,4338,8,,,0,100,,4336,8,0,7 6,0
3000,'5475',813,,4932,14,,,0,310,,4931,14,,,0,185,,4935,14,,,0,295,,4933,14,,,0,131,,4934,14,,,0
3000,'5501',813,,4937,14,,,0,310,,4936,14,,,0,185,,4940,14,,,0,295,,4938,14,,,0,131,,4939,14,,,0
3000,'5503',913,,4941,14,,,0,210,,4942,14,,,0,185,,4944,14,,,0,295,,4943,14,,,0,131,,4945,14,,,0
3000,'5505',813,,4947,14,,,0,310,,4946,14,,,0,185,,4950,14,,,0,295,,4948,14,,,0,131,,4949,14,,,0
3000,'5506',813,,4952,14,,,0,310,,4951,14,,,0,185,,4955,14,,,0,295,,4953,14,,,0,131,,4954,14,,,0
3000,'5508',813,,4957,14,,,0,310,,4956,14,,,0,185,,4960,14,,,0,295,,4958,14,,,0,131,,4959,14,,,0
4000,'5475',833,,4992,24,4,,0,516,,4991,24,4,,0
4000,'5501',833,,4994,24,4,,0,516,,4993,24,4,,0
4000,'5505',833,,4996,24,4,,0,516,,4995,24,4,,0
4000,'5506',833,,4999,24,4,,0,516,,4998,24,4,,0
