301,'5475',646,,2543,24,,,0,100,,2544,34,,,0,100,,2545,27,,,0,100,,2546,34,,,0,100,,2547,34,,,0,100,,2548,34,,,0,100,,2549,34,,,0,100,,2550,34,,,0,100,,2551,34,,,0,100,,2552,34,,,0,100,,2553,34,,,0,100,,2554,34,,,0
301,'5501',646,,2556,24,,,0,100,,2557,34,,,0,100,,2558,27,,,0,100,,2559,34,,,0,100,,2560,34,,,0,100,,2561,34,,,0,100,,2562,34,,,0,100,,2563,34,,,0,100,,2564,34,,,0,100,,2565,34,,,0,100,,2566,34,,,0,100,,2567,34,,,0
301,'5503',846,,2570,27,,,0,100,,2569,34,,,0,100,,2572,34,,,0,100,,2571,34,,,0,100,,2573,34,,,0,100,,2574,34,,,0,100,,2575,34,,,0,100,,2576,34,,,0,100,,2577,34,,,0,100,,2579,34,,,0
301,'5505',646,,2580,24,,,0,100,,2581,34,,,0,100,,2582,27,,,0,100,,2583,34,,,0,100,,2584,34,,,0,100,,2585,34,,,0,100,,2586,34,,,0,100,,2587,34,,,0,100,,2588,34,,,0,100,,2589,34,,,0,100,,2590,34,,,0,100,,2591,34,,,0
301,'5506',646,,2593,24,,,0,100,,2594,34,,,0,100,,2595,27,,,0,100,,2596,34,,,0,100,,2597,34,,,0,100,,2598,34,,,0,100,,2599,34,,,0,100,,2600,34,,,0,100,,2601,34,,,0,100,,2602,34,,,0,100,,2603,34,,,0,100,,2604,34,,,0
301,'5508',646,,2606,24,,,0,100,,2607,34,,,0,100,,2608,27,,,0,100,,2609,34,,,0,100,,2610,34,,,0,100,,2611,34,,,0,100,,2612,34,,,0,100,,2613,34,,,0,100,,2614,34,,,0,100,,2615,34,,,0,100,,2616,34,,,0,100,,2617,34,,,0
1501,'5475',1916,,3173,4,0,7,0,124,,3175,4,0,7,0,388,,3180,4,0,7,0,124,,3178,4,0,7,0
1501,'5501',1916,,3181,4,0,7,0,124,,3183,4,0,7,0
1501,'5503',1916,,3186,4,0,7,0,124,,3187,4,0,7,0
1501,'5505',1916,,3189,4,0,7,0,124,,3191,4,0,7,0
1501,'5506',1916,,3193,4,0,7,0,124,,3195,4,0,7,0
1501,'5508',1916,,3197,4,0,7,0,124,,3199,4,0,7,0
7001,'5475',1824,,3391,34,,,0
7001,'5501',1824,,3395,34,,,0
7001,'5505',1824,,3399,34,,,0
7001,'5506',1824,,3403,34,,,0
1000100,'5475',1903,,3404,8,,,0,30,,3415,8,,,0,70,,3413,8,,,0,30,,3414,8,,,0,70,,3410,8,,,0,30,,3412,8,,,0,70,,3411,8,,,0,30,,3409,8,,,0,170,,3406,8,,,0,30,,3408,8,,,0,70,,3405,8,,,0,30,,3407,8,,,0
