3000,'5475',840,,3281,26,,,0,314,,3280,28,,,0,181,,3284,26,,,0,295,,3282,26,,,0,174,,3283,28,,,0
3000,'5501',840,,3286,26,,,0,314,,3285,28,,,0,181,,3289,26,,,0,295,,3287,26,,,0,174,,3288,28,,,0
3000,'5503',940,,3290,26,,,0,214,,3291,28,,,0,181,,3293,26,,,0,295,,3292,26,,,0,174,,3294,28,,,0
3000,'5505',840,,3296,26,,,0,314,,3295,28,,,0,181,,3299,26,,,0,295,,3297,26,,,0,174,,3298,28,,,0
3000,'5506',840,,3301,26,,,0,314,,3300,28,,,0,181,,3304,26,,,0,295,,3302,26,,,0,174,,3303,28,,,0
3000,'5508',840,,3306,26,,,0,314,,3305,28,,,0,181,,3309,26,,,0,295,,3307,26,,,0,174,,3308,28,,,0
3001,'5475',718,,3310,3,,,0,315,,3311,3,,,0,185,,3314,3,,,0,290,,3312,3,,,0,135,,3313,3,,,0
3001,'5501',718,,3315,3,,,0,315,,3316,3,,,0,185,,3319,3,,,0,290,,3317,3,,,0,135,,3318,3,,,0
3001,'5503',818,,3320,3,,,0,215,,3321,3,,,0,185,,3322,3,,,0,290,,3323,3,,,0,135,,3324,3,,,0
3001,'5505',718,,3325,3,,,0,315,,3326,3,,,0,185,,3329,3,,,0,290,,3327,3,,,0,135,,3328,3,,,0
3001,'5506',718,,3330,3,,,0,315,,3331,3,,,0,185,,3334,3,,,0,290,,3332,3,,,0,135,,3333,3,,,0
3001,'5508',718,,3335,3,,,0,315,,3336,3,,,0,185,,3339,3,,,0,290,,3337,3,,,0,135,,3338,3,,,0
7001,'5475',827,,3388,6,0,14 15,0,296,,3389,4,0,14 15,0,325,,3390,6,0,14 15,0,305,,3391,4,,,0
7001,'5501',827,,3392,6,0,14 15,0,296,,3393,4,0,14 15,0,325,,3394,6,0,14 15,0,305,,3395,4,,,0
7001,'5505',827,,3396,6,0,14 15,0,296,,3397,4,0,14 15,0,325,,3398,6,0,14 15,0,305,,3399,4,,,0
7001,'5506',827,,3400,6,0,14 15,0,296,,3401,4,0,14 15,0,325,,3402,6,0,14 15,0,305,,3403,4,,,0
