300,'5475',809,,2468,22,0,11 12,0
300,'5501',809,,2481,22,0,11 12,0
300,'5503',809,,2494,16,0,11 12,0
300,'5505',809,,2505,22,0,11 12,0
300,'5506',809,,2518,22,0,11 12,0
300,'5508',809,,2531,22,0,11 12,0
400,'5475',726,,2619,36,,,0,100,,2624,36,,,0,100,,2625,36,,,0,100,,2626,36,,,0,100,,2628,36,,,0,100,,2629,36,,,0,100,,2630,36,,,0,100,,2631,36,,,0,100,,2627,36,,,0,100,,2622,36,,,0,100,,2623,36,,,0,110,,2620,21,,,0
400,'5501',726,,2632,36,,,0,100,,2637,36,,,0,100,,2638,36,,,0,100,,2639,36,,,0,100,,2641,36,,,0,100,,2642,36,,,0,100,,2643,36,,,0,100,,2644,36,,,0,100,,2640,36,,,0,100,,2635,36,,,0,100,,2636,36,,,0,110,,2633,21,,,0
400,'5503',826,,2648,36,,,0,100,,2651,36,,,0,100,,2645,36,,,0,100,,2646,36,,,0,100,,2649,36,,,0,100,,2650,36,,,0,100,,2647,36,,,0,100,,2652,36,,,0,100,,2653,36,,,0,100,,2654,36,,,0,110,,2656,21,,,0
400,'5505',726,,2657,36,,,0,100,,2662,36,,,0,100,,2663,36,,,0,100,,2664,36,,,0,100,,2666,36,,,0,100,,2667,36,,,0,100,,2668,36,,,0,100,,2669,36,,,0,100,,2665,36,,,0,100,,2660,36,,,0,100,,2661,36,,,0,110,,2658,21,,,0
400,'5506',726,,2670,36,,,0,100,,2675,36,,,0,100,,2676,36,,,0,100,,2677,36,,,0,100,,2679,36,,,0,100,,2680,36,,,0,100,,2681,36,,,0,100,,2682,36,,,0,100,,2678,36,,,0,100,,2673,36,,,0,100,,2674,36,,,0,110,,2671,21,,,0
400,'5508',726,,2683,36,,,0,100,,2688,36,,,0,100,,2689,36,,,0,100,,2690,36,,,0,100,,2692,36,,,0,100,,2693,36,,,0,100,,2694,36,,,0,100,,2695,36,,,0,100,,2691,36,,,0,100,,2686,36,,,0,100,,2687,36,,,0,110,,2684,21,,,0
