200,'5475',634,,3972,7,,,0,100,,3973,7,,,0,100,,3974,7,,,0,100,,3975,7,,,0,100,,3976,7,,,0,100,,3977,7,,,0,100,,3978,7,,,0,100,,3979,7,,,0,100,,3980,7,,,0,100,,3981,7,,,0,100,,3982,7,,,0,100,,3983,7,,,0
200,'5501',634,,3984,7,,,0,100,,3985,7,,,0,100,,3986,7,,,0,100,,3987,7,,,0,100,,3988,7,,,0,100,,3989,7,,,0,100,,3990,7,,,0,100,,3991,7,,,0,100,,3992,7,,,0,100,,3993,7,,,0,100,,3994,7,,,0,100,,3995,7,,,0
200,'5503',834,,3996,7,,,0,100,,3997,7,,,0,100,,3998,7,,,0,100,,3999,7,,,0,100,,4000,7,,,0,100,,4001,7,,,0,100,,4002,7,,,0,100,,4003,7,,,0,100,,4004,7,,,0,100,,4005,7,,,0
200,'5505',634,,4006,7,,,0,100,,4007,7,,,0,100,,4008,7,,,0,100,,4009,7,,,0,100,,4010,7,,,0,100,,4011,7,,,0,100,,4012,7,,,0,100,,4013,7,,,0,100,,4014,7,,,0,100,,4015,7,,,0,100,,4016,7,,,0,100,,4017,7,,,0
200,'5506',634,,4018,7,,,0,100,,4019,7,,,0,100,,4020,7,,,0,100,,4021,7,,,0,100,,4022,7,,,0,100,,4023,7,,,0,100,,4024,7,,,0,100,,4025,7,,,0,100,,4026,7,,,0,100,,4027,7,,,0,100,,4028,7,,,0,100,,4029,7,,,0
200,'5508',634,,4030,7,,,0,100,,4031,7,,,0,100,,4032,7,,,0,100,,4033,7,,,0,100,,4034,7,,,0,100,,4035,7,,,0,100,,4036,7,,,0,100,,4037,7,,,0,100,,4038,7,,,0,100,,4039,7,,,0,100,,4040,7,,,0,100,,4041,7,,,0
401,'5475',734,,4354,9,,,0,100,,4355,9,,,0,100,,4356,9,,,0,100,,4357,9,,,0,100,,4358,9,,,0,100,,4359,9,,,0,100,,4351,9,,,0,100,,4352,9,,,0,100,,4349,9,,,0,100,,4348,9,,,0,100,,4350,9,,,0,110,,4347,9,0,7 6,0
401,'5501',734,,4367,9,,,0,100,,4368,9,,,0,100,,4369,9,,,0,100,,4370,9,,,0,100,,4371,9,,,0,100,,4372,9,,,0,100,,4364,9,,,0,100,,4365,9,,,0,100,,4362,9,,,0,100,,4361,9,,,0,100,,4363,9,,,0,110,,4360,9,0,7 6,0
401,'5503',834,,4373,9,,,0,100,,4375,9,,,0,100,,4376,9,,,0,100,,4374,9,,,0,100,,4378,9,,,0,100,,4377,9,,,0,100,,4379,9,,,0,100,,4380,9,,,0,100,,4381,9,,,0,100,,4382,9,,,0,110,,4383,9,0,7 6,0
401,'5505',734,,4391,9,,,0,100,,4392,9,,,0,100,,4393,9,,,0,100,,4394,9,,,0,100,,4395,9,,,0,100,,4396,9,,,0,100,,4388,9,,,0,100,,4389,9,,,0,100,,4386,9,,,0,100,,4385,9,,,0,100,,4387,9,,,0,110,,4384,9,0,7 6,0
401,'5506',734,,4404,9,,,0,100,,4405,9,,,0,100,,4406,9,,,0,100,,4407,9,,,0,100,,4408,9,,,0,100,,4409,9,,,0,100,,4401,9,,,0,100,,4402,9,,,0,100,,4399,9,,,0,100,,4398,9,,,0,100,,4400,9,,,0,110,,4397,9,0,7 6,0
401,'5508',734,,4417,9,,,0,100,,4418,9,,,0,100,,4419,9,,,0,100,,4420,9,,,0,100,,4421,9,,,0,100,,4422,9,,,0,100,,4414,9,,,0,100,,4415,9,,,0,100,,4412,9,,,0,100,,4411,9,,,0,100,,4413,9,,,0,110,,4410,9,0,7 6,0
1000,'5475',645,,4711,7,,,0,162,,4712,7,,,0,428,,4713,7,,,0,407,,4714,7,,,0
1000,'5501',645,,4715,7,,,0,162,,4716,7,,,0,428,,4717,7,,,0,407,,4718,7,,,0
1000,'5503',807,,4719,7,,,0,428,,4720,7,,,0,407,,4721,7,,,0
1000,'5505',645,,4722,7,,,0,162,,4723,7,,,0,428,,4724,7,,,0,407,,4725,7,,,0
1000,'5506',645,,4726,7,,,0,162,,4727,7,,,0,428,,4728,7,,,0,407,,4729,7,,,0
1500,'5475',2006,,4775,12,,,0,124,,4777,12,,,0,85,,4779,12,,,0,40,,4784,12,,,0,263,,4782,12,,,0
1500,'5501',2006,,4787,12,,,0,124,,4789,12,,,0,85,,4791,12,,,0
1500,'5503',2006,,4794,12,,,0,124,,4796,12,,,0,85,,4798,12,,,0
1500,'5505',2006,,4802,12,,,0,124,,4804,12,,,0,85,,4806,12,,,0
1500,'5506',2006,,4810,12,,,0,124,,4812,12,,,0,85,,4814,12,,,0
1500,'5508',2006,,4818,12,,,0,124,,4820,12,,,0,85,,4822,12,,,0
