200,'5475',636,,2321,10,,,0,100,,2322,10,,,0,100,,2323,10,,,0,100,,2324,10,,,0,100,,2325,10,,,0,100,,2326,10,,,0,100,,2327,10,,,0,100,,2328,10,,,0,100,,2329,10,,,0,100,,2330,10,,,0,100,,2331,10,,,0,100,,2332,10,,,0
200,'5501',636,,2333,10,,,0,100,,2334,10,,,0,100,,2335,10,,,0,100,,2336,10,,,0,100,,2337,10,,,0,100,,2338,10,,,0,100,,2339,10,,,0,100,,2340,10,,,0,100,,2341,10,,,0,100,,2342,10,,,0,100,,2343,10,,,0,100,,2344,10,,,0
200,'5503',836,,2345,10,,,0,100,,2346,10,,,0,100,,2347,10,,,0,100,,2348,10,,,0,100,,2349,10,,,0,100,,2350,10,,,0,100,,2351,10,,,0,100,,2352,10,,,0,100,,2353,10,,,0,100,,2354,10,,,0
200,'5505',636,,2355,10,,,0,100,,2356,10,,,0,100,,2357,10,,,0,100,,2358,10,,,0,100,,2359,10,,,0,100,,2360,10,,,0,100,,2361,10,,,0,100,,2362,10,,,0,100,,2363,10,,,0,100,,2364,10,,,0,100,,2365,10,,,0,100,,2366,10,,,0
200,'5506',636,,2367,10,,,0,100,,2368,10,,,0,100,,2369,10,,,0,100,,2370,10,,,0,100,,2371,10,,,0,100,,2372,10,,,0,100,,2373,10,,,0,100,,2374,10,,,0,100,,2375,10,,,0,100,,2376,10,,,0,100,,2377,10,,,0,100,,2378,10,,,0
200,'5508',636,,2379,10,,,0,100,,2380,10,,,0,100,,2381,10,,,0,100,,2382,10,,,0,100,,2383,10,,,0,100,,2384,10,,,0,100,,2385,10,,,0,100,,2386,10,,,0,100,,2387,10,,,0,100,,2388,10,,,0,100,,2389,10,,,0,100,,2390,10,,,0
1500,'5475',2007,,3124,15,,,0,124,,3126,15,,,0,85,,3128,15,,,0,40,,3133,15,,,0,263,,3131,15,,,0
1500,'5501',2007,,3136,15,,,0,124,,3138,15,,,0,85,,3140,15,,,0
1500,'5503',2007,,3143,15,,,0,124,,3145,15,,,0,85,,3147,15,,,0
1500,'5505',2007,,3151,15,,,0,124,,3153,15,,,0,85,,3155,15,,,0
1500,'5506',2007,,3159,15,,,0,124,,3161,15,,,0,85,,3163,15,,,0
1500,'5508',2007,,3167,15,,,0,124,,3169,15,,,0,85,,3171,15,,,0
