300,'5475',716,,4118,31,4,,0,200,,4120,31,4,,0,100,,4121,31,4,,0,100,,4123,31,4,,0,100,,4122,31,4,,0,100,,4124,31,4,,0,100,,4125,31,4,,0,100,,4126,31,4,,0,100,,4127,31,4,,0,100,,4128,31,4,,0,100,,4130,8,4,,0
300,'5501',716,,4131,31,4,,0,200,,4133,31,4,,0,100,,4134,31,4,,0,100,,4136,31,4,,0,100,,4135,31,4,,0,100,,4137,31,4,,0,100,,4138,31,4,,0,100,,4139,31,4,,0,100,,4140,31,4,,0,100,,4141,31,4,,0,100,,4143,8,4,,0
300,'5503',916,,4146,31,4,,0,100,,4147,31,4,,0,100,,4144,31,4,,0,100,,4148,31,4,,0,100,,4149,31,4,,0,100,,4150,31,4,,0,100,,4151,31,4,,0,100,,4152,31,4,,0,100,,4153,31,4,,0,100,,4154,31,4,,0
300,'5505',716,,4155,31,4,,0,200,,4157,31,4,,0,100,,4158,31,4,,0,100,,4160,31,4,,0,100,,4159,31,4,,0,100,,4161,31,4,,0,100,,4162,31,4,,0,100,,4163,31,4,,0,100,,4164,31,4,,0,100,,4165,31,4,,0,100,,4167,8,4,,0
300,'5506',716,,4168,31,4,,0,200,,4170,31,4,,0,100,,4171,31,4,,0,100,,4173,31,4,,0,100,,4172,31,4,,0,100,,4174,31,4,,0,100,,4175,31,4,,0,100,,4176,31,4,,0,100,,4177,31,4,,0,100,,4178,31,4,,0,100,,4180,8,4,,0
300,'5508',716,,4181,31,4,,0,200,,4183,31,4,,0,100,,4184,31,4,,0,100,,4186,31,4,,0,100,,4185,31,4,,0,100,,4187,31,4,,0,100,,4188,31,4,,0,100,,4189,31,4,,0,100,,4190,31,4,,0,100,,4191,31,4,,0,100,,4193,8,4,,0
301,'5475',716,,4195,1,,,0,200,,4197,1,,,0,100,,4198,1,,,0,100,,4199,1,,,0,100,,4200,1,,,0,100,,4201,1,,,0,100,,4202,1,,,0,100,,4203,1,,,0,100,,4204,1,,,0,100,,4205,1,,,0,100,,4206,1,0,7 6,0
301,'5501',716,,4208,1,,,0,200,,4210,1,,,0,100,,4211,1,,,0,100,,4212,1,,,0,100,,4213,1,,,0,100,,4214,1,,,0,100,,4215,1,,,0,100,,4216,1,,,0,100,,4217,1,,,0,100,,4218,1,,,0,100,,4219,1,0,7 6,0
301,'5503',916,,4220,1,,,0,100,,4223,1,,,0,100,,4222,1,,,0,100,,4224,1,,,0,100,,4225,1,,,0,100,,4226,1,,,0,100,,4227,1,,,0,100,,4228,1,,,0,100,,4230,1,,,0,100,,4229,1,0,7 6,0
301,'5505',716,,4232,1,,,0,200,,4234,1,,,0,100,,4235,1,,,0,100,,4236,1,,,0,100,,4237,1,,,0,100,,4238,1,,,0,100,,4239,1,,,0,100,,4240,1,,,0,100,,4241,1,,,0,100,,4242,1,,,0,100,,4243,1,0,7 6,0
301,'5506',716,,4245,1,,,0,200,,4247,1,,,0,100,,4248,1,,,0,100,,4249,1,,,0,100,,4250,1,,,0,100,,4251,1,,,0,100,,4252,1,,,0,100,,4253,1,,,0,100,,4254,1,,,0,100,,4255,1,,,0,100,,4256,1,0,7 6,0
301,'5508',716,,4258,1,,,0,200,,4260,1,,,0,100,,4261,1,,,0,100,,4262,1,,,0,100,,4263,1,,,0,100,,4264,1,,,0,100,,4265,1,,,0,100,,4266,1,,,0,100,,4267,1,,,0,100,,4268,1,,,0,100,,4269,1,0,7 6,0
1000,'5475',651,,4711,23,,,0,162,,4712,23,,,0,430,,4713,23,,,0,407,,4714,23,,,0
1000,'5501',651,,4715,23,,,0,162,,4716,23,,,0,430,,4717,23,,,0,407,,4718,23,,,0
1000,'5503',813,,4719,23,,,0,430,,4720,23,,,0,407,,4721,23,,,0
1000,'5505',651,,4722,23,,,0,162,,4723,23,,,0,430,,4724,23,,,0,407,,4725,23,,,0
1000,'5506',651,,4726,23,,,0,162,,4727,23,,,0,430,,4728,23,,,0,407,,4729,23,,,0
