1100,'5475',1835,,3100,7,,,0
1100,'5501',1835,,3103,7,,,0
1100,'5505',1835,,3106,7,,,0
1100,'5506',1835,,3109,7,,,0
3001,'5475',746,,3310,9,,,0,310,,3311,7,,,0,185,,3314,7,,,0,295,,3312,9,,,0,170,,3313,7,,,0
3001,'5501',746,,3315,9,,,0,310,,3316,7,,,0,185,,3319,7,,,0,295,,3317,9,,,0,170,,3318,7,,,0
3001,'5503',846,,3320,9,,,0,210,,3321,7,,,0,185,,3322,7,,,0,295,,3323,9,,,0,170,,3324,7,,,0
3001,'5505',746,,3325,9,,,0,310,,3326,7,,,0,185,,3329,7,,,0,295,,3327,9,,,0,170,,3328,7,,,0
3001,'5506',746,,3330,9,,,0,310,,3331,7,,,0,185,,3334,7,,,0,295,,3332,9,,,0,170,,3333,7,,,0
3001,'5508',746,,3335,9,,,0,310,,3336,7,,,0,185,,3339,7,,,0,295,,3337,9,,,0,170,,3338,7,,,0
7001,'5475',840,,3388,8,0,14 15,0,296,,3389,6,0,14 15,0,365,,3390,8,0,14 15,0,305,,3391,6,,,0
7001,'5501',840,,3392,8,0,14 15,0,296,,3393,6,0,14 15,0,365,,3394,8,0,14 15,0,305,,3395,6,,,0
7001,'5505',840,,3396,8,0,14 15,0,296,,3397,6,0,14 15,0,365,,3398,8,0,14 15,0,305,,3399,6,,,0
7001,'5506',840,,3400,8,0,14 15,0,296,,3401,6,0,14 15,0,365,,3402,8,0,14 15,0,305,,3403,6,,,0
