200,'5475',646,,2321,20,,,0,100,,2322,20,,,0,100,,2323,20,,,0,100,,2324,20,,,0,100,,2325,20,,,0,100,,2326,20,,,0,100,,2327,20,,,0,100,,2328,20,,,0,100,,2329,20,,,0,100,,2330,20,,,0,100,,2331,20,,,0,100,,2332,20,,,0
200,'5501',646,,2333,20,,,0,100,,2334,20,,,0,100,,2335,20,,,0,100,,2336,20,,,0,100,,2337,20,,,0,100,,2338,20,,,0,100,,2339,20,,,0,100,,2340,20,,,0,100,,2341,20,,,0,100,,2342,20,,,0,100,,2343,20,,,0,100,,2344,20,,,0
200,'5503',846,,2345,20,,,0,100,,2346,20,,,0,100,,2347,20,,,0,100,,2348,20,,,0,100,,2349,20,,,0,100,,2350,20,,,0,100,,2351,20,,,0,100,,2352,20,,,0,100,,2353,20,,,0,100,,2354,20,,,0
200,'5505',646,,2355,20,,,0,100,,2356,20,,,0,100,,2357,20,,,0,100,,2358,20,,,0,100,,2359,20,,,0,100,,2360,20,,,0,100,,2361,20,,,0,100,,2362,20,,,0,100,,2363,20,,,0,100,,2364,20,,,0,100,,2365,20,,,0,100,,2366,20,,,0
200,'5506',646,,2367,20,,,0,100,,2368,20,,,0,100,,2369,20,,,0,100,,2370,20,,,0,100,,2371,20,,,0,100,,2372,20,,,0,100,,2373,20,,,0,100,,2374,20,,,0,100,,2375,20,,,0,100,,2376,20,,,0,100,,2377,20,,,0,100,,2378,20,,,0
200,'5508',646,,2379,20,,,0,100,,2380,20,,,0,100,,2381,20,,,0,100,,2382,20,,,0,100,,2383,20,,,0,100,,2384,20,,,0,100,,2385,20,,,0,100,,2386,20,,,0,100,,2387,20,,,0,100,,2388,20,,,0,100,,2389,20,,,0,100,,2390,20,,,0
501,'5475',650,,2916,3,,,0,70,,2926,3,,,0,30,,2917,5,,,0,70,,2938,5,,,0,30,,2919,5,,,0,70,,2927,5,,,0,30,,2920,5,,,0,70,,2928,5,,,0,30,,2921,5,,,0,70,,2929,5,,,0,30,,2918,5,,,0,70,,2930,5,,,0,30,,2923,5,,,0,70,,2931,5,,,0,30,,2922,5,,,0,70,,2932,5,,,0,30,,2924,5,,,0,70,,2939,5,,,0,30,,2925,5,,,0,70,,2937,5,,,0,30,,2933,5,,,0,70,,2934,5,,,0,30,,2935,5,,,0,70,,2936,5,,,0
501,'5501',650,,2940,3,,,0,70,,2950,3,,,0,30,,2941,5,,,0,74,,2962,5,,,0,26,,2943,5,,,0,70,,2951,5,,,0,30,,2944,5,,,0,70,,2952,5,,,0,30,,2945,5,,,0,70,,2953,5,,,0,30,,2942,5,,,0,70,,2954,5,,,0,30,,2947,5,,,0,70,,2955,5,,,0,30,,2946,5,,,0,70,,2956,5,,,0,30,,2948,5,,,0,68,,2963,5,0,11 12,0,32,,2949,5,,,0,73,,2961,5,,,0,27,,2957,5,,,0,70,,2958,5,,,0,30,,2959,5,,,0,70,,2960,5,,,0
501,'5503',850,,2969,3,,,0,70,,2980,3,,,0,30,,2971,5,,,0,70,,2981,5,,,0,30,,2972,5,,,0,70,,2977,5,,,0,30,,2968,5,,,0,70,,2978,5,,,0,30,,2973,5,,,0,70,,2979,5,,,0,30,,2964,5,,,0,70,,2982,5,,,0,30,,2965,5,,,0,70,,2983,5,,,0,30,,2966,5,,,0,70,,2974,5,,,0,30,,2967,5,,,0,70,,2975,5,,,0,30,,2970,5,,,0,70,,2976,5,,,0
501,'5504',1220,,2984,5,,,0,100,,2985,5,,,0,100,,2986,5,,,0,100,,2987,5,,,0
501,'5505',650,,2988,3,,,0,70,,2998,3,,,0,30,,2989,5,,,0,74,,3010,5,,,0,26,,2991,5,,,0,70,,2999,5,,,0,30,,2992,5,,,0,70,,3000,5,,,0,30,,2993,5,,,0,70,,3001,5,,,0,30,,2990,5,,,0,70,,3002,5,,,0,30,,2995,5,,,0,70,,3003,5,,,0,30,,2994,5,,,0,70,,3004,5,,,0,30,,2996,5,,,0,68,,3011,5,0,11 12,0,32,,2997,5,,,0,73,,3009,5,,,0,27,,3005,5,,,0,70,,3006,5,,,0,30,,3007,5,,,0,70,,3008,5,,,0
501,'5506',650,,3012,3,,,0,70,,3022,3,,,0,30,,3013,5,,,0,70,,3034,5,,,0,30,,3015,5,,,0,70,,3023,5,,,0,30,,3016,5,,,0,70,,3024,5,,,0,30,,3017,5,,,0,70,,3025,5,,,0,30,,3014,5,,,0,70,,3026,5,,,0,30,,3019,5,,,0,70,,3027,5,,,0,30,,3018,5,,,0,70,,3028,5,,,0,30,,3020,5,,,0,70,,3035,5,,,0,30,,3021,5,,,0,70,,3033,5,,,0,30,,3029,5,,,0,70,,3030,5,,,0,30,,3031,5,,,0,70,,3032,5,,,0
501,'5508',650,,3036,3,,,0,70,,3046,3,,,0,30,,3037,5,,,0,70,,3058,5,,,0,30,,3039,5,,,0,70,,3047,5,,,0,30,,3040,5,,,0,70,,3048,5,,,0,30,,3041,5,,,0,70,,3049,5,,,0,30,,3038,5,,,0,70,,3050,5,,,0,30,,3043,5,,,0,70,,3051,5,,,0,30,,3042,5,,,0,70,,3052,5,,,0,30,,3044,5,,,0,70,,3059,5,,,0,30,,3045,5,,,0,70,,3057,5,,,0,30,,3053,5,,,0,70,,3054,5,,,0,30,,3055,5,,,0,70,,3056,5,,,0
1001,'5475',749,,3079,19,,,0,164,,3080,19,,,0,434,,3081,19,,,0,403,,3082,19,,,0
1001,'5501',749,,3083,19,,,0,164,,3084,19,,,0,434,,3085,19,,,0,403,,3086,19,,,0
1001,'5503',913,,3087,19,,,0,434,,3088,19,,,0,403,,3089,19,,,0
1001,'5505',749,,3090,19,,,0,164,,3091,19,,,0,434,,3092,19,,,0,403,,3093,19,,,0
1001,'5506',749,,3094,19,,,0,164,,3095,19,,,0,434,,3096,19,,,0,403,,3097,19,,,0
1601,'5504',931,,3211,13,0,22 18,0,100,,3213,13,0,22 18,0,100,,3212,13,0,22 18,0,100,,3214,13,0,22 18,0,100,,3216,13,0,22 18,0,100,,3215,13,0,22 18,0,100,,3217,13,0,22 18,0,100,,3218,13,0,22 18,0,100,,3219,13,0,22 18,0
1000100,'5475',1925,,3404,42,,,0,30,,3415,42,,,0,70,,3413,42,,,0,30,,3414,42,,,0,70,,3410,42,,,0,30,,3412,42,,,0,70,,3411,42,,,0,30,,3409,42,,,0,170,,3406,42,,,0,30,,3408,42,,,0,70,,3405,42,,,0,30,,3407,42,,,0
