200,'5475',649,,2321,27,,,0,100,,2322,27,,,0,100,,2323,27,,,0,100,,2324,27,,,0,100,,2325,27,,,0,100,,2326,27,,,0,100,,2327,27,,,0,100,,2328,27,,,0,100,,2329,27,,,0,100,,2330,27,,,0,100,,2331,27,,,0,100,,2332,27,,,0
200,'5501',649,,2333,27,,,0,100,,2334,27,,,0,100,,2335,27,,,0,100,,2336,27,,,0,100,,2337,27,,,0,100,,2338,27,,,0,100,,2339,27,,,0,100,,2340,27,,,0,100,,2341,27,,,0,100,,2342,27,,,0,100,,2343,27,,,0,100,,2344,27,,,0
200,'5503',849,,2345,27,,,0,100,,2346,27,,,0,100,,2347,27,,,0,100,,2348,27,,,0,100,,2349,27,,,0,100,,2350,27,,,0,100,,2351,27,,,0,100,,2352,27,,,0,100,,2353,27,,,0,100,,2354,27,,,0
200,'5505',649,,2355,27,,,0,100,,2356,27,,,0,100,,2357,27,,,0,100,,2358,27,,,0,100,,2359,27,,,0,100,,2360,27,,,0,100,,2361,27,,,0,100,,2362,27,,,0,100,,2363,27,,,0,100,,2364,27,,,0,100,,2365,27,,,0,100,,2366,27,,,0
200,'5506',649,,2367,27,,,0,100,,2368,27,,,0,100,,2369,27,,,0,100,,2370,27,,,0,100,,2371,27,,,0,100,,2372,27,,,0,100,,2373,27,,,0,100,,2374,27,,,0,100,,2375,27,,,0,100,,2376,27,,,0,100,,2377,27,,,0,100,,2378,27,,,0
200,'5508',649,,2379,27,,,0,100,,2380,27,,,0,100,,2381,27,,,0,100,,2382,27,,,0,100,,2383,27,,,0,100,,2384,27,,,0,100,,2385,27,,,0,100,,2386,27,,,0,100,,2387,27,,,0,100,,2388,27,,,0,100,,2389,27,,,0,100,,2390,27,,,0
500,'5501',803,,2818,20,0,11 12,0
500,'5505',803,,2866,20,0,11 12,0
501,'5501',1521,,2963,12,0,11 12,0
501,'5505',1521,,3011,12,0,11 12,0
