300,'5475',715,,4118,29,,,0,200,,4120,29,,,0,100,,4121,29,,,0,100,,4123,29,,,0,100,,4122,29,,,0,100,,4124,29,,,0,100,,4125,29,,,0,100,,4126,29,,,0,100,,4127,29,,,0,100,,4128,29,,,0,100,,4130,6,,,0
300,'5501',715,,4131,29,,,0,200,,4133,29,,,0,100,,4134,29,,,0,100,,4136,29,,,0,100,,4135,29,,,0,100,,4137,29,,,0,100,,4138,29,,,0,100,,4139,29,,,0,100,,4140,29,,,0,100,,4141,29,,,0,100,,4143,6,,,0
300,'5503',915,,4146,29,,,0,100,,4147,29,,,0,100,,4144,29,,,0,100,,4148,29,,,0,100,,4149,29,,,0,100,,4150,29,,,0,100,,4151,29,,,0,100,,4152,29,,,0,100,,4153,29,,,0,100,,4154,29,,,0
300,'5505',715,,4155,29,,,0,200,,4157,29,,,0,100,,4158,29,,,0,100,,4160,29,,,0,100,,4159,29,,,0,100,,4161,29,,,0,100,,4162,29,,,0,100,,4163,29,,,0,100,,4164,29,,,0,100,,4165,29,,,0,100,,4167,6,,,0
300,'5506',715,,4168,29,,,0,200,,4170,29,,,0,100,,4171,29,,,0,100,,4173,29,,,0,100,,4172,29,,,0,100,,4174,29,,,0,100,,4175,29,,,0,100,,4176,29,,,0,100,,4177,29,,,0,100,,4178,29,,,0,100,,4180,6,,,0
300,'5508',715,,4181,29,,,0,200,,4183,29,,,0,100,,4184,29,,,0,100,,4186,29,,,0,100,,4185,29,,,0,100,,4187,29,,,0,100,,4188,29,,,0,100,,4189,29,,,0,100,,4190,29,,,0,100,,4191,29,,,0,100,,4193,6,,,0
1000,'5475',651,,4711,21,,,0,162,,4712,21,,,0,429,,4713,21,,,0,407,,4714,21,,,0
1000,'5501',651,,4715,21,,,0,162,,4716,21,,,0,429,,4717,21,,,0,407,,4718,21,,,0
1000,'5503',813,,4719,21,,,0,429,,4720,21,,,0,407,,4721,21,,,0
1000,'5505',651,,4722,21,,,0,162,,4723,21,,,0,429,,4724,21,,,0,407,,4725,21,,,0
1000,'5506',651,,4726,21,,,0,162,,4727,21,,,0,429,,4728,21,,,0,407,,4729,21,,,0
