501,'5475',708,,2916,23,,,0,30,,2926,23,,,0,70,,2917,25,,,0,30,,2938,25,,,0,70,,2919,25,,,0,30,,2927,25,,,0,70,,2920,25,,,0,30,,2928,25,,,0,70,,2921,25,,,0,30,,2929,25,,,0,70,,2918,25,,,0,30,,2930,25,,,0,70,,2923,25,,,0,30,,2931,25,,,0,70,,2922,25,,,0,30,,2932,25,,,0,70,,2924,25,,,0,30,,2939,25,,,0,70,,2925,25,,,0,30,,2937,25,,,0,70,,2933,25,,,0,30,,2934,25,,,0,70,,2935,25,,,0,30,,2936,25,,,0
501,'5501',708,,2940,23,,,0,30,,2950,23,,,0,70,,2941,25,,,0,34,,2962,25,,,0,66,,2943,25,,,0,30,,2951,25,,,0,70,,2944,25,,,0,30,,2952,25,,,0,70,,2945,25,,,0,30,,2953,25,,,0,70,,2942,25,,,0,30,,2954,25,,,0,70,,2947,25,,,0,30,,2955,25,,,0,70,,2946,25,,,0,30,,2956,25,,,0,70,,2948,25,,,0,40,,2963,41,0,11 12,0,60,,2949,25,,,0,33,,2961,25,,,0,67,,2957,25,,,0,30,,2958,25,,,0,70,,2959,25,,,0,30,,2960,25,,,0
501,'5503',908,,2969,23,,,0,30,,2980,23,,,0,70,,2971,25,,,0,30,,2981,25,,,0,70,,2972,25,,,0,30,,2977,25,,,0,70,,2968,25,,,0,30,,2978,25,,,0,70,,2973,25,,,0,30,,2979,25,,,0,70,,2964,25,,,0,30,,2982,25,,,0,70,,2965,25,,,0,30,,2983,25,,,0,70,,2966,25,,,0,30,,2974,25,,,0,70,,2967,25,,,0,30,,2975,25,,,0,70,,2970,25,,,0,30,,2976,25,,,0
501,'5504',1238,,2984,25,,,0,100,,2985,25,,,0,100,,2986,25,,,0,100,,2987,25,,,0
501,'5505',708,,2988,23,,,0,30,,2998,23,,,0,70,,2989,25,,,0,34,,3010,25,,,0,66,,2991,25,,,0,30,,2999,25,,,0,70,,2992,25,,,0,30,,3000,25,,,0,70,,2993,25,,,0,30,,3001,25,,,0,70,,2990,25,,,0,30,,3002,25,,,0,70,,2995,25,,,0,30,,3003,25,,,0,70,,2994,25,,,0,30,,3004,25,,,0,70,,2996,25,,,0,40,,3011,41,0,11 12,0,60,,2997,25,,,0,33,,3009,25,,,0,67,,3005,25,,,0,30,,3006,25,,,0,70,,3007,25,,,0,30,,3008,25,,,0
501,'5506',708,,3012,23,,,0,30,,3022,23,,,0,70,,3013,25,,,0,30,,3034,25,,,0,70,,3015,25,,,0,30,,3023,25,,,0,70,,3016,25,,,0,30,,3024,25,,,0,70,,3017,25,,,0,30,,3025,25,,,0,70,,3014,25,,,0,30,,3026,25,,,0,70,,3019,25,,,0,30,,3027,25,,,0,70,,3018,25,,,0,30,,3028,25,,,0,70,,3020,25,,,0,30,,3035,25,,,0,70,,3021,25,,,0,30,,3033,25,,,0,70,,3029,25,,,0,30,,3030,25,,,0,70,,3031,25,,,0,30,,3032,25,,,0
501,'5508',708,,3036,23,,,0,30,,3046,23,,,0,70,,3037,25,,,0,30,,3058,25,,,0,70,,3039,25,,,0,30,,3047,25,,,0,70,,3040,25,,,0,30,,3048,25,,,0,70,,3041,25,,,0,30,,3049,25,,,0,70,,3038,25,,,0,30,,3050,25,,,0,70,,3043,25,,,0,30,,3051,25,,,0,70,,3042,25,,,0,30,,3052,25,,,0,70,,3044,25,,,0,30,,3059,25,,,0,70,,3045,25,,,0,30,,3057,25,,,0,70,,3053,25,,,0,30,,3054,25,,,0,70,,3055,25,,,0,30,,3056,25,,,0
1500,'5475',1908,,3123,7,0,13,0,124,,3125,33,0,13,0,123,,3127,33,0,13,0,85,,3129,33,0,13,0,181,,3132,33,0,13,0,124,,3130,33,0,13,0
1500,'5501',1908,,3135,7,0,13,0,124,,3137,33,0,13,0,123,,3139,33,0,13,0,85,,3141,33,0,13,0
1500,'5503',1908,,3142,33,0,13,0,124,,3144,33,0,13,0,123,,3146,33,0,13,0,85,,3148,33,0,13,0
1500,'5505',1908,,3150,7,0,13,0,124,,3152,33,0,13,0,123,,3154,33,0,13,0,85,,3156,33,0,13,0
1500,'5506',1908,,3158,7,0,13,0,124,,3160,33,0,13,0,123,,3162,33,0,13,0,85,,3164,33,0,13,0
1500,'5508',1908,,3166,7,0,13,0,124,,3168,33,0,13,0,123,,3170,33,0,13,0,85,,3172,33,0,13,0
1601,'5504',945,,3211,28,0,22 18,0,100,,3213,28,0,22 18,0,100,,3212,28,0,22 18,0,100,,3214,28,0,22 18,0,100,,3216,28,0,22 18,0,100,,3215,28,0,22 18,0,100,,3217,28,0,22 18,0,100,,3218,28,0,22 18,0,100,,3219,28,0,22 18,0
2001,'5475',644,,3240,7,0,16 17,0,164,,3241,7,0,16 17,0,295,,3242,7,0,8 9,0,435,,3244,7,0,8 9,0,170,,3243,7,0,8 9,0
2001,'5501',644,,3245,7,0,16 17,0,164,,3246,7,0,16 17,0,295,,3247,7,0,8 9,0,435,,3249,7,0,8 9,0,170,,3248,7,0,8 9,0
2001,'5505',644,,3250,7,0,16 17,0,164,,3251,7,0,16 17,0,295,,3252,7,0,8 9,0,435,,3254,7,0,8 9,0,170,,3253,7,0,8 9,0
2001,'5506',644,,3255,7,0,16 17,0,164,,3256,7,0,16 17,0,295,,3257,7,0,8 9,0,435,,3259,7,0,8 9,0,170,,3258,7,0,8 9,0
7000,'5475',554,,3372,6,,,0
7000,'5501',554,,3376,6,,,0
7000,'5505',554,,3380,6,,,0
7000,'5506',554,,3384,6,,,0
