301,'5475',645,,2543,20,,,0,100,,2544,30,,,0,100,,2545,23,,,0,100,,2546,30,,,0,100,,2547,30,,,0,100,,2548,30,,,0,100,,2549,30,,,0,100,,2550,30,,,0,100,,2551,30,,,0,100,,2552,30,,,0,100,,2553,30,,,0,100,,2554,30,,,0
301,'5501',645,,2556,20,,,0,100,,2557,30,,,0,100,,2558,23,,,0,100,,2559,30,,,0,100,,2560,30,,,0,100,,2561,30,,,0,100,,2562,30,,,0,100,,2563,30,,,0,100,,2564,30,,,0,100,,2565,30,,,0,100,,2566,30,,,0,100,,2567,30,,,0
301,'5503',845,,2570,23,,,0,100,,2569,30,,,0,100,,2572,30,,,0,100,,2571,30,,,0,100,,2573,30,,,0,100,,2574,30,,,0,100,,2575,30,,,0,100,,2576,30,,,0,100,,2577,30,,,0,100,,2579,30,,,0
301,'5505',645,,2580,20,,,0,100,,2581,30,,,0,100,,2582,23,,,0,100,,2583,30,,,0,100,,2584,30,,,0,100,,2585,30,,,0,100,,2586,30,,,0,100,,2587,30,,,0,100,,2588,30,,,0,100,,2589,30,,,0,100,,2590,30,,,0,100,,2591,30,,,0
301,'5506',645,,2593,20,,,0,100,,2594,30,,,0,100,,2595,23,,,0,100,,2596,30,,,0,100,,2597,30,,,0,100,,2598,30,,,0,100,,2599,30,,,0,100,,2600,30,,,0,100,,2601,30,,,0,100,,2602,30,,,0,100,,2603,30,,,0,100,,2604,30,,,0
301,'5508',645,,2606,20,,,0,100,,2607,30,,,0,100,,2608,23,,,0,100,,2609,30,,,0,100,,2610,30,,,0,100,,2611,30,,,0,100,,2612,30,,,0,100,,2613,30,,,0,100,,2614,30,,,0,100,,2615,30,,,0,100,,2616,30,,,0,100,,2617,30,,,0
501,'5475',704,,2916,16,,,0,30,,2926,16,,,0,70,,2917,18,,,0,30,,2938,18,,,0,70,,2919,18,,,0,30,,2927,18,,,0,70,,2920,18,,,0,30,,2928,18,,,0,70,,2921,18,,,0,30,,2929,18,,,0,70,,2918,18,,,0,30,,2930,18,,,0,70,,2923,18,,,0,30,,2931,18,,,0,70,,2922,18,,,0,30,,2932,18,,,0,70,,2924,18,,,0,30,,2939,18,,,0,70,,2925,18,,,0,30,,2937,18,,,0,70,,2933,18,,,0,30,,2934,18,,,0,70,,2935,18,,,0,30,,2936,18,,,0
501,'5501',704,,2940,16,,,0,30,,2950,16,,,0,70,,2941,18,,,0,34,,2962,18,,,0,66,,2943,18,,,0,30,,2951,18,,,0,70,,2944,18,,,0,30,,2952,18,,,0,70,,2945,18,,,0,30,,2953,18,,,0,70,,2942,18,,,0,30,,2954,18,,,0,70,,2947,18,,,0,30,,2955,18,,,0,70,,2946,18,,,0,30,,2956,18,,,0,70,,2948,18,,,0,40,,2963,34,0,11 12,0,60,,2949,18,,,0,33,,2961,18,,,0,67,,2957,18,,,0,30,,2958,18,,,0,70,,2959,18,,,0,30,,2960,18,,,0
501,'5503',904,,2969,16,,,0,30,,2980,16,,,0,70,,2971,18,,,0,30,,2981,18,,,0,70,,2972,18,,,0,30,,2977,18,,,0,70,,2968,18,,,0,30,,2978,18,,,0,70,,2973,18,,,0,30,,2979,18,,,0,70,,2964,18,,,0,30,,2982,18,,,0,70,,2965,18,,,0,30,,2983,18,,,0,70,,2966,18,,,0,30,,2974,18,,,0,70,,2967,18,,,0,30,,2975,18,,,0,70,,2970,18,,,0,30,,2976,18,,,0
501,'5504',1234,,2984,18,,,0,100,,2985,18,,,0,100,,2986,18,,,0,100,,2987,18,,,0
501,'5505',704,,2988,16,,,0,30,,2998,16,,,0,70,,2989,18,,,0,34,,3010,18,,,0,66,,2991,18,,,0,30,,2999,18,,,0,70,,2992,18,,,0,30,,3000,18,,,0,70,,2993,18,,,0,30,,3001,18,,,0,70,,2990,18,,,0,30,,3002,18,,,0,70,,2995,18,,,0,30,,3003,18,,,0,70,,2994,18,,,0,30,,3004,18,,,0,70,,2996,18,,,0,40,,3011,34,0,11 12,0,60,,2997,18,,,0,33,,3009,18,,,0,67,,3005,18,,,0,30,,3006,18,,,0,70,,3007,18,,,0,30,,3008,18,,,0
501,'5506',704,,3012,16,,,0,30,,3022,16,,,0,70,,3013,18,,,0,30,,3034,18,,,0,70,,3015,18,,,0,30,,3023,18,,,0,70,,3016,18,,,0,30,,3024,18,,,0,70,,3017,18,,,0,30,,3025,18,,,0,70,,3014,18,,,0,30,,3026,18,,,0,70,,3019,18,,,0,30,,3027,18,,,0,70,,3018,18,,,0,30,,3028,18,,,0,70,,3020,18,,,0,30,,3035,18,,,0,70,,3021,18,,,0,30,,3033,18,,,0,70,,3029,18,,,0,30,,3030,18,,,0,70,,3031,18,,,0,30,,3032,18,,,0
501,'5508',704,,3036,16,,,0,30,,3046,16,,,0,70,,3037,18,,,0,30,,3058,18,,,0,70,,3039,18,,,0,30,,3047,18,,,0,70,,3040,18,,,0,30,,3048,18,,,0,70,,3041,18,,,0,30,,3049,18,,,0,70,,3038,18,,,0,30,,3050,18,,,0,70,,3043,18,,,0,30,,3051,18,,,0,70,,3042,18,,,0,30,,3052,18,,,0,70,,3044,18,,,0,30,,3059,18,,,0,70,,3045,18,,,0,30,,3057,18,,,0,70,,3053,18,,,0,30,,3054,18,,,0,70,,3055,18,,,0,30,,3056,18,,,0
1000100,'5475',1902,,3404,4,,,0,30,,3415,4,,,0,70,,3413,4,,,0,30,,3414,4,,,0,70,,3410,4,,,0,30,,3412,4,,,0,70,,3411,4,,,0,30,,3409,4,,,0,170,,3406,4,,,0,30,,3408,4,,,0,70,,3405,4,,,0,30,,3407,4,,,0
