2100,'5475',715,,4912,7,,,0,130,,4911,16,,,0,300,,4914,16,,,0,469,,4915,7,,,0,130,,4913,7,,,0
2100,'5501',715,,4917,7,,,0,130,,4916,16,,,0,300,,4919,16,,,0,469,,4920,7,,,0,130,,4918,7,,,0
2100,'5505',715,,4922,7,,,0,130,,4921,16,,,0,300,,4924,16,,,0,469,,4925,7,,,0,130,,4923,7,,,0
2100,'5506',715,,4927,7,,,0,130,,4926,16,,,0,300,,4929,16,,,0,469,,4930,7,,,0,130,,4928,7,,,0
4000,'5475',803,,4992,5,,,0,516,,4991,5,,,0
4000,'5501',803,,4994,5,,,0,516,,4993,5,,,0
4000,'5505',803,,4996,5,,,0,115,,4997,5,,,0,401,,4995,5,,,0
4000,'5506',803,,4999,5,,,0,516,,4998,5,,,0
4001,'5475',1023,,5000,22,,,0,604,,5001,22,,,0
4001,'5501',1023,,5002,22,,,0,604,,5003,22,,,0
4001,'5505',1023,,5004,22,,,0,327,,5006,7,,,0,277,,5005,22,,,0
4001,'5506',1023,,5007,22,,,0,604,,5008,22,,,0
