300,'5475',808,,4119,21,0,11 12,0
300,'5501',808,,4132,21,0,11 12,0
300,'5503',808,,4145,15,0,11 12,0
300,'5505',808,,4156,21,0,11 12,0
300,'5506',808,,4169,21,0,11 12,0
300,'5508',808,,4182,21,0,11 12,0
400,'5475',725,,4270,35,,,0,100,,4275,35,,,0,100,,4276,35,,,0,100,,4277,35,,,0,100,,4279,35,,,0,100,,4280,35,,,0,100,,4281,35,,,0,100,,4282,35,,,0,100,,4278,35,,,0,100,,4273,35,,,0,100,,4274,35,,,0,110,,4271,20,,,0
400,'5501',725,,4283,35,,,0,100,,4288,35,,,0,100,,4289,35,,,0,100,,4290,35,,,0,100,,4292,35,,,0,100,,4293,35,,,0,100,,4294,35,,,0,100,,4295,35,,,0,100,,4291,35,,,0,100,,4286,35,,,0,100,,4287,35,,,0,110,,4284,20,,,0
400,'5503',825,,4299,35,,,0,100,,4302,35,,,0,100,,4296,35,,,0,100,,4297,35,,,0,100,,4300,35,,,0,100,,4301,35,,,0,100,,4298,35,,,0,100,,4303,35,,,0,100,,4304,35,,,0,100,,4305,35,,,0,110,,4307,20,,,0
400,'5505',725,,4308,35,,,0,100,,4313,35,,,0,100,,4314,35,,,0,100,,4315,35,,,0,100,,4317,35,,,0,100,,4318,35,,,0,100,,4319,35,,,0,100,,4320,35,,,0,100,,4316,35,,,0,100,,4311,35,,,0,100,,4312,35,,,0,110,,4309,20,,,0
400,'5506',725,,4321,35,,,0,100,,4326,35,,,0,100,,4327,35,,,0,100,,4328,35,,,0,100,,4330,35,,,0,100,,4331,35,,,0,100,,4332,35,,,0,100,,4333,35,,,0,100,,4329,35,,,0,100,,4324,35,,,0,100,,4325,35,,,0,110,,4322,20,,,0
400,'5508',725,,4334,35,,,0,100,,4339,35,,,0,100,,4340,35,,,0,100,,4341,35,,,0,100,,4343,35,,,0,100,,4344,35,,,0,100,,4345,35,,,0,100,,4346,35,,,0,100,,4342,35,,,0,100,,4337,35,,,0,100,,4338,35,,,0,110,,4335,20,,,0
