301,'5475',717,,4195,2,,,0,200,,4197,2,,,0,100,,4198,2,,,0,100,,4199,2,,,0,100,,4200,2,,,0,100,,4201,2,,,0,100,,4202,2,,,0,100,,4203,2,,,0,100,,4204,2,,,0,100,,4205,2,,,0,100,,4206,2,0,7 6,0
301,'5501',717,,4208,2,,,0,200,,4210,2,,,0,100,,4211,2,,,0,100,,4212,2,,,0,100,,4213,2,,,0,100,,4214,2,,,0,100,,4215,2,,,0,100,,4216,2,,,0,100,,4217,2,,,0,100,,4218,2,,,0,100,,4219,2,0,7 6,0
301,'5503',917,,4220,2,,,0,100,,4223,2,,,0,100,,4222,2,,,0,100,,4224,2,,,0,100,,4225,2,,,0,100,,4226,2,,,0,100,,4227,2,,,0,100,,4228,2,,,0,100,,4230,2,,,0,100,,4229,2,0,7 6,0
301,'5505',717,,4232,2,,,0,200,,4234,2,,,0,100,,4235,2,,,0,100,,4236,2,,,0,100,,4237,2,,,0,100,,4238,2,,,0,100,,4239,2,,,0,100,,4240,2,,,0,100,,4241,2,,,0,100,,4242,2,,,0,100,,4243,2,0,7 6,0
301,'5506',717,,4245,2,,,0,200,,4247,2,,,0,100,,4248,2,,,0,100,,4249,2,,,0,100,,4250,2,,,0,100,,4251,2,,,0,100,,4252,2,,,0,100,,4253,2,,,0,100,,4254,2,,,0,100,,4255,2,,,0,100,,4256,2,0,7 6,0
301,'5508',717,,4258,2,,,0,200,,4260,2,,,0,100,,4261,2,,,0,100,,4262,2,,,0,100,,4263,2,,,0,100,,4264,2,,,0,100,,4265,2,,,0,100,,4266,2,,,0,100,,4267,2,,,0,100,,4268,2,,,0,100,,4269,2,0,7 6,0
1000,'5475',652,,4711,24,,,0,162,,4712,24,,,0,429,,4713,24,,,0,407,,4714,24,,,0
1000,'5501',652,,4715,24,,,0,162,,4716,24,,,0,429,,4717,24,,,0,407,,4718,24,,,0
1000,'5503',814,,4719,24,,,0,429,,4720,24,,,0,407,,4721,24,,,0
1000,'5505',652,,4722,24,,,0,162,,4723,24,,,0,429,,4724,24,,,0,407,,4725,24,,,0
1000,'5506',652,,4726,24,,,0,162,,4727,24,,,0,429,,4728,24,,,0,407,,4729,24,,,0
