300,'5475',810,,2468,24,0,11 12,0
300,'5501',810,,2481,24,0,11 12,0
300,'5503',810,,2494,18,0,11 12,0
300,'5505',810,,2505,24,0,11 12,0
300,'5506',810,,2518,24,0,11 12,0
300,'5508',810,,2531,24,0,11 12,0
400,'5475',727,,2619,38,,,0,100,,2624,38,,,0,100,,2625,38,,,0,100,,2626,38,,,0,100,,2628,38,,,0,100,,2629,38,,,0,100,,2630,38,,,0,100,,2631,38,,,0,100,,2627,38,,,0,100,,2622,38,,,0,100,,2623,38,,,0,110,,2620,23,,,0
400,'5501',727,,2632,38,,,0,100,,2637,38,,,0,100,,2638,38,,,0,100,,2639,38,,,0,100,,2641,38,,,0,100,,2642,38,,,0,100,,2643,38,,,0,100,,2644,38,,,0,100,,2640,38,,,0,100,,2635,38,,,0,100,,2636,38,,,0,110,,2633,23,,,0
400,'5503',827,,2648,38,,,0,100,,2651,38,,,0,100,,2645,38,,,0,100,,2646,38,,,0,100,,2649,38,,,0,100,,2650,38,,,0,100,,2647,38,,,0,100,,2652,38,,,0,100,,2653,38,,,0,100,,2654,38,,,0,110,,2656,23,,,0
400,'5505',727,,2657,38,,,0,100,,2662,38,,,0,100,,2663,38,,,0,100,,2664,38,,,0,100,,2666,38,,,0,100,,2667,38,,,0,100,,2668,38,,,0,100,,2669,38,,,0,100,,2665,38,,,0,100,,2660,38,,,0,100,,2661,38,,,0,110,,2658,23,,,0
400,'5506',727,,2670,38,,,0,100,,2675,38,,,0,100,,2676,38,,,0,100,,2677,38,,,0,100,,2679,38,,,0,100,,2680,38,,,0,100,,2681,38,,,0,100,,2682,38,,,0,100,,2678,38,,,0,100,,2673,38,,,0,100,,2674,38,,,0,110,,2671,23,,,0
400,'5508',727,,2683,38,,,0,100,,2688,38,,,0,100,,2689,38,,,0,100,,2690,38,,,0,100,,2692,38,,,0,100,,2693,38,,,0,100,,2694,38,,,0,100,,2695,38,,,0,100,,2691,38,,,0,100,,2686,38,,,0,100,,2687,38,,,0,110,,2684,23,,,0
