300,'5475',810,,4119,23,0,11 12,0
300,'5501',810,,4132,23,0,11 12,0
300,'5503',810,,4145,17,0,11 12,0
300,'5505',810,,4156,23,0,11 12,0
300,'5506',810,,4169,23,0,11 12,0
300,'5508',810,,4182,23,0,11 12,0
400,'5475',727,,4270,37,,,0,100,,4275,37,,,0,100,,4276,37,,,0,100,,4277,37,,,0,100,,4279,37,,,0,100,,4280,37,,,0,100,,4281,37,,,0,100,,4282,37,,,0,100,,4278,37,,,0,100,,4273,37,,,0,100,,4274,37,,,0,110,,4271,22,,,0
400,'5501',727,,4283,37,,,0,100,,4288,37,,,0,100,,4289,37,,,0,100,,4290,37,,,0,100,,4292,37,,,0,100,,4293,37,,,0,100,,4294,37,,,0,100,,4295,37,,,0,100,,4291,37,,,0,100,,4286,37,,,0,100,,4287,37,,,0,110,,4284,22,,,0
400,'5503',827,,4299,37,,,0,100,,4302,37,,,0,100,,4296,37,,,0,100,,4297,37,,,0,100,,4300,37,,,0,100,,4301,37,,,0,100,,4298,37,,,0,100,,4303,37,,,0,100,,4304,37,,,0,100,,4305,37,,,0,110,,4307,22,,,0
400,'5505',727,,4308,37,,,0,100,,4313,37,,,0,100,,4314,37,,,0,100,,4315,37,,,0,100,,4317,37,,,0,100,,4318,37,,,0,100,,4319,37,,,0,100,,4320,37,,,0,100,,4316,37,,,0,100,,4311,37,,,0,100,,4312,37,,,0,110,,4309,22,,,0
400,'5506',727,,4321,37,,,0,100,,4326,37,,,0,100,,4327,37,,,0,100,,4328,37,,,0,100,,4330,37,,,0,100,,4331,37,,,0,100,,4332,37,,,0,100,,4333,37,,,0,100,,4329,37,,,0,100,,4324,37,,,0,100,,4325,37,,,0,110,,4322,22,,,0
400,'5508',727,,4334,37,,,0,100,,4339,37,,,0,100,,4340,37,,,0,100,,4341,37,,,0,100,,4343,37,,,0,100,,4344,37,,,0,100,,4345,37,,,0,100,,4346,37,,,0,100,,4342,37,,,0,100,,4337,37,,,0,100,,4338,37,,,0,110,,4335,22,,,0
