100,'5475',631,,3820,14,,,0,100,,3821,14,,,0,100,,3822,6,,,0,100,,3823,14,,,0,100,,3824,14,,,0,100,,3825,14,,,0,100,,3826,14,,,0,100,,3827,14,,,0,100,,3828,14,,,0,100,,3829,14,,,0,100,,3830,14,,,0,100,,3831,14,,,0,97,,3832,14,0,5 6,0
100,'5501',631,,3833,14,,,0,100,,3834,14,,,0,100,,3835,6,,,0,100,,3836,14,,,0,100,,3837,14,,,0,100,,3838,14,,,0,100,,3839,14,,,0,100,,3840,14,,,0,100,,3841,14,,,0,100,,3842,14,,,0,100,,3843,14,,,0,100,,3844,14,,,0,97,,3845,14,0,5 6,0
100,'5503',831,,3846,6,,,0,100,,3848,14,,,0,100,,3852,14,,,0,100,,3856,14,,,0,100,,3849,14,,,0,100,,3847,14,,,0,100,,3853,14,,,0,100,,3851,14,,,0,100,,3850,14,,,0,100,,3855,14,,,0,97,,3854,14,0,5 6,0
100,'5505',631,,3857,14,,,0,100,,3858,14,,,0,100,,3859,6,,,0,100,,3860,14,,,0,100,,3861,14,,,0,100,,3862,14,,,0,100,,3863,14,,,0,100,,3864,14,,,0,100,,3865,14,,,0,100,,3866,14,,,0,100,,3867,14,,,0,100,,3868,14,,,0,97,,3869,14,0,5 6,0
100,'5506',631,,3870,14,,,0,100,,3871,14,,,0,100,,3872,6,,,0,100,,3873,14,,,0,100,,3874,14,,,0,100,,3875,14,,,0,100,,3876,14,,,0,100,,3877,14,,,0,100,,3878,14,,,0,100,,3879,14,,,0,100,,3880,14,,,0,100,,3881,14,,,0,97,,3882,14,0,5 6,0
100,'5508',631,,3883,14,,,0,100,,3884,14,,,0,100,,3885,6,,,0,100,,3886,14,,,0,100,,3887,14,,,0,100,,3888,14,,,0,100,,3889,14,,,0,100,,3890,14,,,0,100,,3891,14,,,0,100,,3892,14,,,0,100,,3893,14,,,0,100,,3894,14,,,0,97,,3895,14,0,5 6,0
101,'5475',811,,3898,26,,,0
101,'5501',811,,3911,26,,,0
101,'5503',811,,3932,3,,,0
101,'5505',811,,3935,26,,,0
101,'5506',811,,3948,26,,,0
101,'5508',811,,3961,26,,,0
300,'5475',701,,4118,8,,,0,100,,4119,8,0,11 12,0,100,,4120,8,,,0,100,,4121,8,,,0,100,,4123,8,,,0,100,,4122,8,,,0,100,,4124,8,,,0,100,,4125,8,,,0,100,,4126,8,,,0,100,,4127,8,,,0,100,,4128,8,,,0,100,,4129,8,0,7 6,0
300,'5501',701,,4131,8,,,0,100,,4132,8,0,11 12,0,100,,4133,8,,,0,100,,4134,8,,,0,100,,4136,8,,,0,100,,4135,8,,,0,100,,4137,8,,,0,100,,4138,8,,,0,100,,4139,8,,,0,100,,4140,8,,,0,100,,4141,8,,,0,100,,4142,8,0,7 6,0
300,'5503',801,,4145,2,0,11 12,0,100,,4146,8,,,0,100,,4147,8,,,0,100,,4144,8,,,0,100,,4148,8,,,0,100,,4149,8,,,0,100,,4150,8,,,0,100,,4151,8,,,0,100,,4152,8,,,0,100,,4153,8,,,0,100,,4154,8,,,0
300,'5505',701,,4155,8,,,0,100,,4156,8,0,11 12,0,100,,4157,8,,,0,100,,4158,8,,,0,100,,4160,8,,,0,100,,4159,8,,,0,100,,4161,8,,,0,100,,4162,8,,,0,100,,4163,8,,,0,100,,4164,8,,,0,100,,4165,8,,,0,100,,4166,8,0,7 6,0
300,'5506',701,,4168,8,,,0,100,,4169,8,0,11 12,0,100,,4170,8,,,0,100,,4171,8,,,0,100,,4173,8,,,0,100,,4172,8,,,0,100,,4174,8,,,0,100,,4175,8,,,0,100,,4176,8,,,0,100,,4177,8,,,0,100,,4178,8,,,0,100,,4179,8,0,7 6,0
300,'5508',701,,4181,8,,,0,100,,4182,8,0,11 12,0,100,,4183,8,,,0,100,,4184,8,,,0,100,,4186,8,,,0,100,,4185,8,,,0,100,,4187,8,,,0,100,,4188,8,,,0,100,,4189,8,,,0,100,,4190,8,,,0,100,,4191,8,,,0,100,,4192,8,0,7 6,0
3000,'5475',806,,4932,2,,,0,310,,4931,2,,,0,185,,4935,2,,,0,255,,4933,2,,,0,171,,4934,2,,,0
3000,'5501',806,,4937,2,,,0,310,,4936,2,,,0,185,,4940,2,,,0,255,,4938,2,,,0,171,,4939,2,,,0
3000,'5503',906,,4941,2,,,0,210,,4942,2,,,0,185,,4944,2,,,0,255,,4943,2,,,0,171,,4945,2,,,0
3000,'5505',806,,4947,2,,,0,310,,4946,2,,,0,185,,4950,2,,,0,255,,4948,2,,,0,171,,4949,2,,,0
3000,'5506',806,,4952,2,,,0,310,,4951,2,,,0,185,,4955,2,,,0,255,,4953,2,,,0,171,,4954,2,,,0
3000,'5508',806,,4957,2,,,0,310,,4956,2,,,0,185,,4960,2,,,0,255,,4958,2,,,0,171,,4959,2,,,0
4000,'5475',826,,4992,13,4,,0,516,,4991,13,4,,0
4000,'5501',826,,4994,13,4,,0,516,,4993,13,4,,0
4000,'5505',826,,4996,13,4,,0,516,,4995,13,4,,0
4000,'5506',826,,4999,13,4,,0,516,,4998,13,4,,0
