300,'5475',807,,2468,18,0,11 12,0
300,'5501',807,,2481,18,0,11 12,0
300,'5503',807,,2494,12,0,11 12,0
300,'5505',807,,2505,18,0,11 12,0
300,'5506',807,,2518,18,0,11 12,0
300,'5508',807,,2531,18,0,11 12,0
400,'5475',724,,2619,32,,,0,100,,2624,32,,,0,100,,2625,32,,,0,100,,2626,32,,,0,100,,2628,32,,,0,100,,2629,32,,,0,100,,2630,32,,,0,100,,2631,32,,,0,100,,2627,32,,,0,100,,2622,32,,,0,100,,2623,32,,,0,110,,2620,17,,,0
400,'5501',724,,2632,32,,,0,100,,2637,32,,,0,100,,2638,32,,,0,100,,2639,32,,,0,100,,2641,32,,,0,100,,2642,32,,,0,100,,2643,32,,,0,100,,2644,32,,,0,100,,2640,32,,,0,100,,2635,32,,,0,100,,2636,32,,,0,110,,2633,17,,,0
400,'5503',824,,2648,32,,,0,100,,2651,32,,,0,100,,2645,32,,,0,100,,2646,32,,,0,100,,2649,32,,,0,100,,2650,32,,,0,100,,2647,32,,,0,100,,2652,32,,,0,100,,2653,32,,,0,100,,2654,32,,,0,110,,2656,17,,,0
400,'5505',724,,2657,32,,,0,100,,2662,32,,,0,100,,2663,32,,,0,100,,2664,32,,,0,100,,2666,32,,,0,100,,2667,32,,,0,100,,2668,32,,,0,100,,2669,32,,,0,100,,2665,32,,,0,100,,2660,32,,,0,100,,2661,32,,,0,110,,2658,17,,,0
400,'5506',724,,2670,32,,,0,100,,2675,32,,,0,100,,2676,32,,,0,100,,2677,32,,,0,100,,2679,32,,,0,100,,2680,32,,,0,100,,2681,32,,,0,100,,2682,32,,,0,100,,2678,32,,,0,100,,2673,32,,,0,100,,2674,32,,,0,110,,2671,17,,,0
400,'5508',724,,2683,32,,,0,100,,2688,32,,,0,100,,2689,32,,,0,100,,2690,32,,,0,100,,2692,32,,,0,100,,2693,32,,,0,100,,2694,32,,,0,100,,2695,32,,,0,100,,2691,32,,,0,100,,2686,32,,,0,100,,2687,32,,,0,110,,2684,17,,,0
