101,'5475',654,,2246,7,,,0,100,,2247,7,,,0,100,,2248,7,,,0,100,,2249,7,,,0,100,,2251,7,,,0,100,,2250,7,,,0,100,,2253,7,,,0,100,,2252,7,,,0,100,,2254,7,,,0,100,,2255,7,,,0,100,,2256,7,,,0,100,,2257,7,,,0
101,'5501',654,,2259,7,,,0,100,,2260,7,,,0,100,,2261,7,,,0,100,,2262,7,,,0,100,,2264,7,,,0,100,,2263,7,,,0,100,,2266,7,,,0,100,,2265,7,,,0,100,,2267,7,,,0,100,,2268,7,,,0,100,,2269,7,,,0,100,,2270,7,,,0
101,'5503',854,,2275,7,,,0,100,,2277,7,,,0,100,,2271,7,,,0,100,,2273,7,,,0,100,,2276,7,,,0,100,,2274,7,,,0,100,,2278,7,,,0,100,,2272,7,,,0,100,,2279,7,,,0,100,,2280,7,,,0
101,'5505',654,,2283,7,,,0,100,,2284,7,,,0,100,,2285,7,,,0,100,,2286,7,,,0,100,,2288,7,,,0,100,,2287,7,,,0,100,,2290,7,,,0,100,,2289,7,,,0,100,,2291,7,,,0,100,,2292,7,,,0,100,,2293,7,,,0,100,,2294,7,,,0
101,'5506',654,,2296,7,,,0,100,,2297,7,,,0,100,,2298,7,,,0,100,,2299,7,,,0,100,,2301,7,,,0,100,,2300,7,,,0,100,,2303,7,,,0,100,,2302,7,,,0,100,,2304,7,,,0,100,,2305,7,,,0,100,,2306,7,,,0,100,,2307,7,,,0
101,'5508',654,,2309,7,,,0,100,,2310,7,,,0,100,,2311,7,,,0,100,,2312,7,,,0,100,,2314,7,,,0,100,,2313,7,,,0,100,,2316,7,,,0,100,,2315,7,,,0,100,,2317,7,,,0,100,,2318,7,,,0,100,,2319,7,,,0,100,,2320,7,,,0
400,'5475',713,,2619,15,,,0,100,,2624,15,,,0,100,,2625,15,,,0,100,,2626,15,,,0,100,,2628,15,,,0,100,,2629,15,,,0,100,,2630,15,,,0,100,,2631,15,,,0,100,,2627,15,,,0,100,,2622,15,,,0,100,,2623,15,,,0,100,,2621,15,0,7 6,0
400,'5501',713,,2632,15,,,0,100,,2637,15,,,0,100,,2638,15,,,0,100,,2639,15,,,0,100,,2641,15,,,0,100,,2642,15,,,0,100,,2643,15,,,0,100,,2644,15,,,0,100,,2640,15,,,0,100,,2635,15,,,0,100,,2636,15,,,0,100,,2634,15,0,7 6,0
400,'5503',813,,2648,15,,,0,100,,2651,15,,,0,100,,2645,15,,,0,100,,2646,15,,,0,100,,2649,15,,,0,100,,2650,15,,,0,100,,2647,15,,,0,100,,2652,15,,,0,100,,2653,15,,,0,100,,2654,15,,,0,100,,2655,15,0,7 6,0
400,'5505',713,,2657,15,,,0,100,,2662,15,,,0,100,,2663,15,,,0,100,,2664,15,,,0,100,,2666,15,,,0,100,,2667,15,,,0,100,,2668,15,,,0,100,,2669,15,,,0,100,,2665,15,,,0,100,,2660,15,,,0,100,,2661,15,,,0,100,,2659,15,0,7 6,0
400,'5506',713,,2670,15,,,0,100,,2675,15,,,0,100,,2676,15,,,0,100,,2677,15,,,0,100,,2679,15,,,0,100,,2680,15,,,0,100,,2681,15,,,0,100,,2682,15,,,0,100,,2678,15,,,0,100,,2673,15,,,0,100,,2674,15,,,0,100,,2672,15,0,7 6,0
400,'5508',713,,2683,15,,,0,100,,2688,15,,,0,100,,2689,15,,,0,100,,2690,15,,,0,100,,2692,15,,,0,100,,2693,15,,,0,100,,2694,15,,,0,100,,2695,15,,,0,100,,2691,15,,,0,100,,2686,15,,,0,100,,2687,15,,,0,100,,2685,15,0,7 6,0
1001,'5475',746,,3079,15,,,0,164,,3080,15,,,0,434,,3081,15,,,0,403,,3082,15,,,0
1001,'5501',746,,3083,15,,,0,164,,3084,15,,,0,434,,3085,15,,,0,403,,3086,15,,,0
1001,'5503',910,,3087,15,,,0,434,,3088,15,,,0,403,,3089,15,,,0
1001,'5505',746,,3090,15,,,0,164,,3091,15,,,0,434,,3092,15,,,0,403,,3093,15,,,0
1001,'5506',746,,3094,15,,,0,164,,3095,15,,,0,434,,3096,15,,,0,403,,3097,15,,,0
