500,'5475',732,,4423,15,,,0,70,,4445,15,,,0,30,,4425,15,,,0,70,,4443,15,,,0,30,,4426,15,,,0,70,,4433,15,,,0,30,,4427,15,,,0,70,,4434,15,,,0,30,,4424,15,,,0,70,,4435,15,,,0,30,,4429,15,,,0,70,,4436,15,,,0,30,,4428,15,,,0,70,,4437,15,,,0,30,,4430,15,,,0,70,,4439,15,,,0,30,,4431,15,,,0,70,,4446,15,,,0,30,,4432,15,,,0,70,,4444,15,,,0,30,,4438,15,,,0,70,,4440,15,,,0,30,,4441,15,,,0
500,'5501',732,,4447,15,,,0,69,,4469,15,0,11 12,0,31,,4449,15,,,0,70,,4467,15,,,0,30,,4450,15,,,0,70,,4457,15,,,0,30,,4451,15,,,0,70,,4458,15,,,0,30,,4448,15,,,0,70,,4459,15,,,0,30,,4453,15,,,0,70,,4460,15,,,0,30,,4452,15,,,0,70,,4461,15,,,0,30,,4454,15,,,0,70,,4463,15,,,0,30,,4455,15,,,0,73,,4470,15,,,0,27,,4456,15,,,0,70,,4468,15,,,0,30,,4462,15,,,0,70,,4464,15,,,0,30,,4465,15,,,0
500,'5503',932,,4471,15,,,0,70,,4487,15,,,0,30,,4476,15,,,0,70,,4484,15,,,0,30,,4477,15,,,0,70,,4485,15,,,0,30,,4479,15,,,0,70,,4483,15,,,0,30,,4480,15,,,0,70,,4486,15,,,0,30,,4478,15,,,0,70,,4488,15,,,0,30,,4475,15,,,0,70,,4482,15,,,0,30,,4474,15,,,0,70,,4481,15,,,0,30,,4472,15,,,0,70,,4489,15,,,0,30,,4473,15,,,0
500,'5504',1302,,4491,15,,,0,100,,4492,15,,,0,100,,4493,15,,,0,100,,4494,15,,,0
500,'5505',732,,4495,15,,,0,69,,4517,15,0,11 12,0,31,,4497,15,,,0,70,,4515,15,,,0,30,,4498,15,,,0,70,,4505,15,,,0,30,,4499,15,,,0,70,,4506,15,,,0,30,,4496,15,,,0,70,,4507,15,,,0,30,,4501,15,,,0,70,,4508,15,,,0,30,,4500,15,,,0,70,,4509,15,,,0,30,,4502,15,,,0,70,,4511,15,,,0,30,,4503,15,,,0,73,,4518,15,,,0,27,,4504,15,,,0,70,,4516,15,,,0,30,,4510,15,,,0,70,,4512,15,,,0,30,,4513,15,,,0
500,'5506',732,,4519,15,,,0,70,,4541,15,,,0,30,,4521,15,,,0,70,,4539,15,,,0,30,,4522,15,,,0,70,,4529,15,,,0,30,,4523,15,,,0,70,,4530,15,,,0,30,,4520,15,,,0,70,,4531,15,,,0,30,,4525,15,,,0,70,,4532,15,,,0,30,,4524,15,,,0,70,,4533,15,,,0,30,,4526,15,,,0,70,,4535,15,,,0,30,,4527,15,,,0,70,,4542,15,,,0,30,,4528,15,,,0,70,,4540,15,,,0,30,,4534,15,,,0,70,,4536,15,,,0,30,,4537,15,,,0
500,'5508',732,,4543,15,,,0,70,,4565,15,,,0,30,,4545,15,,,0,70,,4563,15,,,0,30,,4546,15,,,0,70,,4553,15,,,0,30,,4547,15,,,0,70,,4554,15,,,0,30,,4544,15,,,0,70,,4555,15,,,0,30,,4549,15,,,0,70,,4556,15,,,0,30,,4548,15,,,0,70,,4557,15,,,0,30,,4550,15,,,0,70,,4559,15,,,0,30,,4551,15,,,0,70,,4566,15,,,0,30,,4552,15,,,0,70,,4564,15,,,0,30,,4558,15,,,0,70,,4560,15,,,0,30,,4561,15,,,0
1501,'5475',1927,,4824,17,0,7,0,124,,4826,17,0,7,0,387,,4831,17,0,7,0,164,,4829,17,0,7,0
1501,'5501',1927,,4832,17,0,7,0,124,,4834,17,0,7,0
1501,'5503',1927,,4837,17,0,7,0,124,,4838,17,0,7,0
1501,'5505',1927,,4840,17,0,7,0,124,,4842,17,0,7,0
1501,'5506',1927,,4844,17,0,7,0,124,,4846,17,0,7,0
1501,'5508',1927,,4848,17,0,7,0,124,,4850,17,0,7,0
1600,'5504',902,,4852,4,0,16 18,0,100,,4855,10,,,0,100,,4854,10,,,0,100,,4853,10,,,0,100,,4856,10,,,0,100,,4857,10,,,0,100,,4858,10,,,0,100,,4859,10,,,0,100,,4860,10,,,0
1000100,'5475',1910,,5055,19,,,0,30,,5066,19,,,0,70,,5064,19,,,0,30,,5065,19,,,0,70,,5061,19,,,0,30,,5063,19,,,0,70,,5062,19,,,0,30,,5060,19,,,0,170,,5057,19,,,0,30,,5059,19,,,0,70,,5056,19,,,0,30,,5058,19,,,0
