101,'5475',702,,3897,13,,,0,100,,3898,13,,,0,100,,3899,13,,,0,100,,3900,13,,,0,100,,3902,13,,,0,100,,3901,13,,,0,100,,3904,13,,,0,100,,3903,13,,,0,100,,3905,13,,,0,100,,3906,13,,,0,100,,3907,13,,,0,100,,3908,13,,,0
101,'5501',702,,3910,13,,,0,100,,3911,13,,,0,100,,3912,13,,,0,100,,3913,13,,,0,100,,3915,13,,,0,100,,3914,13,,,0,100,,3917,13,,,0,100,,3916,13,,,0,100,,3918,13,,,0,100,,3919,13,,,0,100,,3920,13,,,0,100,,3921,13,,,0
101,'5503',902,,3926,13,,,0,100,,3928,13,,,0,100,,3922,13,,,0,100,,3924,13,,,0,100,,3927,13,,,0,100,,3925,13,,,0,100,,3929,13,,,0,100,,3923,13,,,0,100,,3930,13,,,0,100,,3931,13,,,0
101,'5505',702,,3934,13,,,0,100,,3935,13,,,0,100,,3936,13,,,0,100,,3937,13,,,0,100,,3939,13,,,0,100,,3938,13,,,0,100,,3941,13,,,0,100,,3940,13,,,0,100,,3942,13,,,0,100,,3943,13,,,0,100,,3944,13,,,0,100,,3945,13,,,0
101,'5506',702,,3947,13,,,0,100,,3948,13,,,0,100,,3949,13,,,0,100,,3950,13,,,0,100,,3952,13,,,0,100,,3951,13,,,0,100,,3954,13,,,0,100,,3953,13,,,0,100,,3955,13,,,0,100,,3956,13,,,0,100,,3957,13,,,0,100,,3958,13,,,0
101,'5508',702,,3960,13,,,0,100,,3961,13,,,0,100,,3962,13,,,0,100,,3963,13,,,0,100,,3965,13,,,0,100,,3964,13,,,0,100,,3967,13,,,0,100,,3966,13,,,0,100,,3968,13,,,0,100,,3969,13,,,0,100,,3970,13,,,0,100,,3971,13,,,0
301,'5475',632,,4194,5,,,0,100,,4195,15,,,0,100,,4196,8,,,0,100,,4197,15,,,0,100,,4198,15,,,0,100,,4199,15,,,0,100,,4200,15,,,0,100,,4201,15,,,0,100,,4202,15,,,0,100,,4203,15,,,0,100,,4204,15,,,0,100,,4205,15,,,0
301,'5501',632,,4207,5,,,0,100,,4208,15,,,0,100,,4209,8,,,0,100,,4210,15,,,0,100,,4211,15,,,0,100,,4212,15,,,0,100,,4213,15,,,0,100,,4214,15,,,0,100,,4215,15,,,0,100,,4216,15,,,0,100,,4217,15,,,0,100,,4218,15,,,0
301,'5503',832,,4221,8,,,0,100,,4220,15,,,0,100,,4223,15,,,0,100,,4222,15,,,0,100,,4224,15,,,0,100,,4225,15,,,0,100,,4226,15,,,0,100,,4227,15,,,0,100,,4228,15,,,0,100,,4230,15,,,0
301,'5505',632,,4231,5,,,0,100,,4232,15,,,0,100,,4233,8,,,0,100,,4234,15,,,0,100,,4235,15,,,0,100,,4236,15,,,0,100,,4237,15,,,0,100,,4238,15,,,0,100,,4239,15,,,0,100,,4240,15,,,0,100,,4241,15,,,0,100,,4242,15,,,0
301,'5506',632,,4244,5,,,0,100,,4245,15,,,0,100,,4246,8,,,0,100,,4247,15,,,0,100,,4248,15,,,0,100,,4249,15,,,0,100,,4250,15,,,0,100,,4251,15,,,0,100,,4252,15,,,0,100,,4253,15,,,0,100,,4254,15,,,0,100,,4255,15,,,0
301,'5508',632,,4257,5,,,0,100,,4258,15,,,0,100,,4259,8,,,0,100,,4260,15,,,0,100,,4261,15,,,0,100,,4262,15,,,0,100,,4263,15,,,0,100,,4264,15,,,0,100,,4265,15,,,0,100,,4266,15,,,0,100,,4267,15,,,0,100,,4268,15,,,0
1500,'5475',1851,,4773,5,0,14 15,0,164,,4776,5,0,13,0,124,,4778,5,0,13,0,85,,4780,5,0,13,0,179,,4783,5,0,13,0,124,,4781,5,0,13,0
1500,'5501',1851,,4785,5,0,14 15,0,164,,4788,5,0,13,0,124,,4790,5,0,13,0,85,,4792,5,0,13,0
1500,'5503',1851,,4793,5,0,13,0,164,,4795,5,0,13,0,124,,4797,5,0,13,0,85,,4799,5,0,13,0
1500,'5505',1851,,4800,5,0,14 15,0,164,,4803,5,0,13,0,124,,4805,5,0,13,0,85,,4807,5,0,13,0
1500,'5506',1851,,4808,5,0,14 15,0,164,,4811,5,0,13,0,124,,4813,5,0,13,0,85,,4815,5,0,13,0
1500,'5508',1851,,4816,5,0,14 15,0,164,,4819,5,0,13,0,124,,4821,5,0,13,0,85,,4823,5,0,13,0
7001,'5475',846,,5039,18,0,14 15,0,296,,5040,16,0,14 15,0,365,,5041,18,0,14 15,0,305,,5042,16,,,0
7001,'5501',846,,5043,18,0,14 15,0,296,,5044,16,0,14 15,0,365,,5045,18,0,14 15,0,305,,5046,16,,,0
7001,'5505',846,,5047,18,0,14 15,0,296,,5048,16,0,14 15,0,365,,5049,18,0,14 15,0,305,,5050,16,,,0
7001,'5506',846,,5051,18,0,14 15,0,296,,5052,16,0,14 15,0,365,,5053,18,0,14 15,0,305,,5054,16,,,0
