401,'5475',741,,4354,13,,,0,100,,4355,13,,,0,100,,4356,13,,,0,100,,4357,13,,,0,100,,4358,13,,,0,100,,4359,13,,,0,100,,4351,13,,,0,100,,4352,13,,,0,100,,4349,13,,,0,100,,4348,13,,,0,100,,4350,13,,,0,106,,4347,13,0,7 6,0
401,'5501',741,,4367,13,,,0,100,,4368,13,,,0,100,,4369,13,,,0,100,,4370,13,,,0,100,,4371,13,,,0,100,,4372,13,,,0,100,,4364,13,,,0,100,,4365,13,,,0,100,,4362,13,,,0,100,,4361,13,,,0,100,,4363,13,,,0,106,,4360,13,0,7 6,0
401,'5503',841,,4373,13,,,0,100,,4375,13,,,0,100,,4376,13,,,0,100,,4374,13,,,0,100,,4378,13,,,0,100,,4377,13,,,0,100,,4379,13,,,0,100,,4380,13,,,0,100,,4381,13,,,0,100,,4382,13,,,0,106,,4383,13,0,7 6,0
401,'5505',741,,4391,13,,,0,100,,4392,13,,,0,100,,4393,13,,,0,100,,4394,13,,,0,100,,4395,13,,,0,100,,4396,13,,,0,100,,4388,13,,,0,100,,4389,13,,,0,100,,4386,13,,,0,100,,4385,13,,,0,100,,4387,13,,,0,106,,4384,13,0,7 6,0
401,'5506',741,,4404,13,,,0,100,,4405,13,,,0,100,,4406,13,,,0,100,,4407,13,,,0,100,,4408,13,,,0,100,,4409,13,,,0,100,,4401,13,,,0,100,,4402,13,,,0,100,,4399,13,,,0,100,,4398,13,,,0,100,,4400,13,,,0,106,,4397,13,0,7 6,0
401,'5508',741,,4417,13,,,0,100,,4418,13,,,0,100,,4419,13,,,0,100,,4420,13,,,0,100,,4421,13,,,0,100,,4422,13,,,0,100,,4414,13,,,0,100,,4415,13,,,0,100,,4412,13,,,0,100,,4411,13,,,0,100,,4413,13,,,0,106,,4410,13,0,7 6,0
1000,'5475',647,,4711,11,,,0,162,,4712,11,,,0,429,,4713,11,,,0,407,,4714,11,,,0
1000,'5501',647,,4715,11,,,0,162,,4716,11,,,0,429,,4717,11,,,0,407,,4718,11,,,0
1000,'5503',809,,4719,11,,,0,429,,4720,11,,,0,407,,4721,11,,,0
1000,'5505',647,,4722,11,,,0,162,,4723,11,,,0,429,,4724,11,,,0,407,,4725,11,,,0
1000,'5506',647,,4726,11,,,0,162,,4727,11,,,0,429,,4728,11,,,0,407,,4729,11,,,0
1101,'5475',1239,,4763,7,,,0,572,,4761,7,,,0
1101,'5501',1239,,4766,7,,,0,572,,4764,7,,,0
1101,'5505',1239,,4769,7,,,0,572,,4767,7,,,0
1101,'5506',1239,,4772,7,,,0,572,,4770,7,,,0
