300,'5475',814,,2468,28,0,11 12,0
300,'5501',814,,2481,28,0,11 12,0
300,'5503',814,,2494,22,0,11 12,0
300,'5505',814,,2505,28,0,11 12,0
300,'5506',814,,2518,28,0,11 12,0
300,'5508',814,,2531,28,0,11 12,0
401,'5475',731,,2703,4,,,0,100,,2704,4,,,0,100,,2705,4,,,0,100,,2706,4,,,0,100,,2707,4,,,0,100,,2708,4,,,0,100,,2700,4,,,0,100,,2701,4,,,0,100,,2698,4,,,0,100,,2697,4,,,0,100,,2699,4,,,0,110,,2696,4,0,7 6,0
401,'5501',731,,2716,4,,,0,100,,2717,4,,,0,100,,2718,4,,,0,100,,2719,4,,,0,100,,2720,4,,,0,100,,2721,4,,,0,100,,2713,4,,,0,100,,2714,4,,,0,100,,2711,4,,,0,100,,2710,4,,,0,100,,2712,4,,,0,110,,2709,4,0,7 6,0
401,'5503',831,,2722,4,,,0,100,,2724,4,,,0,100,,2725,4,,,0,100,,2723,4,,,0,100,,2727,4,,,0,100,,2726,4,,,0,100,,2728,4,,,0,100,,2729,4,,,0,100,,2730,4,,,0,100,,2731,4,,,0,110,,2732,4,0,7 6,0
401,'5505',731,,2740,4,,,0,100,,2741,4,,,0,100,,2742,4,,,0,100,,2743,4,,,0,100,,2744,4,,,0,100,,2745,4,,,0,100,,2737,4,,,0,100,,2738,4,,,0,100,,2735,4,,,0,100,,2734,4,,,0,100,,2736,4,,,0,110,,2733,4,0,7 6,0
401,'5506',731,,2753,4,,,0,100,,2754,4,,,0,100,,2755,4,,,0,100,,2756,4,,,0,100,,2757,4,,,0,100,,2758,4,,,0,100,,2750,4,,,0,100,,2751,4,,,0,100,,2748,4,,,0,100,,2747,4,,,0,100,,2749,4,,,0,110,,2746,4,0,7 6,0
401,'5508',731,,2766,4,,,0,100,,2767,4,,,0,100,,2768,4,,,0,100,,2769,4,,,0,100,,2770,4,,,0,100,,2771,4,,,0,100,,2763,4,,,0,100,,2764,4,,,0,100,,2761,4,,,0,100,,2760,4,,,0,100,,2762,4,,,0,110,,2759,4,0,7 6,0
500,'5501',811,,2818,29,0,11 12,0
500,'5505',811,,2866,29,0,11 12,0
501,'5501',1530,,2963,21,0,11 12,0
501,'5505',1530,,3011,21,0,11 12,0
1500,'5475',1900,,3122,18,0,14 15,0,124,,3125,18,0,13,0,123,,3127,18,0,13,0,85,,3129,18,0,13,0,180,,3132,18,0,13,0,124,,3130,18,0,13,0
1500,'5501',1900,,3134,18,0,14 15,0,124,,3137,18,0,13,0,123,,3139,18,0,13,0,85,,3141,18,0,13,0
1500,'5503',1900,,3142,18,0,13,0,124,,3144,18,0,13,0,123,,3146,18,0,13,0,85,,3148,18,0,13,0
1500,'5505',1900,,3149,18,0,14 15,0,124,,3152,18,0,13,0,123,,3154,18,0,13,0,85,,3156,18,0,13,0
1500,'5506',1900,,3157,18,0,14 15,0,124,,3160,18,0,13,0,123,,3162,18,0,13,0,85,,3164,18,0,13,0
1500,'5508',1900,,3165,18,0,14 15,0,124,,3168,18,0,13,0,123,,3170,18,0,13,0,85,,3172,18,0,13,0
1501,'5475',1934,,3173,30,0,7,0,124,,3175,30,0,7,0,388,,3180,30,0,7,0,164,,3178,30,0,7,0
1501,'5501',1934,,3181,30,0,7,0,124,,3183,30,0,7,0
1501,'5503',1934,,3186,30,0,7,0,124,,3187,30,0,7,0
1501,'5505',1934,,3189,30,0,7,0,124,,3191,30,0,7,0
1501,'5506',1934,,3193,30,0,7,0,124,,3195,30,0,7,0
1501,'5508',1934,,3197,30,0,7,0,124,,3199,30,0,7,0
