100,'5475',635,,2169,21,,,0,100,,2170,21,,,0,100,,2171,13,,,0,100,,2172,21,,,0,100,,2173,21,,,0,100,,2174,21,,,0,100,,2175,21,,,0,100,,2176,21,,,0,100,,2177,21,,,0,100,,2178,21,,,0,100,,2179,21,,,0,100,,2180,21,,,0
100,'5501',635,,2182,21,,,0,100,,2183,21,,,0,100,,2184,13,,,0,100,,2185,21,,,0,100,,2186,21,,,0,100,,2187,21,,,0,100,,2188,21,,,0,100,,2189,21,,,0,100,,2190,21,,,0,100,,2191,21,,,0,100,,2192,21,,,0,100,,2193,21,,,0
100,'5503',835,,2195,13,,,0,100,,2197,21,,,0,100,,2201,21,,,0,100,,2205,21,,,0,100,,2198,21,,,0,100,,2196,21,,,0,100,,2202,21,,,0,100,,2200,21,,,0,100,,2199,21,,,0,100,,2204,21,,,0
100,'5505',635,,2206,21,,,0,100,,2207,21,,,0,100,,2208,13,,,0,100,,2209,21,,,0,100,,2210,21,,,0,100,,2211,21,,,0,100,,2212,21,,,0,100,,2213,21,,,0,100,,2214,21,,,0,100,,2215,21,,,0,100,,2216,21,,,0,100,,2217,21,,,0
100,'5506',635,,2219,21,,,0,100,,2220,21,,,0,100,,2221,13,,,0,100,,2222,21,,,0,100,,2223,21,,,0,100,,2224,21,,,0,100,,2225,21,,,0,100,,2226,21,,,0,100,,2227,21,,,0,100,,2228,21,,,0,100,,2229,21,,,0,100,,2230,21,,,0
100,'5508',635,,2232,21,,,0,100,,2233,21,,,0,100,,2234,13,,,0,100,,2235,21,,,0,100,,2236,21,,,0,100,,2237,21,,,0,100,,2238,21,,,0,100,,2239,21,,,0,100,,2240,21,,,0,100,,2241,21,,,0,100,,2242,21,,,0,100,,2243,21,,,0
300,'5475',704,,2467,15,,,0,110,,2468,29,0,11 12,0,90,,2469,15,,,0,100,,2470,15,,,0,100,,2472,15,,,0,100,,2471,15,,,0,100,,2473,15,,,0,100,,2474,15,,,0,100,,2475,15,,,0,100,,2476,15,,,0,100,,2477,15,,,0,100,,2478,15,0,7 6,0
300,'5501',704,,2480,15,,,0,110,,2481,29,0,11 12,0,90,,2482,15,,,0,100,,2483,15,,,0,100,,2485,15,,,0,100,,2484,15,,,0,100,,2486,15,,,0,100,,2487,15,,,0,100,,2488,15,,,0,100,,2489,15,,,0,100,,2490,15,,,0,100,,2491,15,0,7 6,0
300,'5503',814,,2494,23,0,11 12,0,90,,2495,15,,,0,100,,2496,15,,,0,100,,2493,15,,,0,100,,2497,15,,,0,100,,2498,15,,,0,100,,2499,15,,,0,100,,2500,15,,,0,100,,2501,15,,,0,100,,2502,15,,,0,100,,2503,15,,,0
300,'5505',704,,2504,15,,,0,110,,2505,29,0,11 12,0,90,,2506,15,,,0,100,,2507,15,,,0,100,,2509,15,,,0,100,,2508,15,,,0,100,,2510,15,,,0,100,,2511,15,,,0,100,,2512,15,,,0,100,,2513,15,,,0,100,,2514,15,,,0,100,,2515,15,0,7 6,0
300,'5506',704,,2517,15,,,0,110,,2518,29,0,11 12,0,90,,2519,15,,,0,100,,2520,15,,,0,100,,2522,15,,,0,100,,2521,15,,,0,100,,2523,15,,,0,100,,2524,15,,,0,100,,2525,15,,,0,100,,2526,15,,,0,100,,2527,15,,,0,100,,2528,15,0,7 6,0
300,'5508',704,,2530,15,,,0,110,,2531,29,0,11 12,0,90,,2532,15,,,0,100,,2533,15,,,0,100,,2535,15,,,0,100,,2534,15,,,0,100,,2536,15,,,0,100,,2537,15,,,0,100,,2538,15,,,0,100,,2539,15,,,0,100,,2540,15,,,0,100,,2541,15,0,7 6,0
1501,'5475',1935,,3173,31,0,7,0,124,,3175,31,0,7,0,388,,3180,31,0,7,0,164,,3178,31,0,7,0
1501,'5501',1935,,3181,31,0,7,0,124,,3183,31,0,7,0
1501,'5503',1935,,3186,31,0,7,0,124,,3187,31,0,7,0
1501,'5505',1935,,3189,31,0,7,0,124,,3191,31,0,7,0
1501,'5506',1935,,3193,31,0,7,0,124,,3195,31,0,7,0
1501,'5508',1935,,3197,31,0,7,0,124,,3199,31,0,7,0
1600,'5504',906,,3201,11,0,16 18,0,100,,3204,17,,,0,100,,3203,17,,,0,100,,3202,17,,,0,100,,3205,17,,,0,100,,3206,17,,,0,100,,3207,17,,,0,100,,3208,17,,,0,100,,3209,17,,,0
7000,'5475',607,,3372,24,,,0,305,,3373,7,,,0,324,,3374,7,,,0,300,,3375,7,,,0
7000,'5501',607,,3376,24,,,0,305,,3377,7,,,0,324,,3378,7,,,0,300,,3379,7,,,0
7000,'5505',607,,3380,24,,,0,305,,3381,7,,,0,324,,3382,7,,,0,300,,3383,7,,,0
7000,'5506',607,,3384,24,,,0,305,,3385,7,,,0,324,,3386,7,,,0,300,,3387,7,,,0
