100,'5323',824,,3418,1,,,0
100,'5325',824,,3429,1,,,0
101,'5323',824,,3442,38,4,,0
101,'5325',824,,3463,15,4,,0
300,'5323',652,,3510,3,,,0,100,,3511,3,0,11 12,0,100,,3512,3,,,0,100,,3513,3,,,0,100,,3515,3,,,0,100,,3514,3,,,0,100,,3516,3,,,0,100,,3517,3,,,0,100,,3518,3,,,0,100,,3519,3,,,0,100,,3520,3,,,0,100,,3521,3,,,0
300,'5325',852,,3525,3,,,0,100,,3526,3,,,0,100,,3523,3,,,0,100,,3527,3,,,0,100,,3528,3,,,0,100,,3529,3,,,0,100,,3530,3,,,0,100,,3531,3,,,0,100,,3532,3,,,0,100,,3533,3,,,0
500,'5210',1252,7,3607,8,,,0,100,7,3608,8,,,0,100,7,3609,8,,,0,100,7,3610,8,,,0
500,'5323',722,7,3611,8,,,0,30,7,3633,8,,,0,70,7,3613,8,,,0,30,7,3631,8,,,0,70,7,3614,8,,,0,30,7,3621,8,,,0,70,7,3615,8,,,0,30,7,3622,8,,,0,70,7,3612,8,,,0,30,7,3623,8,,,0,70,7,3617,8,,,0,30,7,3624,8,,,0,70,7,3616,8,,,0,30,7,3625,8,,,0,70,7,3618,8,,,0,30,7,3628,8,,,0,70,7,3619,8,,,0,30,7,3634,8,,,0,70,7,3620,8,,,0,30,7,3632,8,,,0,70,7,3626,8,,,0,30,7,3627,8,,,0,70,7,3629,8,,,0,23,,3630,8,4,,0
500,'5325',922,7,3635,8,,,0,30,7,3651,8,,,0,70,7,3640,8,,,0,30,7,3648,8,,,0,70,7,3641,8,,,0,30,7,3649,8,,,0,70,7,3643,8,,,0,30,7,3647,8,,,0,70,7,3644,8,,,0,30,7,3650,8,,,0,70,7,3642,8,,,0,30,7,3652,8,,,0,70,7,3639,8,,,0,30,7,3646,8,,,0,70,7,3638,8,,,0,30,7,3645,8,,,0,70,7,3636,8,,,0,30,7,3653,8,,,0,70,7,3637,8,,,0,23,,3654,8,4,,0
1600,'5210',952,,3751,3,,,0,100,,3750,3,,,0,100,,3749,3,,,0,100,,3752,3,,,0,100,,3753,3,,,0,100,,3754,3,,,0,100,,3755,3,,,0,100,,3756,3,,,0,100,,3758,3,,,0,100,,3757,3,0,14 15,0
4000,'5323',820,,3805,8,4,,0,516,,3804,8,4,,0
5000,'5324',855,,3810,8,,,0
7000,'5323',559,,3812,14,,,0
