101,'5475',819,,2247,35,,,0
101,'5501',819,,2260,35,,,0
101,'5503',819,,2281,12,,,0
101,'5505',819,,2284,35,,,0
101,'5506',819,,2297,35,,,0
101,'5508',819,,2310,35,,,0
1500,'5475',1907,,3123,4,0,13,0,124,,3125,30,0,13,0,123,,3127,30,0,13,0,85,,3129,30,0,13,0,181,,3132,30,0,13,0,124,,3130,30,0,13,0
1500,'5501',1907,,3135,4,0,13,0,124,,3137,30,0,13,0,123,,3139,30,0,13,0,85,,3141,30,0,13,0
1500,'5503',1907,,3142,30,0,13,0,124,,3144,30,0,13,0,123,,3146,30,0,13,0,85,,3148,30,0,13,0
1500,'5505',1907,,3150,4,0,13,0,124,,3152,30,0,13,0,123,,3154,30,0,13,0,85,,3156,30,0,13,0
1500,'5506',1907,,3158,4,0,13,0,124,,3160,30,0,13,0,123,,3162,30,0,13,0,85,,3164,30,0,13,0
1500,'5508',1907,,3166,4,0,13,0,124,,3168,30,0,13,0,123,,3170,30,0,13,0,85,,3172,30,0,13,0
1601,'5504',944,,3211,25,0,22 18,0,100,,3213,25,0,22 18,0,100,,3212,25,0,22 18,0,100,,3214,25,0,22 18,0,100,,3216,25,0,22 18,0,100,,3215,25,0,22 18,0,100,,3217,25,0,22 18,0,100,,3218,25,0,22 18,0,100,,3219,25,0,22 18,0
2001,'5475',643,,3240,4,0,16 17,0,164,,3241,4,0,16 17,0,295,,3242,4,0,8 9,0,435,,3244,4,0,8 9,0,170,,3243,4,0,8 9,0
2001,'5501',643,,3245,4,0,16 17,0,164,,3246,4,0,16 17,0,295,,3247,4,0,8 9,0,435,,3249,4,0,8 9,0,170,,3248,4,0,8 9,0
2001,'5505',643,,3250,4,0,16 17,0,164,,3251,4,0,16 17,0,295,,3252,4,0,8 9,0,435,,3254,4,0,8 9,0,170,,3253,4,0,8 9,0
2001,'5506',643,,3255,4,0,16 17,0,164,,3256,4,0,16 17,0,295,,3257,4,0,8 9,0,435,,3259,4,0,8 9,0,170,,3258,4,0,8 9,0
7000,'5475',552,,3372,3,,,0
7000,'5501',552,,3376,3,,,0
7000,'5505',552,,3380,3,,,0
7000,'5506',552,,3384,3,,,0
