100,'5323',644,,3416,29,,,0,100,,3417,29,,,0,100,,3418,22,,,0,100,,3419,29,,,0,100,,3420,29,,,0,100,,3421,29,,,0,100,,3422,29,,,0,100,,3423,29,,,0,100,,3424,29,,,0,100,,3425,29,,,0,100,,3426,29,,,0,100,,3427,29,,,0
100,'5325',844,,3429,22,,,0,100,,3431,29,,,0,100,,3436,29,,,0,100,,3439,29,,,0,100,,3432,29,,,0,100,,3430,29,,,0,100,,3434,29,,,0,100,,3435,29,,,0,100,,3433,29,,,0,100,,3438,29,,,0
201,'5323',713,,3486,20,,,0,100,,3487,20,,,0,100,,3488,20,,,0,100,,3489,20,,,0,100,,3490,20,,,0,100,,3491,20,,,0,100,,3492,20,,,0,100,,3493,20,,,0,100,,3494,20,,,0,100,,3495,20,,,0,100,,3496,20,,,0,100,,3498,2,,,0
201,'5325',813,,3499,20,,,0,100,,3500,20,,,0,100,,3501,20,,,0,100,,3502,20,,,0,100,,3503,20,,,0,100,,3504,20,,,0,100,,3505,20,,,0,100,,3506,20,,,0,100,,3507,20,,,0,100,,3508,20,,,0,100,,3509,20,,,0
1101,'5323',1240,,3724,8,,,0,572,,3722,8,,,0
1501,'5323',1940,,3741,2,,,0,164,,3743,2,,,0
1501,'5325',1940,,3744,2,,,0,164,,3747,2,,,0
1600,'5210',911,,3748,20,,,0,100,,3751,26,,,0,100,,3750,26,,,0,100,,3749,26,,,0,100,,3752,26,,,0,100,,3753,26,,,0,100,,3754,26,,,0,100,,3755,26,,,0,100,,3756,26,,,0,100,,3758,26,,,0
4001,'5323',943,,3806,2,,,0,604,,3807,2,,,0
7000,'5323',612,,3812,33,,,0,305,,3813,16,,,0,324,,3814,16,,,0,300,,3815,16,,,0
