201,'5475',706,,2391,17,,,0,100,,2392,17,,,0,100,,2393,17,,,0,100,,2394,17,,,0,100,,2395,17,,,0,100,,2396,17,,,0,100,,2397,17,,,0,100,,2398,17,,,0,100,,2399,17,,,0,100,,2400,17,,,0,100,,2401,17,,,0,100,,2402,17,0,7 6,0
201,'5501',706,,2404,17,,,0,100,,2405,17,,,0,100,,2406,17,,,0,100,,2407,17,,,0,100,,2408,17,,,0,100,,2409,17,,,0,100,,2410,17,,,0,100,,2411,17,,,0,100,,2412,17,,,0,100,,2413,17,,,0,100,,2414,17,,,0,100,,2415,17,0,7 6,0
201,'5503',806,,2417,17,,,0,100,,2418,17,,,0,100,,2419,17,,,0,100,,2420,17,,,0,100,,2421,17,,,0,100,,2422,17,,,0,100,,2423,17,,,0,100,,2424,17,,,0,100,,2425,17,,,0,100,,2426,17,,,0,100,,2427,17,,,0
201,'5505',706,,2428,17,,,0,100,,2429,17,,,0,100,,2430,17,,,0,100,,2431,17,,,0,100,,2432,17,,,0,100,,2433,17,,,0,100,,2434,17,,,0,100,,2435,17,,,0,100,,2436,17,,,0,100,,2437,17,,,0,100,,2438,17,,,0,100,,2439,17,0,7 6,0
201,'5506',706,,2441,17,,,0,100,,2442,17,,,0,100,,2443,17,,,0,100,,2444,17,,,0,100,,2445,17,,,0,100,,2446,17,,,0,100,,2447,17,,,0,100,,2448,17,,,0,100,,2449,17,,,0,100,,2450,17,,,0,100,,2451,17,,,0,100,,2452,17,0,7 6,0
201,'5508',706,,2454,17,,,0,100,,2455,17,,,0,100,,2456,17,,,0,100,,2457,17,,,0,100,,2458,17,,,0,100,,2459,17,,,0,100,,2460,17,,,0,100,,2461,17,,,0,100,,2462,17,,,0,100,,2463,17,,,0,100,,2464,17,,,0,100,,2465,17,0,7 6,0
500,'5475',742,,2772,26,4,,0,70,,2794,26,4,,0,30,,2774,26,4,,0,70,,2792,26,4,,0,30,,2775,26,4,,0,70,,2782,26,4,,0,30,,2776,26,4,,0,70,,2783,26,4,,0,30,,2773,26,4,,0,70,,2784,26,4,,0,30,,2778,26,4,,0,70,,2785,26,4,,0,30,,2777,26,4,,0,70,,2786,26,4,,0,30,,2779,26,4,,0,70,,2788,26,4,,0,30,,2780,26,4,,0,70,,2795,26,4,,0,30,,2781,26,4,,0,70,,2793,26,4,,0,30,,2787,26,4,,0,70,,2789,26,4,,0,30,,2790,26,4,,0
500,'5501',742,,2796,26,4,,0,74,,2818,41,4,,0,26,,2798,26,4,,0,70,,2816,26,4,,0,30,,2799,26,4,,0,70,,2806,26,4,,0,30,,2800,26,4,,0,70,,2807,26,4,,0,30,,2797,26,4,,0,70,,2808,26,4,,0,30,,2802,26,4,,0,70,,2809,26,4,,0,30,,2801,26,4,,0,70,,2810,26,4,,0,30,,2803,26,4,,0,70,,2812,26,4,,0,30,,2804,26,4,,0,73,,2819,26,4,,0,27,,2805,26,4,,0,70,,2817,26,4,,0,30,,2811,26,4,,0,70,,2813,26,4,,0,30,,2814,26,4,,0
500,'5503',942,,2820,26,4,,0,70,,2836,26,4,,0,30,,2825,26,4,,0,70,,2833,26,4,,0,30,,2826,26,4,,0,70,,2834,26,4,,0,30,,2828,26,4,,0,70,,2832,26,4,,0,30,,2829,26,4,,0,70,,2835,26,4,,0,30,,2827,26,4,,0,70,,2837,26,4,,0,30,,2824,26,4,,0,70,,2831,26,4,,0,30,,2823,26,4,,0,70,,2830,26,4,,0,30,,2821,26,4,,0,70,,2838,26,4,,0,30,,2822,26,4,,0
500,'5504',1312,,2840,26,4,,0,100,,2841,26,4,,0,100,,2842,26,4,,0,100,,2843,26,4,,0
500,'5505',742,,2844,26,4,,0,74,,2866,41,4,,0,26,,2846,26,4,,0,70,,2864,26,4,,0,30,,2847,26,4,,0,70,,2854,26,4,,0,30,,2848,26,4,,0,70,,2855,26,4,,0,30,,2845,26,4,,0,70,,2856,26,4,,0,30,,2850,26,4,,0,70,,2857,26,4,,0,30,,2849,26,4,,0,70,,2858,26,4,,0,30,,2851,26,4,,0,70,,2860,26,4,,0,30,,2852,26,4,,0,73,,2867,26,4,,0,27,,2853,26,4,,0,70,,2865,26,4,,0,30,,2859,26,4,,0,70,,2861,26,4,,0,30,,2862,26,4,,0
500,'5506',742,,2868,26,4,,0,70,,2890,26,4,,0,30,,2870,26,4,,0,70,,2888,26,4,,0,30,,2871,26,4,,0,70,,2878,26,4,,0,30,,2872,26,4,,0,70,,2879,26,4,,0,30,,2869,26,4,,0,70,,2880,26,4,,0,30,,2874,26,4,,0,70,,2881,26,4,,0,30,,2873,26,4,,0,70,,2882,26,4,,0,30,,2875,26,4,,0,70,,2884,26,4,,0,30,,2876,26,4,,0,70,,2891,26,4,,0,30,,2877,26,4,,0,70,,2889,26,4,,0,30,,2883,26,4,,0,70,,2885,26,4,,0,30,,2886,26,4,,0
500,'5508',742,,2892,26,4,,0,70,,2914,26,4,,0,30,,2894,26,4,,0,70,,2912,26,4,,0,30,,2895,26,4,,0,70,,2902,26,4,,0,30,,2896,26,4,,0,70,,2903,26,4,,0,30,,2893,26,4,,0,70,,2904,26,4,,0,30,,2898,26,4,,0,70,,2905,26,4,,0,30,,2897,26,4,,0,70,,2906,26,4,,0,30,,2899,26,4,,0,70,,2908,26,4,,0,30,,2900,26,4,,0,70,,2915,26,4,,0,30,,2901,26,4,,0,70,,2913,26,4,,0,30,,2907,26,4,,0,70,,2909,26,4,,0,30,,2910,26,4,,0
501,'5475',742,,2917,1,,,0,70,,2938,1,,,0,30,,2919,1,,,0,70,,2927,1,,,0,30,,2920,1,,,0,70,,2928,1,,,0,30,,2921,1,,,0,70,,2929,1,,,0,30,,2918,1,,,0,70,,2930,1,,,0,30,,2923,1,,,0,70,,2931,1,,,0,30,,2922,1,,,0,70,,2932,1,,,0,30,,2924,1,,,0,70,,2939,1,,,0,30,,2925,1,,,0,70,,2937,1,,,0,30,,2933,1,,,0,70,,2934,1,,,0,30,,2935,1,,,0,70,,2936,1,,,0
501,'5501',742,,2941,1,,,0,74,,2962,1,,,0,26,,2943,1,,,0,70,,2951,1,,,0,30,,2944,1,,,0,70,,2952,1,,,0,30,,2945,1,,,0,70,,2953,1,,,0,30,,2942,1,,,0,70,,2954,1,,,0,30,,2947,1,,,0,70,,2955,1,,,0,30,,2946,1,,,0,70,,2956,1,,,0,30,,2948,1,,,0,70,,2963,1,0,11 12,0,30,,2949,1,,,0,73,,2961,1,,,0,27,,2957,1,,,0,70,,2958,1,,,0,30,,2959,1,,,0,70,,2960,1,,,0
501,'5503',942,,2971,1,,,0,70,,2981,1,,,0,30,,2972,1,,,0,70,,2977,1,,,0,30,,2968,1,,,0,70,,2978,1,,,0,30,,2973,1,,,0,70,,2979,1,,,0,30,,2964,1,,,0,70,,2982,1,,,0,30,,2965,1,,,0,70,,2983,1,,,0,30,,2966,1,,,0,70,,2974,1,,,0,30,,2967,1,,,0,70,,2975,1,,,0,30,,2970,1,,,0,70,,2976,1,,,0
501,'5504',1212,,2984,1,,,0,100,,2985,1,,,0,100,,2986,1,,,0,100,,2987,1,,,0
501,'5505',742,,2989,1,,,0,74,,3010,1,,,0,26,,2991,1,,,0,70,,2999,1,,,0,30,,2992,1,,,0,70,,3000,1,,,0,30,,2993,1,,,0,70,,3001,1,,,0,30,,2990,1,,,0,70,,3002,1,,,0,30,,2995,1,,,0,70,,3003,1,,,0,30,,2994,1,,,0,70,,3004,1,,,0,30,,2996,1,,,0,70,,3011,1,0,11 12,0,30,,2997,1,,,0,73,,3009,1,,,0,27,,3005,1,,,0,70,,3006,1,,,0,30,,3007,1,,,0,70,,3008,1,,,0
501,'5506',742,,3013,1,,,0,70,,3034,1,,,0,30,,3015,1,,,0,70,,3023,1,,,0,30,,3016,1,,,0,70,,3024,1,,,0,30,,3017,1,,,0,70,,3025,1,,,0,30,,3014,1,,,0,70,,3026,1,,,0,30,,3019,1,,,0,70,,3027,1,,,0,30,,3018,1,,,0,70,,3028,1,,,0,30,,3020,1,,,0,70,,3035,1,,,0,30,,3021,1,,,0,70,,3033,1,,,0,30,,3029,1,,,0,70,,3030,1,,,0,30,,3031,1,,,0,70,,3032,1,,,0
501,'5508',742,,3037,1,,,0,70,,3058,1,,,0,30,,3039,1,,,0,70,,3047,1,,,0,30,,3040,1,,,0,70,,3048,1,,,0,30,,3041,1,,,0,70,,3049,1,,,0,30,,3038,1,,,0,70,,3050,1,,,0,30,,3043,1,,,0,70,,3051,1,,,0,30,,3042,1,,,0,70,,3052,1,,,0,30,,3044,1,,,0,70,,3059,1,,,0,30,,3045,1,,,0,70,,3057,1,,,0,30,,3053,1,,,0,70,,3054,1,,,0,30,,3055,1,,,0,70,,3056,1,,,0
