401,'5475',649,,2702,11,,,0,100,,2703,24,,,0,100,,2704,24,,,0,100,,2705,24,,,0,100,,2706,24,,,0,100,,2707,24,,,0,100,,2708,24,,,0,100,,2700,24,,,0,100,,2701,24,,,0,100,,2698,24,,,0,100,,2697,24,,,0,100,,2699,24,,,0
401,'5501',649,,2715,11,,,0,100,,2716,24,,,0,100,,2717,24,,,0,100,,2718,24,,,0,100,,2719,24,,,0,100,,2720,24,,,0,100,,2721,24,,,0,100,,2713,24,,,0,100,,2714,24,,,0,100,,2711,24,,,0,100,,2710,24,,,0,100,,2712,24,,,0
401,'5503',849,,2722,24,,,0,100,,2724,24,,,0,100,,2725,24,,,0,100,,2723,24,,,0,100,,2727,24,,,0,100,,2726,24,,,0,100,,2728,24,,,0,100,,2729,24,,,0,100,,2730,24,,,0,100,,2731,24,,,0
401,'5505',649,,2739,11,,,0,100,,2740,24,,,0,100,,2741,24,,,0,100,,2742,24,,,0,100,,2743,24,,,0,100,,2744,24,,,0,100,,2745,24,,,0,100,,2737,24,,,0,100,,2738,24,,,0,100,,2735,24,,,0,100,,2734,24,,,0,100,,2736,24,,,0
401,'5506',649,,2752,11,,,0,100,,2753,24,,,0,100,,2754,24,,,0,100,,2755,24,,,0,100,,2756,24,,,0,100,,2757,24,,,0,100,,2758,24,,,0,100,,2750,24,,,0,100,,2751,24,,,0,100,,2748,24,,,0,100,,2747,24,,,0,100,,2749,24,,,0
401,'5508',649,,2765,11,,,0,100,,2766,24,,,0,100,,2767,24,,,0,100,,2768,24,,,0,100,,2769,24,,,0,100,,2770,24,,,0,100,,2771,24,,,0,100,,2763,24,,,0,100,,2764,24,,,0,100,,2761,24,,,0,100,,2760,24,,,0,100,,2762,24,,,0
3001,'5475',750,,3310,16,,,0,350,,3311,14,,,0,145,,3314,14,,,0,295,,3312,16,,,0,170,,3313,14,,,0
3001,'5501',750,,3315,16,,,0,350,,3316,14,,,0,145,,3319,14,,,0,295,,3317,16,,,0,170,,3318,14,,,0
3001,'5503',850,,3320,16,,,0,250,,3321,14,,,0,145,,3322,14,,,0,295,,3323,16,,,0,170,,3324,14,,,0
3001,'5505',750,,3325,16,,,0,350,,3326,14,,,0,145,,3329,14,,,0,295,,3327,16,,,0,170,,3328,14,,,0
3001,'5506',750,,3330,16,,,0,350,,3331,14,,,0,145,,3334,14,,,0,295,,3332,16,,,0,170,,3333,14,,,0
3001,'5508',750,,3335,16,,,0,350,,3336,14,,,0,145,,3339,14,,,0,295,,3337,16,,,0,170,,3338,14,,,0
4001,'5475',950,,3349,9,,,0,604,,3350,9,,,0
4001,'5501',950,,3351,9,,,0,604,,3352,9,,,0
4001,'5505',950,,3353,9,,,0,604,,3354,9,,,0
4001,'5506',950,,3356,9,,,0,604,,3357,9,,,0
