201,'5475',719,,4042,27,,,0,100,,4043,27,,,0,100,,4044,27,,,0,100,,4045,27,,,0,100,,4046,27,,,0,100,,4047,27,,,0,100,,4048,27,,,0,100,,4049,27,,,0,100,,4050,27,,,0,100,,4051,27,,,0,100,,4052,27,,,0,100,,4054,9,,,0
201,'5501',719,,4055,27,,,0,100,,4056,27,,,0,100,,4057,27,,,0,100,,4058,27,,,0,100,,4059,27,,,0,100,,4060,27,,,0,100,,4061,27,,,0,100,,4062,27,,,0,100,,4063,27,,,0,100,,4064,27,,,0,100,,4065,27,,,0,100,,4067,9,,,0
201,'5503',819,,4068,27,,,0,100,,4069,27,,,0,100,,4070,27,,,0,100,,4071,27,,,0,100,,4072,27,,,0,100,,4073,27,,,0,100,,4074,27,,,0,100,,4075,27,,,0,100,,4076,27,,,0,100,,4077,27,,,0,100,,4078,27,,,0
201,'5505',719,,4079,27,,,0,100,,4080,27,,,0,100,,4081,27,,,0,100,,4082,27,,,0,100,,4083,27,,,0,100,,4084,27,,,0,100,,4085,27,,,0,100,,4086,27,,,0,100,,4087,27,,,0,100,,4088,27,,,0,100,,4089,27,,,0,100,,4091,9,,,0
201,'5506',719,,4092,27,,,0,100,,4093,27,,,0,100,,4094,27,,,0,100,,4095,27,,,0,100,,4096,27,,,0,100,,4097,27,,,0,100,,4098,27,,,0,100,,4099,27,,,0,100,,4100,27,,,0,100,,4101,27,,,0,100,,4102,27,,,0,100,,4104,9,,,0
201,'5508',719,,4105,27,,,0,100,,4106,27,,,0,100,,4107,27,,,0,100,,4108,27,,,0,100,,4109,27,,,0,100,,4110,27,,,0,100,,4111,27,,,0,100,,4112,27,,,0,100,,4113,27,,,0,100,,4114,27,,,0,100,,4115,27,,,0,100,,4117,9,,,0
1501,'5475',1946,,4825,9,,,0,164,,4827,9,,,0,348,,4830,9,,,0,164,,4828,9,0,14 15,0
1501,'5501',1946,,4833,9,,,0,164,,4835,9,,,0
1501,'5503',1946,,4836,9,,,0,164,,4839,9,,,0
1501,'5505',1946,,4841,9,,,0,164,,4843,9,,,0
1501,'5506',1946,,4845,9,,,0,164,,4847,9,,,0
1501,'5508',1946,,4849,9,,,0,164,,4851,9,,,0
