101,'5475',702,,3897,14,,,0,100,,3898,14,,,0,100,,3899,14,,,0,100,,3900,14,,,0,100,,3902,14,,,0,100,,3901,14,,,0,100,,3904,14,,,0,100,,3903,14,,,0,100,,3905,14,,,0,100,,3906,14,,,0,100,,3907,14,,,0,100,,3908,14,,,0
101,'5501',702,,3910,14,,,0,100,,3911,14,,,0,100,,3912,14,,,0,100,,3913,14,,,0,100,,3915,14,,,0,100,,3914,14,,,0,100,,3917,14,,,0,100,,3916,14,,,0,100,,3918,14,,,0,100,,3919,14,,,0,100,,3920,14,,,0,100,,3921,14,,,0
101,'5503',902,,3926,14,,,0,100,,3928,14,,,0,100,,3922,14,,,0,100,,3924,14,,,0,100,,3927,14,,,0,100,,3925,14,,,0,100,,3929,14,,,0,100,,3923,14,,,0,100,,3930,14,,,0,100,,3931,14,,,0
101,'5505',702,,3934,14,,,0,100,,3935,14,,,0,100,,3936,14,,,0,100,,3937,14,,,0,100,,3939,14,,,0,100,,3938,14,,,0,100,,3941,14,,,0,100,,3940,14,,,0,100,,3942,14,,,0,100,,3943,14,,,0,100,,3944,14,,,0,100,,3945,14,,,0
101,'5506',702,,3947,14,,,0,100,,3948,14,,,0,100,,3949,14,,,0,100,,3950,14,,,0,100,,3952,14,,,0,100,,3951,14,,,0,100,,3954,14,,,0,100,,3953,14,,,0,100,,3955,14,,,0,100,,3956,14,,,0,100,,3957,14,,,0,100,,3958,14,,,0
101,'5508',702,,3960,14,,,0,100,,3961,14,,,0,100,,3962,14,,,0,100,,3963,14,,,0,100,,3965,14,,,0,100,,3964,14,,,0,100,,3967,14,,,0,100,,3966,14,,,0,100,,3968,14,,,0,100,,3969,14,,,0,100,,3970,14,,,0,100,,3971,14,,,0
301,'5475',632,,4194,6,,,0,100,,4195,16,,,0,100,,4196,9,,,0,100,,4197,16,,,0,100,,4198,16,,,0,100,,4199,16,,,0,100,,4200,16,,,0,100,,4201,16,,,0,100,,4202,16,,,0,100,,4203,16,,,0,100,,4204,16,,,0,100,,4205,16,,,0
301,'5501',632,,4207,6,,,0,100,,4208,16,,,0,100,,4209,9,,,0,100,,4210,16,,,0,100,,4211,16,,,0,100,,4212,16,,,0,100,,4213,16,,,0,100,,4214,16,,,0,100,,4215,16,,,0,100,,4216,16,,,0,100,,4217,16,,,0,100,,4218,16,,,0
301,'5503',832,,4221,9,,,0,100,,4220,16,,,0,100,,4223,16,,,0,100,,4222,16,,,0,100,,4224,16,,,0,100,,4225,16,,,0,100,,4226,16,,,0,100,,4227,16,,,0,100,,4228,16,,,0,100,,4230,16,,,0
301,'5505',632,,4231,6,,,0,100,,4232,16,,,0,100,,4233,9,,,0,100,,4234,16,,,0,100,,4235,16,,,0,100,,4236,16,,,0,100,,4237,16,,,0,100,,4238,16,,,0,100,,4239,16,,,0,100,,4240,16,,,0,100,,4241,16,,,0,100,,4242,16,,,0
301,'5506',632,,4244,6,,,0,100,,4245,16,,,0,100,,4246,9,,,0,100,,4247,16,,,0,100,,4248,16,,,0,100,,4249,16,,,0,100,,4250,16,,,0,100,,4251,16,,,0,100,,4252,16,,,0,100,,4253,16,,,0,100,,4254,16,,,0,100,,4255,16,,,0
301,'5508',632,,4257,6,,,0,100,,4258,16,,,0,100,,4259,9,,,0,100,,4260,16,,,0,100,,4261,16,,,0,100,,4262,16,,,0,100,,4263,16,,,0,100,,4264,16,,,0,100,,4265,16,,,0,100,,4266,16,,,0,100,,4267,16,,,0,100,,4268,16,,,0
1500,'5475',1851,,4773,6,0,14 15,0,164,,4776,6,0,13,0,124,,4778,6,0,13,0,85,,4780,6,0,13,0,179,,4783,6,0,13,0,124,,4781,6,0,13,0
1500,'5501',1851,,4785,6,0,14 15,0,164,,4788,6,0,13,0,124,,4790,6,0,13,0,85,,4792,6,0,13,0
1500,'5503',1851,,4793,6,0,13,0,164,,4795,6,0,13,0,124,,4797,6,0,13,0,85,,4799,6,0,13,0
1500,'5505',1851,,4800,6,0,14 15,0,164,,4803,6,0,13,0,124,,4805,6,0,13,0,85,,4807,6,0,13,0
1500,'5506',1851,,4808,6,0,14 15,0,164,,4811,6,0,13,0,124,,4813,6,0,13,0,85,,4815,6,0,13,0
1500,'5508',1851,,4816,6,0,14 15,0,164,,4819,6,0,13,0,124,,4821,6,0,13,0,85,,4823,6,0,13,0
7001,'5475',847,,5039,19,0,14 15,0,296,,5040,17,0,14 15,0,365,,5041,19,0,14 15,0,305,,5042,17,,,0
7001,'5501',847,,5043,19,0,14 15,0,296,,5044,17,0,14 15,0,365,,5045,19,0,14 15,0,305,,5046,17,,,0
7001,'5505',847,,5047,19,0,14 15,0,296,,5048,17,0,14 15,0,365,,5049,19,0,14 15,0,305,,5050,17,,,0
7001,'5506',847,,5051,19,0,14 15,0,296,,5052,17,0,14 15,0,365,,5053,19,0,14 15,0,305,,5054,17,,,0
