100,'5475',645,,2169,33,,,0,100,,2170,33,,,0,100,,2171,25,,,0,100,,2172,33,,,0,100,,2173,33,,,0,100,,2174,33,,,0,100,,2175,33,,,0,100,,2176,33,,,0,100,,2177,33,,,0,100,,2178,33,,,0,100,,2179,33,,,0,100,,2180,33,,,0
100,'5501',645,,2182,33,,,0,100,,2183,33,,,0,100,,2184,25,,,0,100,,2185,33,,,0,100,,2186,33,,,0,100,,2187,33,,,0,100,,2188,33,,,0,100,,2189,33,,,0,100,,2190,33,,,0,100,,2191,33,,,0,100,,2192,33,,,0,100,,2193,33,,,0
100,'5503',845,,2195,25,,,0,100,,2197,33,,,0,100,,2201,33,,,0,100,,2205,33,,,0,100,,2198,33,,,0,100,,2196,33,,,0,100,,2202,33,,,0,100,,2200,33,,,0,100,,2199,33,,,0,100,,2204,33,,,0
100,'5505',645,,2206,33,,,0,100,,2207,33,,,0,100,,2208,25,,,0,100,,2209,33,,,0,100,,2210,33,,,0,100,,2211,33,,,0,100,,2212,33,,,0,100,,2213,33,,,0,100,,2214,33,,,0,100,,2215,33,,,0,100,,2216,33,,,0,100,,2217,33,,,0
100,'5506',645,,2219,33,,,0,100,,2220,33,,,0,100,,2221,25,,,0,100,,2222,33,,,0,100,,2223,33,,,0,100,,2224,33,,,0,100,,2225,33,,,0,100,,2226,33,,,0,100,,2227,33,,,0,100,,2228,33,,,0,100,,2229,33,,,0,100,,2230,33,,,0
100,'5508',645,,2232,33,,,0,100,,2233,33,,,0,100,,2234,25,,,0,100,,2235,33,,,0,100,,2236,33,,,0,100,,2237,33,,,0,100,,2238,33,,,0,100,,2239,33,,,0,100,,2240,33,,,0,100,,2241,33,,,0,100,,2242,33,,,0,100,,2243,33,,,0
400,'5475',709,,2619,11,,,0,100,,2624,11,,,0,100,,2625,11,,,0,100,,2626,11,,,0,100,,2628,11,,,0,100,,2629,11,,,0,100,,2630,11,,,0,100,,2631,11,,,0,100,,2627,11,,,0,100,,2622,11,,,0,100,,2623,11,,,0,100,,2621,11,0,7 6,0
400,'5501',709,,2632,11,,,0,100,,2637,11,,,0,100,,2638,11,,,0,100,,2639,11,,,0,100,,2641,11,,,0,100,,2642,11,,,0,100,,2643,11,,,0,100,,2644,11,,,0,100,,2640,11,,,0,100,,2635,11,,,0,100,,2636,11,,,0,100,,2634,11,0,7 6,0
400,'5503',809,,2648,11,,,0,100,,2651,11,,,0,100,,2645,11,,,0,100,,2646,11,,,0,100,,2649,11,,,0,100,,2650,11,,,0,100,,2647,11,,,0,100,,2652,11,,,0,100,,2653,11,,,0,100,,2654,11,,,0,100,,2655,11,0,7 6,0
400,'5505',709,,2657,11,,,0,100,,2662,11,,,0,100,,2663,11,,,0,100,,2664,11,,,0,100,,2666,11,,,0,100,,2667,11,,,0,100,,2668,11,,,0,100,,2669,11,,,0,100,,2665,11,,,0,100,,2660,11,,,0,100,,2661,11,,,0,100,,2659,11,0,7 6,0
400,'5506',709,,2670,11,,,0,100,,2675,11,,,0,100,,2676,11,,,0,100,,2677,11,,,0,100,,2679,11,,,0,100,,2680,11,,,0,100,,2681,11,,,0,100,,2682,11,,,0,100,,2678,11,,,0,100,,2673,11,,,0,100,,2674,11,,,0,100,,2672,11,0,7 6,0
400,'5508',709,,2683,11,,,0,100,,2688,11,,,0,100,,2689,11,,,0,100,,2690,11,,,0,100,,2692,11,,,0,100,,2693,11,,,0,100,,2694,11,,,0,100,,2695,11,,,0,100,,2691,11,,,0,100,,2686,11,,,0,100,,2687,11,,,0,100,,2685,11,0,7 6,0
1600,'5504',913,,3201,23,0,16 18,0,100,,3204,29,,,0,100,,3203,29,,,0,100,,3202,29,,,0,100,,3205,29,,,0,100,,3206,29,,,0,100,,3207,29,,,0,100,,3208,29,,,0,100,,3209,29,,,0
3000,'5475',815,,3281,17,,,0,310,,3280,17,,,0,185,,3284,17,,,0,295,,3282,17,,,0,131,,3283,17,,,0
3000,'5501',815,,3286,17,,,0,310,,3285,17,,,0,185,,3289,17,,,0,295,,3287,17,,,0,131,,3288,17,,,0
3000,'5503',915,,3290,17,,,0,210,,3291,17,,,0,185,,3293,17,,,0,295,,3292,17,,,0,131,,3294,17,,,0
3000,'5505',815,,3296,17,,,0,310,,3295,17,,,0,185,,3299,17,,,0,295,,3297,17,,,0,131,,3298,17,,,0
3000,'5506',815,,3301,17,,,0,310,,3300,17,,,0,185,,3304,17,,,0,295,,3302,17,,,0,131,,3303,17,,,0
3000,'5508',815,,3306,17,,,0,310,,3305,17,,,0,185,,3309,17,,,0,295,,3307,17,,,0,131,,3308,17,,,0
7000,'5475',614,,3372,36,,,0,305,,3373,19,,,0,324,,3374,19,,,0,300,,3375,19,,,0
7000,'5501',614,,3376,36,,,0,305,,3377,19,,,0,324,,3378,19,,,0,300,,3379,19,,,0
7000,'5505',614,,3380,36,,,0,305,,3381,19,,,0,324,,3382,19,,,0,300,,3383,19,,,0
7000,'5506',614,,3384,36,,,0,305,,3385,19,,,0,324,,3386,19,,,0,300,,3387,19,,,0
