301,'5475',643,,4194,17,,,0,100,,4195,27,,,0,100,,4196,20,,,0,100,,4197,27,,,0,100,,4198,27,,,0,100,,4199,27,,,0,100,,4200,27,,,0,100,,4201,27,,,0,100,,4202,27,,,0,100,,4203,27,,,0,100,,4204,27,,,0,100,,4205,27,,,0
301,'5501',643,,4207,17,,,0,100,,4208,27,,,0,100,,4209,20,,,0,100,,4210,27,,,0,100,,4211,27,,,0,100,,4212,27,,,0,100,,4213,27,,,0,100,,4214,27,,,0,100,,4215,27,,,0,100,,4216,27,,,0,100,,4217,27,,,0,100,,4218,27,,,0
301,'5503',843,,4221,20,,,0,100,,4220,27,,,0,100,,4223,27,,,0,100,,4222,27,,,0,100,,4224,27,,,0,100,,4225,27,,,0,100,,4226,27,,,0,100,,4227,27,,,0,100,,4228,27,,,0,100,,4230,27,,,0
301,'5505',643,,4231,17,,,0,100,,4232,27,,,0,100,,4233,20,,,0,100,,4234,27,,,0,100,,4235,27,,,0,100,,4236,27,,,0,100,,4237,27,,,0,100,,4238,27,,,0,100,,4239,27,,,0,100,,4240,27,,,0,100,,4241,27,,,0,100,,4242,27,,,0
301,'5506',643,,4244,17,,,0,100,,4245,27,,,0,100,,4246,20,,,0,100,,4247,27,,,0,100,,4248,27,,,0,100,,4249,27,,,0,100,,4250,27,,,0,100,,4251,27,,,0,100,,4252,27,,,0,100,,4253,27,,,0,100,,4254,27,,,0,100,,4255,27,,,0
301,'5508',643,,4257,17,,,0,100,,4258,27,,,0,100,,4259,20,,,0,100,,4260,27,,,0,100,,4261,27,,,0,100,,4262,27,,,0,100,,4263,27,,,0,100,,4264,27,,,0,100,,4265,27,,,0,100,,4266,27,,,0,100,,4267,27,,,0,100,,4268,27,,,0
501,'5475',701,,4567,13,,,0,30,,4577,13,,,0,70,,4568,15,,,0,30,,4589,15,,,0,70,,4570,15,,,0,30,,4578,15,,,0,70,,4571,15,,,0,30,,4579,15,,,0,70,,4572,15,,,0,30,,4580,15,,,0,70,,4569,15,,,0,30,,4581,15,,,0,70,,4574,15,,,0,30,,4582,15,,,0,70,,4573,15,,,0,30,,4583,15,,,0,70,,4575,15,,,0,30,,4590,15,,,0,70,,4576,15,,,0,30,,4588,15,,,0,70,,4584,15,,,0,30,,4585,15,,,0,70,,4586,15,,,0,30,,4587,15,,,0
501,'5501',701,,4591,13,,,0,30,,4601,13,,,0,70,,4592,15,,,0,34,,4613,15,,,0,66,,4594,15,,,0,30,,4602,15,,,0,70,,4595,15,,,0,30,,4603,15,,,0,70,,4596,15,,,0,30,,4604,15,,,0,70,,4593,15,,,0,30,,4605,15,,,0,70,,4598,15,,,0,30,,4606,15,,,0,70,,4597,15,,,0,30,,4607,15,,,0,70,,4599,15,,,0,40,,4614,31,0,11 12,0,60,,4600,15,,,0,33,,4612,15,,,0,67,,4608,15,,,0,30,,4609,15,,,0,70,,4610,15,,,0,30,,4611,15,,,0
501,'5503',901,,4620,13,,,0,30,,4631,13,,,0,70,,4622,15,,,0,30,,4632,15,,,0,70,,4623,15,,,0,30,,4628,15,,,0,70,,4619,15,,,0,30,,4629,15,,,0,70,,4624,15,,,0,30,,4630,15,,,0,70,,4615,15,,,0,30,,4633,15,,,0,70,,4616,15,,,0,30,,4634,15,,,0,70,,4617,15,,,0,30,,4625,15,,,0,70,,4618,15,,,0,30,,4626,15,,,0,70,,4621,15,,,0,30,,4627,15,,,0
501,'5504',1231,,4635,15,,,0,100,,4636,15,,,0,100,,4637,15,,,0,100,,4638,15,,,0
501,'5505',701,,4639,13,,,0,30,,4649,13,,,0,70,,4640,15,,,0,34,,4661,15,,,0,66,,4642,15,,,0,30,,4650,15,,,0,70,,4643,15,,,0,30,,4651,15,,,0,70,,4644,15,,,0,30,,4652,15,,,0,70,,4641,15,,,0,30,,4653,15,,,0,70,,4646,15,,,0,30,,4654,15,,,0,70,,4645,15,,,0,30,,4655,15,,,0,70,,4647,15,,,0,40,,4662,31,0,11 12,0,60,,4648,15,,,0,33,,4660,15,,,0,67,,4656,15,,,0,30,,4657,15,,,0,70,,4658,15,,,0,30,,4659,15,,,0
501,'5506',701,,4663,13,,,0,30,,4673,13,,,0,70,,4664,15,,,0,30,,4685,15,,,0,70,,4666,15,,,0,30,,4674,15,,,0,70,,4667,15,,,0,30,,4675,15,,,0,70,,4668,15,,,0,30,,4676,15,,,0,70,,4665,15,,,0,30,,4677,15,,,0,70,,4670,15,,,0,30,,4678,15,,,0,70,,4669,15,,,0,30,,4679,15,,,0,70,,4671,15,,,0,30,,4686,15,,,0,70,,4672,15,,,0,30,,4684,15,,,0,70,,4680,15,,,0,30,,4681,15,,,0,70,,4682,15,,,0,30,,4683,15,,,0
501,'5508',701,,4687,13,,,0,30,,4697,13,,,0,70,,4688,15,,,0,30,,4709,15,,,0,70,,4690,15,,,0,30,,4698,15,,,0,70,,4691,15,,,0,30,,4699,15,,,0,70,,4692,15,,,0,30,,4700,15,,,0,70,,4689,15,,,0,30,,4701,15,,,0,70,,4694,15,,,0,30,,4702,15,,,0,70,,4693,15,,,0,30,,4703,15,,,0,70,,4695,15,,,0,30,,4710,15,,,0,70,,4696,15,,,0,30,,4708,15,,,0,70,,4704,15,,,0,30,,4705,15,,,0,70,,4706,15,,,0,30,,4707,15,,,0
1500,'5475',1906,,4774,2,0,13,0,124,,4776,28,0,13,0,123,,4778,28,0,13,0,85,,4780,28,0,13,0,181,,4783,28,0,13,0,124,,4781,28,0,13,0
1500,'5501',1906,,4786,2,0,13,0,124,,4788,28,0,13,0,123,,4790,28,0,13,0,85,,4792,28,0,13,0
1500,'5503',1906,,4793,28,0,13,0,124,,4795,28,0,13,0,123,,4797,28,0,13,0,85,,4799,28,0,13,0
1500,'5505',1906,,4801,2,0,13,0,124,,4803,28,0,13,0,123,,4805,28,0,13,0,85,,4807,28,0,13,0
1500,'5506',1906,,4809,2,0,13,0,124,,4811,28,0,13,0,123,,4813,28,0,13,0,85,,4815,28,0,13,0
1500,'5508',1906,,4817,2,0,13,0,124,,4819,28,0,13,0,123,,4821,28,0,13,0,85,,4823,28,0,13,0
1601,'5504',943,,4862,23,0,22 18,0,100,,4864,23,0,22 18,0,100,,4863,23,0,22 18,0,100,,4865,23,0,22 18,0,100,,4867,23,0,22 18,0,100,,4866,23,0,22 18,0,100,,4868,23,0,22 18,0,100,,4869,23,0,22 18,0,100,,4870,23,0,22 18,0
2001,'5475',642,,4891,2,0,16 17,0,164,,4892,2,0,16 17,0,295,,4893,2,0,8 9,0,435,,4895,2,0,8 9,0,170,,4894,2,0,8 9,0
2001,'5501',642,,4896,2,0,16 17,0,164,,4897,2,0,16 17,0,295,,4898,2,0,8 9,0,435,,4900,2,0,8 9,0,170,,4899,2,0,8 9,0
2001,'5505',642,,4901,2,0,16 17,0,164,,4902,2,0,16 17,0,295,,4903,2,0,8 9,0,435,,4905,2,0,8 9,0,170,,4904,2,0,8 9,0
2001,'5506',642,,4906,2,0,16 17,0,164,,4907,2,0,16 17,0,295,,4908,2,0,8 9,0,435,,4910,2,0,8 9,0,170,,4909,2,0,8 9,0
1000100,'5475',1901,,5055,2,,,0,30,,5066,2,,,0,70,,5064,2,,,0,30,,5065,2,,,0,70,,5061,2,,,0,30,,5063,2,,,0,70,,5062,2,,,0,30,,5060,2,,,0,170,,5057,2,,,0,30,,5059,2,,,0,70,,5056,2,,,0,30,,5058,2,,,0
