400,'5475',719,,2619,25,,,0,100,,2624,25,,,0,100,,2625,25,,,0,100,,2626,25,,,0,100,,2628,25,,,0,100,,2629,25,,,0,100,,2630,25,,,0,100,,2631,25,,,0,100,,2627,25,,,0,100,,2622,25,,,0,100,,2623,25,,,0,110,,2620,10,,,0
400,'5501',719,,2632,25,,,0,100,,2637,25,,,0,100,,2638,25,,,0,100,,2639,25,,,0,100,,2641,25,,,0,100,,2642,25,,,0,100,,2643,25,,,0,100,,2644,25,,,0,100,,2640,25,,,0,100,,2635,25,,,0,100,,2636,25,,,0,110,,2633,10,,,0
400,'5503',819,,2648,25,,,0,100,,2651,25,,,0,100,,2645,25,,,0,100,,2646,25,,,0,100,,2649,25,,,0,100,,2650,25,,,0,100,,2647,25,,,0,100,,2652,25,,,0,100,,2653,25,,,0,100,,2654,25,,,0,110,,2656,10,,,0
400,'5505',719,,2657,25,,,0,100,,2662,25,,,0,100,,2663,25,,,0,100,,2664,25,,,0,100,,2666,25,,,0,100,,2667,25,,,0,100,,2668,25,,,0,100,,2669,25,,,0,100,,2665,25,,,0,100,,2660,25,,,0,100,,2661,25,,,0,110,,2658,10,,,0
400,'5506',719,,2670,25,,,0,100,,2675,25,,,0,100,,2676,25,,,0,100,,2677,25,,,0,100,,2679,25,,,0,100,,2680,25,,,0,100,,2681,25,,,0,100,,2682,25,,,0,100,,2678,25,,,0,100,,2673,25,,,0,100,,2674,25,,,0,110,,2671,10,,,0
400,'5508',719,,2683,25,,,0,100,,2688,25,,,0,100,,2689,25,,,0,100,,2690,25,,,0,100,,2692,25,,,0,100,,2693,25,,,0,100,,2694,25,,,0,100,,2695,25,,,0,100,,2691,25,,,0,100,,2686,25,,,0,100,,2687,25,,,0,110,,2684,10,,,0
1501,'5475',1929,,3173,20,0,7,0,124,,3175,20,0,7,0,388,,3180,20,0,7,0,164,,3178,20,0,7,0
1501,'5501',1929,,3181,20,0,7,0,124,,3183,20,0,7,0
1501,'5503',1929,,3186,20,0,7,0,124,,3187,20,0,7,0
1501,'5505',1929,,3189,20,0,7,0,124,,3191,20,0,7,0
1501,'5506',1929,,3193,20,0,7,0,124,,3195,20,0,7,0
1501,'5508',1929,,3197,20,0,7,0,124,,3199,20,0,7,0
1600,'5504',904,,3201,7,0,16 18,0,100,,3204,13,,,0,100,,3203,13,,,0,100,,3202,13,,,0,100,,3205,13,,,0,100,,3206,13,,,0,100,,3207,13,,,0,100,,3208,13,,,0,100,,3209,13,,,0
