100,'5323',640,,3416,25,,,0,100,,3417,25,,,0,100,,3418,18,,,0,100,,3419,25,,,0,100,,3420,25,,,0,100,,3421,25,,,0,100,,3422,25,,,0,100,,3423,25,,,0,100,,3424,25,,,0,100,,3425,25,,,0,100,,3426,25,,,0,100,,3427,25,,,0
100,'5325',840,,3429,18,,,0,100,,3431,25,,,0,100,,3436,25,,,0,100,,3439,25,,,0,100,,3432,25,,,0,100,,3430,25,,,0,100,,3434,25,,,0,100,,3435,25,,,0,100,,3433,25,,,0,100,,3438,25,,,0
201,'5323',700,,3486,10,,,0,100,,3487,10,,,0,100,,3488,10,,,0,100,,3489,10,,,0,100,,3490,10,,,0,100,,3491,10,,,0,100,,3492,10,,,0,100,,3493,10,,,0,100,,3494,10,,,0,100,,3495,10,,,0,100,,3496,10,,,0,100,,3497,10,0,7 6,0
201,'5325',800,,3499,10,,,0,100,,3500,10,,,0,100,,3501,10,,,0,100,,3502,10,,,0,100,,3503,10,,,0,100,,3504,10,,,0,100,,3505,10,,,0,100,,3506,10,,,0,100,,3507,10,,,0,100,,3508,10,,,0,100,,3509,10,,,0
300,'5323',708,,3510,20,,,0,200,,3512,20,,,0,100,,3513,20,,,0,100,,3515,20,,,0,100,,3514,20,,,0,100,,3516,20,,,0,100,,3517,20,,,0,100,,3518,20,,,0,100,,3519,20,,,0,100,,3520,20,,,0,100,,3521,20,,,0
300,'5325',908,,3525,20,,,0,100,,3526,20,,,0,100,,3523,20,,,0,100,,3527,20,,,0,100,,3528,20,,,0,100,,3529,20,,,0,100,,3530,20,,,0,100,,3531,20,,,0,100,,3532,20,,,0,100,,3533,20,,,0
1501,'5323',1937,,3740,36,0,7,0,164,,3742,36,0,7,0
1501,'5325',1937,,3745,36,0,7,0,164,,3746,36,0,7,0
1600,'5210',909,,3748,16,,,0,100,,3751,22,,,0,100,,3750,22,,,0,100,,3749,22,,,0,100,,3752,22,,,0,100,,3753,22,,,0,100,,3754,22,,,0,100,,3755,22,,,0,100,,3756,22,,,0,100,,3758,22,,,0
7000,'5323',610,,3812,29,,,0,305,,3813,12,,,0,324,,3814,12,,,0,300,,3815,12,,,0
