300,'5475',716,,4118,30,,,0,200,,4120,30,,,0,100,,4121,30,,,0,100,,4123,30,,,0,100,,4122,30,,,0,100,,4124,30,,,0,100,,4125,30,,,0,100,,4126,30,,,0,100,,4127,30,,,0,100,,4128,30,,,0,100,,4130,7,,,0
300,'5501',716,,4131,30,,,0,200,,4133,30,,,0,100,,4134,30,,,0,100,,4136,30,,,0,100,,4135,30,,,0,100,,4137,30,,,0,100,,4138,30,,,0,100,,4139,30,,,0,100,,4140,30,,,0,100,,4141,30,,,0,100,,4143,7,,,0
300,'5503',916,,4146,30,,,0,100,,4147,30,,,0,100,,4144,30,,,0,100,,4148,30,,,0,100,,4149,30,,,0,100,,4150,30,,,0,100,,4151,30,,,0,100,,4152,30,,,0,100,,4153,30,,,0,100,,4154,30,,,0
300,'5505',716,,4155,30,,,0,200,,4157,30,,,0,100,,4158,30,,,0,100,,4160,30,,,0,100,,4159,30,,,0,100,,4161,30,,,0,100,,4162,30,,,0,100,,4163,30,,,0,100,,4164,30,,,0,100,,4165,30,,,0,100,,4167,7,,,0
300,'5506',716,,4168,30,,,0,200,,4170,30,,,0,100,,4171,30,,,0,100,,4173,30,,,0,100,,4172,30,,,0,100,,4174,30,,,0,100,,4175,30,,,0,100,,4176,30,,,0,100,,4177,30,,,0,100,,4178,30,,,0,100,,4180,7,,,0
300,'5508',716,,4181,30,,,0,200,,4183,30,,,0,100,,4184,30,,,0,100,,4186,30,,,0,100,,4185,30,,,0,100,,4187,30,,,0,100,,4188,30,,,0,100,,4189,30,,,0,100,,4190,30,,,0,100,,4191,30,,,0,100,,4193,7,,,0
1000,'5475',651,,4711,22,,,0,162,,4712,22,,,0,430,,4713,22,,,0,407,,4714,22,,,0
1000,'5501',651,,4715,22,,,0,162,,4716,22,,,0,430,,4717,22,,,0,407,,4718,22,,,0
1000,'5503',813,,4719,22,,,0,430,,4720,22,,,0,407,,4721,22,,,0
1000,'5505',651,,4722,22,,,0,162,,4723,22,,,0,430,,4724,22,,,0,407,,4725,22,,,0
1000,'5506',651,,4726,22,,,0,162,,4727,22,,,0,430,,4728,22,,,0,407,,4729,22,,,0
