200,'5475',654,,2321,34,4,,0,100,,2322,34,4,,0,100,,2323,34,4,,0,100,,2324,34,4,,0,100,,2325,34,4,,0,100,,2326,34,4,,0,100,,2327,34,4,,0,100,,2328,34,4,,0,100,,2329,34,4,,0,100,,2330,34,4,,0,100,,2331,34,4,,0,100,,2332,34,4,,0
200,'5501',654,,2333,34,4,,0,100,,2334,34,4,,0,100,,2335,34,4,,0,100,,2336,34,4,,0,100,,2337,34,4,,0,100,,2338,34,4,,0,100,,2339,34,4,,0,100,,2340,34,4,,0,100,,2341,34,4,,0,100,,2342,34,4,,0,100,,2343,34,4,,0,100,,2344,34,4,,0
200,'5503',854,,2345,34,4,,0,100,,2346,34,4,,0,100,,2347,34,4,,0,100,,2348,34,4,,0,100,,2349,34,4,,0,100,,2350,34,4,,0,100,,2351,34,4,,0,100,,2352,34,4,,0,100,,2353,34,4,,0,100,,2354,34,4,,0
200,'5505',654,,2355,34,4,,0,100,,2356,34,4,,0,100,,2357,34,4,,0,100,,2358,34,4,,0,100,,2359,34,4,,0,100,,2360,34,4,,0,100,,2361,34,4,,0,100,,2362,34,4,,0,100,,2363,34,4,,0,100,,2364,34,4,,0,100,,2365,34,4,,0,100,,2366,34,4,,0
200,'5506',654,,2367,34,4,,0,100,,2368,34,4,,0,100,,2369,34,4,,0,100,,2370,34,4,,0,100,,2371,34,4,,0,100,,2372,34,4,,0,100,,2373,34,4,,0,100,,2374,34,4,,0,100,,2375,34,4,,0,100,,2376,34,4,,0,100,,2377,34,4,,0,100,,2378,34,4,,0
200,'5508',654,,2379,34,4,,0,100,,2380,34,4,,0,100,,2381,34,4,,0,100,,2382,34,4,,0,100,,2383,34,4,,0,100,,2384,34,4,,0,100,,2385,34,4,,0,100,,2386,34,4,,0,100,,2387,34,4,,0,100,,2388,34,4,,0,100,,2389,34,4,,0,100,,2390,34,4,,0
201,'5475',654,,2391,1,,,0,100,,2392,1,,,0,100,,2393,1,,,0,100,,2394,1,,,0,100,,2395,1,,,0,100,,2396,1,,,0,100,,2397,1,,,0,100,,2398,1,,,0,100,,2399,1,,,0,100,,2400,1,,,0,100,,2401,1,,,0,100,,2402,1,0,7 6,0
201,'5501',654,,2404,1,,,0,100,,2405,1,,,0,100,,2406,1,,,0,100,,2407,1,,,0,100,,2408,1,,,0,100,,2409,1,,,0,100,,2410,1,,,0,100,,2411,1,,,0,100,,2412,1,,,0,100,,2413,1,,,0,100,,2414,1,,,0,100,,2415,1,0,7 6,0
201,'5503',754,,2417,1,,,0,100,,2418,1,,,0,100,,2419,1,,,0,100,,2420,1,,,0,100,,2421,1,,,0,100,,2422,1,,,0,100,,2423,1,,,0,100,,2424,1,,,0,100,,2425,1,,,0,100,,2426,1,,,0,100,,2427,1,,,0
201,'5505',654,,2428,1,,,0,100,,2429,1,,,0,100,,2430,1,,,0,100,,2431,1,,,0,100,,2432,1,,,0,100,,2433,1,,,0,100,,2434,1,,,0,100,,2435,1,,,0,100,,2436,1,,,0,100,,2437,1,,,0,100,,2438,1,,,0,100,,2439,1,0,7 6,0
201,'5506',654,,2441,1,,,0,100,,2442,1,,,0,100,,2443,1,,,0,100,,2444,1,,,0,100,,2445,1,,,0,100,,2446,1,,,0,100,,2447,1,,,0,100,,2448,1,,,0,100,,2449,1,,,0,100,,2450,1,,,0,100,,2451,1,,,0,100,,2452,1,0,7 6,0
201,'5508',654,,2454,1,,,0,100,,2455,1,,,0,100,,2456,1,,,0,100,,2457,1,,,0,100,,2458,1,,,0,100,,2459,1,,,0,100,,2460,1,,,0,100,,2461,1,,,0,100,,2462,1,,,0,100,,2463,1,,,0,100,,2464,1,,,0,100,,2465,1,0,7 6,0
