3000,'5475',832,,3281,23,,,0,314,,3280,25,,,0,181,,3284,23,,,0,295,,3282,23,,,0,134,,3283,25,,,0
3000,'5501',832,,3286,23,,,0,314,,3285,25,,,0,181,,3289,23,,,0,295,,3287,23,,,0,134,,3288,25,,,0
3000,'5503',932,,3290,23,,,0,214,,3291,25,,,0,181,,3293,23,,,0,295,,3292,23,,,0,134,,3294,25,,,0
3000,'5505',832,,3296,23,,,0,314,,3295,25,,,0,181,,3299,23,,,0,295,,3297,23,,,0,134,,3298,25,,,0
3000,'5506',832,,3301,23,,,0,314,,3300,25,,,0,181,,3304,23,,,0,295,,3302,23,,,0,134,,3303,25,,,0
3000,'5508',832,,3306,23,,,0,314,,3305,25,,,0,181,,3309,23,,,0,295,,3307,23,,,0,134,,3308,25,,,0
3001,'5475',724,,3310,5,,,0,315,,3311,5,,,0,185,,3314,5,,,0,290,,3312,5,,,0,135,,3313,5,,,0
3001,'5501',724,,3315,5,,,0,315,,3316,5,,,0,185,,3319,5,,,0,290,,3317,5,,,0,135,,3318,5,,,0
3001,'5503',824,,3320,5,,,0,215,,3321,5,,,0,185,,3322,5,,,0,290,,3323,5,,,0,135,,3324,5,,,0
3001,'5505',724,,3325,5,,,0,315,,3326,5,,,0,185,,3329,5,,,0,290,,3327,5,,,0,135,,3328,5,,,0
3001,'5506',724,,3330,5,,,0,315,,3331,5,,,0,185,,3334,5,,,0,290,,3332,5,,,0,135,,3333,5,,,0
3001,'5508',724,,3335,5,,,0,315,,3336,5,,,0,185,,3339,5,,,0,290,,3337,5,,,0,135,,3338,5,,,0
