100,'5475',827,,3822,3,,,0
100,'5501',827,,3835,3,,,0
100,'5503',827,,3846,3,,,0
100,'5505',827,,3859,3,,,0
100,'5506',827,,3872,3,,,0
100,'5508',827,,3885,3,,,0
300,'5475',655,,4118,5,,,0,100,,4119,5,0,11 12,0,100,,4120,5,,,0,100,,4121,5,,,0,100,,4123,5,,,0,100,,4122,5,,,0,100,,4124,5,,,0,100,,4125,5,,,0,100,,4126,5,,,0,100,,4127,5,,,0,100,,4128,5,,,0,100,,4129,5,0,7 6,0
300,'5501',655,,4131,5,,,0,100,,4132,5,0,11 12,0,100,,4133,5,,,0,100,,4134,5,,,0,100,,4136,5,,,0,100,,4135,5,,,0,100,,4137,5,,,0,100,,4138,5,,,0,100,,4139,5,,,0,100,,4140,5,,,0,100,,4141,5,,,0,100,,4142,5,0,7 6,0
300,'5503',855,,4146,5,,,0,100,,4147,5,,,0,100,,4144,5,,,0,100,,4148,5,,,0,100,,4149,5,,,0,100,,4150,5,,,0,100,,4151,5,,,0,100,,4152,5,,,0,100,,4153,5,,,0,100,,4154,5,,,0
300,'5505',655,,4155,5,,,0,100,,4156,5,0,11 12,0,100,,4157,5,,,0,100,,4158,5,,,0,100,,4160,5,,,0,100,,4159,5,,,0,100,,4161,5,,,0,100,,4162,5,,,0,100,,4163,5,,,0,100,,4164,5,,,0,100,,4165,5,,,0,100,,4166,5,0,7 6,0
300,'5506',655,,4168,5,,,0,100,,4169,5,0,11 12,0,100,,4170,5,,,0,100,,4171,5,,,0,100,,4173,5,,,0,100,,4172,5,,,0,100,,4174,5,,,0,100,,4175,5,,,0,100,,4176,5,,,0,100,,4177,5,,,0,100,,4178,5,,,0,100,,4179,5,0,7 6,0
300,'5508',655,,4181,5,,,0,100,,4182,5,0,11 12,0,100,,4183,5,,,0,100,,4184,5,,,0,100,,4186,5,,,0,100,,4185,5,,,0,100,,4187,5,,,0,100,,4188,5,,,0,100,,4189,5,,,0,100,,4190,5,,,0,100,,4191,5,,,0,100,,4192,5,0,7 6,0
1500,'5475',1958,,4775,4,,,0,164,,4777,4,,,0,85,,4779,4,,,0,41,,4784,4,,,0,263,,4782,4,,,0
1500,'5501',1958,,4787,4,,,0,164,,4789,4,,,0,85,,4791,4,,,0
1500,'5503',1958,,4794,4,,,0,164,,4796,4,,,0,85,,4798,4,,,0
1500,'5505',1958,,4802,4,,,0,164,,4804,4,,,0,85,,4806,4,,,0
1500,'5506',1958,,4810,4,,,0,164,,4812,4,,,0,85,,4814,4,,,0
1500,'5508',1958,,4818,4,,,0,164,,4820,4,,,0,85,,4822,4,,,0
1600,'5504',955,,4855,5,,,0,100,,4854,5,,,0,100,,4853,5,,,0,100,,4856,5,,,0,100,,4857,5,,,0,100,,4858,5,,,0,100,,4859,5,,,0,100,,4860,5,,,0,100,,4861,5,,,0
4000,'5475',822,,4992,10,4,,0,516,,4991,10,4,,0
4000,'5501',822,,4994,10,4,,0,516,,4993,10,4,,0
4000,'5505',822,,4996,10,4,,0,115,,4997,10,4,,0,401,,4995,10,4,,0
4000,'5506',822,,4999,10,4,,0,516,,4998,10,4,,0
7000,'5475',601,,5023,16,,,0
7000,'5501',601,,5027,16,,,0
7000,'5505',601,,5031,16,,,0
7000,'5506',601,,5035,16,,,0
