200,'5475',645,,3972,19,,,0,100,,3973,19,,,0,100,,3974,19,,,0,100,,3975,19,,,0,100,,3976,19,,,0,100,,3977,19,,,0,100,,3978,19,,,0,100,,3979,19,,,0,100,,3980,19,,,0,100,,3981,19,,,0,100,,3982,19,,,0,100,,3983,19,,,0
200,'5501',645,,3984,19,,,0,100,,3985,19,,,0,100,,3986,19,,,0,100,,3987,19,,,0,100,,3988,19,,,0,100,,3989,19,,,0,100,,3990,19,,,0,100,,3991,19,,,0,100,,3992,19,,,0,100,,3993,19,,,0,100,,3994,19,,,0,100,,3995,19,,,0
200,'5503',845,,3996,19,,,0,100,,3997,19,,,0,100,,3998,19,,,0,100,,3999,19,,,0,100,,4000,19,,,0,100,,4001,19,,,0,100,,4002,19,,,0,100,,4003,19,,,0,100,,4004,19,,,0,100,,4005,19,,,0
200,'5505',645,,4006,19,,,0,100,,4007,19,,,0,100,,4008,19,,,0,100,,4009,19,,,0,100,,4010,19,,,0,100,,4011,19,,,0,100,,4012,19,,,0,100,,4013,19,,,0,100,,4014,19,,,0,100,,4015,19,,,0,100,,4016,19,,,0,100,,4017,19,,,0
200,'5506',645,,4018,19,,,0,100,,4019,19,,,0,100,,4020,19,,,0,100,,4021,19,,,0,100,,4022,19,,,0,100,,4023,19,,,0,100,,4024,19,,,0,100,,4025,19,,,0,100,,4026,19,,,0,100,,4027,19,,,0,100,,4028,19,,,0,100,,4029,19,,,0
200,'5508',645,,4030,19,,,0,100,,4031,19,,,0,100,,4032,19,,,0,100,,4033,19,,,0,100,,4034,19,,,0,100,,4035,19,,,0,100,,4036,19,,,0,100,,4037,19,,,0,100,,4038,19,,,0,100,,4039,19,,,0,100,,4040,19,,,0,100,,4041,19,,,0
501,'5475',648,,4567,2,,,0,70,,4577,2,,,0,30,,4568,4,,,0,70,,4589,4,,,0,30,,4570,4,,,0,70,,4578,4,,,0,30,,4571,4,,,0,70,,4579,4,,,0,30,,4572,4,,,0,70,,4580,4,,,0,30,,4569,4,,,0,70,,4581,4,,,0,30,,4574,4,,,0,70,,4582,4,,,0,30,,4573,4,,,0,70,,4583,4,,,0,30,,4575,4,,,0,70,,4590,4,,,0,30,,4576,4,,,0,70,,4588,4,,,0,30,,4584,4,,,0,70,,4585,4,,,0,30,,4586,4,,,0,70,,4587,4,,,0
501,'5501',648,,4591,2,,,0,70,,4601,2,,,0,30,,4592,4,,,0,74,,4613,4,,,0,26,,4594,4,,,0,70,,4602,4,,,0,30,,4595,4,,,0,70,,4603,4,,,0,30,,4596,4,,,0,70,,4604,4,,,0,30,,4593,4,,,0,70,,4605,4,,,0,30,,4598,4,,,0,70,,4606,4,,,0,30,,4597,4,,,0,70,,4607,4,,,0,30,,4599,4,,,0,68,,4614,4,0,11 12,0,32,,4600,4,,,0,73,,4612,4,,,0,27,,4608,4,,,0,70,,4609,4,,,0,30,,4610,4,,,0,70,,4611,4,,,0
501,'5503',848,,4620,2,,,0,70,,4631,2,,,0,30,,4622,4,,,0,70,,4632,4,,,0,30,,4623,4,,,0,70,,4628,4,,,0,30,,4619,4,,,0,70,,4629,4,,,0,30,,4624,4,,,0,70,,4630,4,,,0,30,,4615,4,,,0,70,,4633,4,,,0,30,,4616,4,,,0,70,,4634,4,,,0,30,,4617,4,,,0,70,,4625,4,,,0,30,,4618,4,,,0,70,,4626,4,,,0,30,,4621,4,,,0,70,,4627,4,,,0
501,'5504',1218,,4635,4,,,0,100,,4636,4,,,0,100,,4637,4,,,0,100,,4638,4,,,0
501,'5505',648,,4639,2,,,0,70,,4649,2,,,0,30,,4640,4,,,0,74,,4661,4,,,0,26,,4642,4,,,0,70,,4650,4,,,0,30,,4643,4,,,0,70,,4651,4,,,0,30,,4644,4,,,0,70,,4652,4,,,0,30,,4641,4,,,0,70,,4653,4,,,0,30,,4646,4,,,0,70,,4654,4,,,0,30,,4645,4,,,0,70,,4655,4,,,0,30,,4647,4,,,0,68,,4662,4,0,11 12,0,32,,4648,4,,,0,73,,4660,4,,,0,27,,4656,4,,,0,70,,4657,4,,,0,30,,4658,4,,,0,70,,4659,4,,,0
501,'5506',648,,4663,2,,,0,70,,4673,2,,,0,30,,4664,4,,,0,70,,4685,4,,,0,30,,4666,4,,,0,70,,4674,4,,,0,30,,4667,4,,,0,70,,4675,4,,,0,30,,4668,4,,,0,70,,4676,4,,,0,30,,4665,4,,,0,70,,4677,4,,,0,30,,4670,4,,,0,70,,4678,4,,,0,30,,4669,4,,,0,70,,4679,4,,,0,30,,4671,4,,,0,70,,4686,4,,,0,30,,4672,4,,,0,70,,4684,4,,,0,30,,4680,4,,,0,70,,4681,4,,,0,30,,4682,4,,,0,70,,4683,4,,,0
501,'5508',648,,4687,2,,,0,70,,4697,2,,,0,30,,4688,4,,,0,70,,4709,4,,,0,30,,4690,4,,,0,70,,4698,4,,,0,30,,4691,4,,,0,70,,4699,4,,,0,30,,4692,4,,,0,70,,4700,4,,,0,30,,4689,4,,,0,70,,4701,4,,,0,30,,4694,4,,,0,70,,4702,4,,,0,30,,4693,4,,,0,70,,4703,4,,,0,30,,4695,4,,,0,70,,4710,4,,,0,30,,4696,4,,,0,70,,4708,4,,,0,30,,4704,4,,,0,70,,4705,4,,,0,30,,4706,4,,,0,70,,4707,4,,,0
1001,'5475',748,,4730,18,,,0,164,,4731,18,,,0,434,,4732,18,,,0,403,,4733,18,,,0
1001,'5501',748,,4734,18,,,0,164,,4735,18,,,0,434,,4736,18,,,0,403,,4737,18,,,0
1001,'5503',912,,4738,18,,,0,434,,4739,18,,,0,403,,4740,18,,,0
1001,'5505',748,,4741,18,,,0,164,,4742,18,,,0,434,,4743,18,,,0,403,,4744,18,,,0
1001,'5506',748,,4745,18,,,0,164,,4746,18,,,0,434,,4747,18,,,0,403,,4748,18,,,0
1601,'5504',929,,4862,12,0,22 18,0,100,,4864,12,0,22 18,0,100,,4863,12,0,22 18,0,100,,4865,12,0,22 18,0,100,,4867,12,0,22 18,0,100,,4866,12,0,22 18,0,100,,4868,12,0,22 18,0,100,,4869,12,0,22 18,0,100,,4870,12,0,22 18,0
1000100,'5475',1923,,5055,41,,,0,30,,5066,41,,,0,70,,5064,41,,,0,30,,5065,41,,,0,70,,5061,41,,,0,30,,5063,41,,,0,70,,5062,41,,,0,30,,5060,41,,,0,170,,5057,41,,,0,30,,5059,41,,,0,70,,5056,41,,,0,30,,5058,41,,,0
