100,'5323',630,,3416,12,,,0,100,,3417,12,,,0,100,,3418,5,,,0,100,,3419,12,,,0,100,,3420,12,,,0,100,,3421,12,,,0,100,,3422,12,,,0,100,,3423,12,,,0,100,,3424,12,,,0,100,,3425,12,,,0,100,,3426,12,,,0,100,,3427,12,,,0,97,,3428,12,0,5 6,0
100,'5325',830,,3429,5,,,0,100,,3431,12,,,0,100,,3436,12,,,0,100,,3439,12,,,0,100,,3432,12,,,0,100,,3430,12,,,0,100,,3434,12,,,0,100,,3435,12,,,0,100,,3433,12,,,0,100,,3438,12,,,0,97,,3437,12,0,5 6,0
101,'5323',810,,3442,25,,,0
101,'5325',810,,3463,2,,,0
300,'5323',700,,3510,7,,,0,100,,3511,7,0,11 12,0,100,,3512,7,,,0,100,,3513,7,,,0,100,,3515,7,,,0,100,,3514,7,,,0,100,,3516,7,,,0,100,,3517,7,,,0,100,,3518,7,,,0,100,,3519,7,,,0,100,,3520,7,,,0,100,,3521,7,,,0
300,'5325',800,,3524,1,0,11 12,0,100,,3525,7,,,0,100,,3526,7,,,0,100,,3523,7,,,0,100,,3527,7,,,0,100,,3528,7,,,0,100,,3529,7,,,0,100,,3530,7,,,0,100,,3531,7,,,0,100,,3532,7,,,0,100,,3533,7,,,0
500,'5210',1300,,3607,12,,,0,100,,3608,12,,,0,100,,3609,12,,,0,100,,3610,12,,,0
500,'5323',730,,3611,12,,,0,70,,3633,12,,,0,30,,3613,12,,,0,70,,3631,12,,,0,30,,3614,12,,,0,70,,3621,12,,,0,30,,3615,12,,,0,70,,3622,12,,,0,30,,3612,12,,,0,70,,3623,12,,,0,30,,3617,12,,,0,70,,3624,12,,,0,30,,3616,12,,,0,70,,3625,12,,,0,30,,3618,12,,,0,70,,3628,12,,,0,30,,3619,12,,,0,70,,3634,12,,,0,30,,3620,12,,,0,70,,3632,12,,,0,30,,3626,12,,,0,70,,3627,12,,,0,30,,3629,12,,,0
500,'5325',930,,3635,12,,,0,70,,3651,12,,,0,30,,3640,12,,,0,70,,3648,12,,,0,30,,3641,12,,,0,70,,3649,12,,,0,30,,3643,12,,,0,70,,3647,12,,,0,30,,3644,12,,,0,70,,3650,12,,,0,30,,3642,12,,,0,70,,3652,12,,,0,30,,3639,12,,,0,70,,3646,12,,,0,30,,3638,12,,,0,70,,3645,12,,,0,30,,3636,12,,,0,70,,3653,12,,,0,30,,3637,12,,,0
501,'5210',1230,,3655,14,,,0,100,,3656,14,,,0,100,,3657,14,,,0,100,,3658,14,,,0
501,'5323',700,,3659,12,,,0,30,,3669,12,,,0,70,,3660,14,,,0,30,,3681,14,,,0,70,,3662,14,,,0,30,,3670,14,,,0,70,,3663,14,,,0,30,,3671,14,,,0,70,,3664,14,,,0,30,,3672,14,,,0,70,,3661,14,,,0,30,,3673,14,,,0,70,,3666,14,,,0,30,,3674,14,,,0,70,,3665,14,,,0,30,,3675,14,,,0,70,,3667,14,,,0,30,,3682,14,,,0,70,,3668,14,,,0,30,,3680,14,,,0,70,,3676,14,,,0,30,,3677,14,,,0,70,,3678,14,,,0,30,,3679,14,,,0
501,'5325',900,,3688,12,,,0,30,,3699,12,,,0,70,,3690,14,,,0,30,,3700,14,,,0,70,,3691,14,,,0,30,,3696,14,,,0,70,,3687,14,,,0,30,,3697,14,,,0,70,,3692,14,,,0,30,,3698,14,,,0,70,,3683,14,,,0,30,,3701,14,,,0,70,,3684,14,,,0,30,,3702,14,,,0,70,,3685,14,,,0,30,,3693,14,,,0,70,,3686,14,,,0,30,,3694,14,,,0,70,,3689,14,,,0,30,,3695,14,,,0
1000,'5323',640,,3703,1,,,0,162,,3704,1,,,0,123,,3707,1,,,0,305,,3705,1,,,0,407,,3706,1,,,0
1000,'5325',802,,3708,1,,,0,428,,3709,1,,,0,407,,3710,1,,,0
1001,'5323',755,,3711,27,4,,0,165,,3712,27,4,,0,123,,3715,27,4,,0,311,,3713,27,4,,0,402,,3714,27,4,,0
1001,'5325',920,,3716,27,4,,0,434,,3718,27,4,,0,402,,3717,27,4,,0
1500,'5323',2000,,3728,6,,,0,124,,3729,6,,,0,85,,3731,6,,,0
1500,'5325',2000,,3734,6,,,0,124,,3737,6,,,0,85,,3736,6,,,0
1501,'5323',1925,,3740,14,0,7,0,124,,3742,14,0,7,0
1501,'5325',1925,,3745,14,0,7,0,124,,3746,14,0,7,0
1600,'5210',900,,3748,1,,,0,100,,3751,7,,,0,100,,3750,7,,,0,100,,3749,7,,,0,100,,3752,7,,,0,100,,3753,7,,,0,100,,3754,7,,,0,100,,3755,7,,,0,100,,3756,7,,,0,100,,3758,7,,,0,100,,3757,7,4,,0
3000,'5323',805,,3785,1,,,0,310,,3784,1,,,0,185,,3788,1,,,0,255,,3786,1,,,0,171,,3787,1,,,0
3000,'5325',905,,3789,1,,,0,210,,3790,1,,,0,185,,3792,1,,,0,255,,3791,1,,,0,171,,3793,1,,,0
3001,'5323',800,,3794,23,4,,0,310,,3795,21,4,,0,145,,3798,21,4,,0,295,,3796,23,4,,0,170,,3797,21,4,,0
3001,'5325',900,,3799,23,4,,0,210,,3800,21,4,,0,145,,3801,21,4,,0,295,,3802,23,4,,0,170,,3803,21,4,,0
4000,'5323',825,,3805,12,4,,0,516,,3804,12,4,,0
5000,'5324',900,,3810,9,,,0
7001,'5323',857,,3816,29,4,,0,296,,3817,27,4,,0,365,,3818,29,4,,0
