200,'5475',649,,2321,26,,,0,100,,2322,26,,,0,100,,2323,26,,,0,100,,2324,26,,,0,100,,2325,26,,,0,100,,2326,26,,,0,100,,2327,26,,,0,100,,2328,26,,,0,100,,2329,26,,,0,100,,2330,26,,,0,100,,2331,26,,,0,100,,2332,26,,,0
200,'5501',649,,2333,26,,,0,100,,2334,26,,,0,100,,2335,26,,,0,100,,2336,26,,,0,100,,2337,26,,,0,100,,2338,26,,,0,100,,2339,26,,,0,100,,2340,26,,,0,100,,2341,26,,,0,100,,2342,26,,,0,100,,2343,26,,,0,100,,2344,26,,,0
200,'5503',849,,2345,26,,,0,100,,2346,26,,,0,100,,2347,26,,,0,100,,2348,26,,,0,100,,2349,26,,,0,100,,2350,26,,,0,100,,2351,26,,,0,100,,2352,26,,,0,100,,2353,26,,,0,100,,2354,26,,,0
200,'5505',649,,2355,26,,,0,100,,2356,26,,,0,100,,2357,26,,,0,100,,2358,26,,,0,100,,2359,26,,,0,100,,2360,26,,,0,100,,2361,26,,,0,100,,2362,26,,,0,100,,2363,26,,,0,100,,2364,26,,,0,100,,2365,26,,,0,100,,2366,26,,,0
200,'5506',649,,2367,26,,,0,100,,2368,26,,,0,100,,2369,26,,,0,100,,2370,26,,,0,100,,2371,26,,,0,100,,2372,26,,,0,100,,2373,26,,,0,100,,2374,26,,,0,100,,2375,26,,,0,100,,2376,26,,,0,100,,2377,26,,,0,100,,2378,26,,,0
200,'5508',649,,2379,26,,,0,100,,2380,26,,,0,100,,2381,26,,,0,100,,2382,26,,,0,100,,2383,26,,,0,100,,2384,26,,,0,100,,2385,26,,,0,100,,2386,26,,,0,100,,2387,26,,,0,100,,2388,26,,,0,100,,2389,26,,,0,100,,2390,26,,,0
500,'5501',803,,2818,19,0,11 12,0
500,'5505',803,,2866,19,0,11 12,0
501,'5501',1521,,2963,11,0,11 12,0
501,'5505',1521,,3011,11,0,11 12,0
