201,'5475',721,,2391,30,,,0,100,,2392,30,,,0,100,,2393,30,,,0,100,,2394,30,,,0,100,,2395,30,,,0,100,,2396,30,,,0,100,,2397,30,,,0,100,,2398,30,,,0,100,,2399,30,,,0,100,,2400,30,,,0,100,,2401,30,,,0,100,,2403,12,,,0
201,'5501',721,,2404,30,,,0,100,,2405,30,,,0,100,,2406,30,,,0,100,,2407,30,,,0,100,,2408,30,,,0,100,,2409,30,,,0,100,,2410,30,,,0,100,,2411,30,,,0,100,,2412,30,,,0,100,,2413,30,,,0,100,,2414,30,,,0,100,,2416,12,,,0
201,'5503',821,,2417,30,,,0,100,,2418,30,,,0,100,,2419,30,,,0,100,,2420,30,,,0,100,,2421,30,,,0,100,,2422,30,,,0,100,,2423,30,,,0,100,,2424,30,,,0,100,,2425,30,,,0,100,,2426,30,,,0,100,,2427,30,,,0
201,'5505',721,,2428,30,,,0,100,,2429,30,,,0,100,,2430,30,,,0,100,,2431,30,,,0,100,,2432,30,,,0,100,,2433,30,,,0,100,,2434,30,,,0,100,,2435,30,,,0,100,,2436,30,,,0,100,,2437,30,,,0,100,,2438,30,,,0,100,,2440,12,,,0
201,'5506',721,,2441,30,,,0,100,,2442,30,,,0,100,,2443,30,,,0,100,,2444,30,,,0,100,,2445,30,,,0,100,,2446,30,,,0,100,,2447,30,,,0,100,,2448,30,,,0,100,,2449,30,,,0,100,,2450,30,,,0,100,,2451,30,,,0,100,,2453,12,,,0
201,'5508',721,,2454,30,,,0,100,,2455,30,,,0,100,,2456,30,,,0,100,,2457,30,,,0,100,,2458,30,,,0,100,,2459,30,,,0,100,,2460,30,,,0,100,,2461,30,,,0,100,,2462,30,,,0,100,,2463,30,,,0,100,,2464,30,,,0,100,,2466,12,,,0
400,'5475',718,,2619,22,,,0,100,,2624,22,,,0,100,,2625,22,,,0,100,,2626,22,,,0,100,,2628,22,,,0,100,,2629,22,,,0,100,,2630,22,,,0,100,,2631,22,,,0,100,,2627,22,,,0,100,,2622,22,,,0,100,,2623,22,,,0,110,,2620,7,,,0
400,'5501',718,,2632,22,,,0,100,,2637,22,,,0,100,,2638,22,,,0,100,,2639,22,,,0,100,,2641,22,,,0,100,,2642,22,,,0,100,,2643,22,,,0,100,,2644,22,,,0,100,,2640,22,,,0,100,,2635,22,,,0,100,,2636,22,,,0,110,,2633,7,,,0
400,'5503',818,,2648,22,,,0,100,,2651,22,,,0,100,,2645,22,,,0,100,,2646,22,,,0,100,,2649,22,,,0,100,,2650,22,,,0,100,,2647,22,,,0,100,,2652,22,,,0,100,,2653,22,,,0,100,,2654,22,,,0,110,,2656,7,,,0
400,'5505',718,,2657,22,,,0,100,,2662,22,,,0,100,,2663,22,,,0,100,,2664,22,,,0,100,,2666,22,,,0,100,,2667,22,,,0,100,,2668,22,,,0,100,,2669,22,,,0,100,,2665,22,,,0,100,,2660,22,,,0,100,,2661,22,,,0,110,,2658,7,,,0
400,'5506',718,,2670,22,,,0,100,,2675,22,,,0,100,,2676,22,,,0,100,,2677,22,,,0,100,,2679,22,,,0,100,,2680,22,,,0,100,,2681,22,,,0,100,,2682,22,,,0,100,,2678,22,,,0,100,,2673,22,,,0,100,,2674,22,,,0,110,,2671,7,,,0
400,'5508',718,,2683,22,,,0,100,,2688,22,,,0,100,,2689,22,,,0,100,,2690,22,,,0,100,,2692,22,,,0,100,,2693,22,,,0,100,,2694,22,,,0,100,,2695,22,,,0,100,,2691,22,,,0,100,,2686,22,,,0,100,,2687,22,,,0,110,,2684,7,,,0
1501,'5475',1947,,3174,12,,,0,164,,3176,12,,,0,348,,3179,12,,,0,164,,3177,12,0,14 15,0
1501,'5501',1947,,3182,12,,,0,164,,3184,12,,,0
1501,'5503',1947,,3185,12,,,0,164,,3188,12,,,0
1501,'5505',1947,,3190,12,,,0,164,,3192,12,,,0
1501,'5506',1947,,3194,12,,,0,164,,3196,12,,,0
1501,'5508',1947,,3198,12,,,0,164,,3200,12,,,0
