400,'5475',717,,2619,20,,,0,100,,2624,20,,,0,100,,2625,20,,,0,100,,2626,20,,,0,100,,2628,20,,,0,100,,2629,20,,,0,100,,2630,20,,,0,100,,2631,20,,,0,100,,2627,20,,,0,100,,2622,20,,,0,100,,2623,20,,,0,110,,2620,5,,,0
400,'5501',717,,2632,20,,,0,100,,2637,20,,,0,100,,2638,20,,,0,100,,2639,20,,,0,100,,2641,20,,,0,100,,2642,20,,,0,100,,2643,20,,,0,100,,2644,20,,,0,100,,2640,20,,,0,100,,2635,20,,,0,100,,2636,20,,,0,110,,2633,5,,,0
400,'5503',817,,2648,20,,,0,100,,2651,20,,,0,100,,2645,20,,,0,100,,2646,20,,,0,100,,2649,20,,,0,100,,2650,20,,,0,100,,2647,20,,,0,100,,2652,20,,,0,100,,2653,20,,,0,100,,2654,20,,,0,110,,2656,5,,,0
400,'5505',717,,2657,20,,,0,100,,2662,20,,,0,100,,2663,20,,,0,100,,2664,20,,,0,100,,2666,20,,,0,100,,2667,20,,,0,100,,2668,20,,,0,100,,2669,20,,,0,100,,2665,20,,,0,100,,2660,20,,,0,100,,2661,20,,,0,110,,2658,5,,,0
400,'5506',717,,2670,20,,,0,100,,2675,20,,,0,100,,2676,20,,,0,100,,2677,20,,,0,100,,2679,20,,,0,100,,2680,20,,,0,100,,2681,20,,,0,100,,2682,20,,,0,100,,2678,20,,,0,100,,2673,20,,,0,100,,2674,20,,,0,110,,2671,5,,,0
400,'5508',717,,2683,20,,,0,100,,2688,20,,,0,100,,2689,20,,,0,100,,2690,20,,,0,100,,2692,20,,,0,100,,2693,20,,,0,100,,2694,20,,,0,100,,2695,20,,,0,100,,2691,20,,,0,100,,2686,20,,,0,100,,2687,20,,,0,110,,2684,5,,,0
1100,'5475',958,,3098,13,,,0,348,,3099,13,,,0
1100,'5501',958,,3101,13,,,0,348,,3102,13,,,0
1100,'5505',958,,3104,13,,,0,348,,3105,13,,,0
1100,'5506',958,,3107,13,,,0,348,,3108,13,,,0
