400,'5475',720,,2619,26,,,0,100,,2624,26,,,0,100,,2625,26,,,0,100,,2626,26,,,0,100,,2628,26,,,0,100,,2629,26,,,0,100,,2630,26,,,0,100,,2631,26,,,0,100,,2627,26,,,0,100,,2622,26,,,0,100,,2623,26,,,0,110,,2620,11,,,0
400,'5501',720,,2632,26,,,0,100,,2637,26,,,0,100,,2638,26,,,0,100,,2639,26,,,0,100,,2641,26,,,0,100,,2642,26,,,0,100,,2643,26,,,0,100,,2644,26,,,0,100,,2640,26,,,0,100,,2635,26,,,0,100,,2636,26,,,0,110,,2633,11,,,0
400,'5503',820,,2648,26,,,0,100,,2651,26,,,0,100,,2645,26,,,0,100,,2646,26,,,0,100,,2649,26,,,0,100,,2650,26,,,0,100,,2647,26,,,0,100,,2652,26,,,0,100,,2653,26,,,0,100,,2654,26,,,0,110,,2656,11,,,0
400,'5505',720,,2657,26,,,0,100,,2662,26,,,0,100,,2663,26,,,0,100,,2664,26,,,0,100,,2666,26,,,0,100,,2667,26,,,0,100,,2668,26,,,0,100,,2669,26,,,0,100,,2665,26,,,0,100,,2660,26,,,0,100,,2661,26,,,0,110,,2658,11,,,0
400,'5506',720,,2670,26,,,0,100,,2675,26,,,0,100,,2676,26,,,0,100,,2677,26,,,0,100,,2679,26,,,0,100,,2680,26,,,0,100,,2681,26,,,0,100,,2682,26,,,0,100,,2678,26,,,0,100,,2673,26,,,0,100,,2674,26,,,0,110,,2671,11,,,0
400,'5508',720,,2683,26,,,0,100,,2688,26,,,0,100,,2689,26,,,0,100,,2690,26,,,0,100,,2692,26,,,0,100,,2693,26,,,0,100,,2694,26,,,0,100,,2695,26,,,0,100,,2691,26,,,0,100,,2686,26,,,0,100,,2687,26,,,0,110,,2684,11,,,0
1501,'5475',1929,,3173,21,0,7,0,124,,3175,21,0,7,0,388,,3180,21,0,7,0,164,,3178,21,0,7,0
1501,'5501',1929,,3181,21,0,7,0,124,,3183,21,0,7,0
1501,'5503',1929,,3186,21,0,7,0,124,,3187,21,0,7,0
1501,'5505',1929,,3189,21,0,7,0,124,,3191,21,0,7,0
1501,'5506',1929,,3193,21,0,7,0,124,,3195,21,0,7,0
1501,'5508',1929,,3197,21,0,7,0,124,,3199,21,0,7,0
1600,'5504',905,,3201,8,0,16 18,0,100,,3204,14,,,0,100,,3203,14,,,0,100,,3202,14,,,0,100,,3205,14,,,0,100,,3206,14,,,0,100,,3207,14,,,0,100,,3208,14,,,0,100,,3209,14,,,0
