100,'5475',645,,3820,32,,,0,100,,3821,32,,,0,100,,3822,24,,,0,100,,3823,32,,,0,100,,3824,32,,,0,100,,3825,32,,,0,100,,3826,32,,,0,100,,3827,32,,,0,100,,3828,32,,,0,100,,3829,32,,,0,100,,3830,32,,,0,100,,3831,32,,,0
100,'5501',645,,3833,32,,,0,100,,3834,32,,,0,100,,3835,24,,,0,100,,3836,32,,,0,100,,3837,32,,,0,100,,3838,32,,,0,100,,3839,32,,,0,100,,3840,32,,,0,100,,3841,32,,,0,100,,3842,32,,,0,100,,3843,32,,,0,100,,3844,32,,,0
100,'5503',845,,3846,24,,,0,100,,3848,32,,,0,100,,3852,32,,,0,100,,3856,32,,,0,100,,3849,32,,,0,100,,3847,32,,,0,100,,3853,32,,,0,100,,3851,32,,,0,100,,3850,32,,,0,100,,3855,32,,,0
100,'5505',645,,3857,32,,,0,100,,3858,32,,,0,100,,3859,24,,,0,100,,3860,32,,,0,100,,3861,32,,,0,100,,3862,32,,,0,100,,3863,32,,,0,100,,3864,32,,,0,100,,3865,32,,,0,100,,3866,32,,,0,100,,3867,32,,,0,100,,3868,32,,,0
100,'5506',645,,3870,32,,,0,100,,3871,32,,,0,100,,3872,24,,,0,100,,3873,32,,,0,100,,3874,32,,,0,100,,3875,32,,,0,100,,3876,32,,,0,100,,3877,32,,,0,100,,3878,32,,,0,100,,3879,32,,,0,100,,3880,32,,,0,100,,3881,32,,,0
100,'5508',645,,3883,32,,,0,100,,3884,32,,,0,100,,3885,24,,,0,100,,3886,32,,,0,100,,3887,32,,,0,100,,3888,32,,,0,100,,3889,32,,,0,100,,3890,32,,,0,100,,3891,32,,,0,100,,3892,32,,,0,100,,3893,32,,,0,100,,3894,32,,,0
201,'5475',714,,4042,22,,,0,100,,4043,22,,,0,100,,4044,22,,,0,100,,4045,22,,,0,100,,4046,22,,,0,100,,4047,22,,,0,100,,4048,22,,,0,100,,4049,22,,,0,100,,4050,22,,,0,100,,4051,22,,,0,100,,4052,22,,,0,100,,4054,4,,,0
201,'5501',714,,4055,22,,,0,100,,4056,22,,,0,100,,4057,22,,,0,100,,4058,22,,,0,100,,4059,22,,,0,100,,4060,22,,,0,100,,4061,22,,,0,100,,4062,22,,,0,100,,4063,22,,,0,100,,4064,22,,,0,100,,4065,22,,,0,100,,4067,4,,,0
201,'5503',814,,4068,22,,,0,100,,4069,22,,,0,100,,4070,22,,,0,100,,4071,22,,,0,100,,4072,22,,,0,100,,4073,22,,,0,100,,4074,22,,,0,100,,4075,22,,,0,100,,4076,22,,,0,100,,4077,22,,,0,100,,4078,22,,,0
201,'5505',714,,4079,22,,,0,100,,4080,22,,,0,100,,4081,22,,,0,100,,4082,22,,,0,100,,4083,22,,,0,100,,4084,22,,,0,100,,4085,22,,,0,100,,4086,22,,,0,100,,4087,22,,,0,100,,4088,22,,,0,100,,4089,22,,,0,100,,4091,4,,,0
201,'5506',714,,4092,22,,,0,100,,4093,22,,,0,100,,4094,22,,,0,100,,4095,22,,,0,100,,4096,22,,,0,100,,4097,22,,,0,100,,4098,22,,,0,100,,4099,22,,,0,100,,4100,22,,,0,100,,4101,22,,,0,100,,4102,22,,,0,100,,4104,4,,,0
201,'5508',714,,4105,22,,,0,100,,4106,22,,,0,100,,4107,22,,,0,100,,4108,22,,,0,100,,4109,22,,,0,100,,4110,22,,,0,100,,4111,22,,,0,100,,4112,22,,,0,100,,4113,22,,,0,100,,4114,22,,,0,100,,4115,22,,,0,100,,4117,4,,,0
1101,'5475',1241,,4763,10,,,0,572,,4761,10,,,0
1101,'5501',1241,,4766,10,,,0,572,,4764,10,,,0
1101,'5505',1241,,4769,10,,,0,572,,4767,10,,,0
1101,'5506',1241,,4772,10,,,0,572,,4770,10,,,0
1501,'5475',1941,,4825,4,,,0,164,,4827,4,,,0,348,,4830,4,,,0,164,,4828,4,0,14 15,0
1501,'5501',1941,,4833,4,,,0,164,,4835,4,,,0
1501,'5503',1941,,4836,4,,,0,164,,4839,4,,,0
1501,'5505',1941,,4841,4,,,0,164,,4843,4,,,0
1501,'5506',1941,,4845,4,,,0,164,,4847,4,,,0
1501,'5508',1941,,4849,4,,,0,164,,4851,4,,,0
1600,'5504',912,,4852,22,0,16 18,0,100,,4855,28,,,0,100,,4854,28,,,0,100,,4853,28,,,0,100,,4856,28,,,0,100,,4857,28,,,0,100,,4858,28,,,0,100,,4859,28,,,0,100,,4860,28,,,0
4001,'5475',945,,5000,4,,,0,604,,5001,4,,,0
4001,'5501',945,,5002,4,,,0,604,,5003,4,,,0
4001,'5505',945,,5004,4,,,0,604,,5005,4,,,0
4001,'5506',945,,5007,4,,,0,604,,5008,4,,,0
7000,'5475',614,,5023,35,,,0,305,,5024,18,,,0,324,,5025,18,,,0,300,,5026,18,,,0
7000,'5501',614,,5027,35,,,0,305,,5028,18,,,0,324,,5029,18,,,0,300,,5030,18,,,0
7000,'5505',614,,5031,35,,,0,305,,5032,18,,,0,324,,5033,18,,,0,300,,5034,18,,,0
7000,'5506',614,,5035,35,,,0,305,,5036,18,,,0,324,,5037,18,,,0,300,,5038,18,,,0
