400,'5475',704,,2619,7,,,0,100,,2624,7,,,0,100,,2625,7,,,0,100,,2626,7,,,0,100,,2628,7,,,0,100,,2629,7,,,0,100,,2630,7,,,0,100,,2631,7,,,0,100,,2627,7,,,0,100,,2622,7,,,0,100,,2623,7,,,0,100,,2621,7,0,7 6,0
400,'5501',704,,2632,7,,,0,100,,2637,7,,,0,100,,2638,7,,,0,100,,2639,7,,,0,100,,2641,7,,,0,100,,2642,7,,,0,100,,2643,7,,,0,100,,2644,7,,,0,100,,2640,7,,,0,100,,2635,7,,,0,100,,2636,7,,,0,100,,2634,7,0,7 6,0
400,'5503',804,,2648,7,,,0,100,,2651,7,,,0,100,,2645,7,,,0,100,,2646,7,,,0,100,,2649,7,,,0,100,,2650,7,,,0,100,,2647,7,,,0,100,,2652,7,,,0,100,,2653,7,,,0,100,,2654,7,,,0,100,,2655,7,0,7 6,0
400,'5505',704,,2657,7,,,0,100,,2662,7,,,0,100,,2663,7,,,0,100,,2664,7,,,0,100,,2666,7,,,0,100,,2667,7,,,0,100,,2668,7,,,0,100,,2669,7,,,0,100,,2665,7,,,0,100,,2660,7,,,0,100,,2661,7,,,0,100,,2659,7,0,7 6,0
400,'5506',704,,2670,7,,,0,100,,2675,7,,,0,100,,2676,7,,,0,100,,2677,7,,,0,100,,2679,7,,,0,100,,2680,7,,,0,100,,2681,7,,,0,100,,2682,7,,,0,100,,2678,7,,,0,100,,2673,7,,,0,100,,2674,7,,,0,100,,2672,7,0,7 6,0
400,'5508',704,,2683,7,,,0,100,,2688,7,,,0,100,,2689,7,,,0,100,,2690,7,,,0,100,,2692,7,,,0,100,,2693,7,,,0,100,,2694,7,,,0,100,,2695,7,,,0,100,,2691,7,,,0,100,,2686,7,,,0,100,,2687,7,,,0,100,,2685,7,0,7 6,0
3000,'5475',813,,3281,13,,,0,310,,3280,13,,,0,185,,3284,13,,,0,295,,3282,13,,,0,131,,3283,13,,,0
3000,'5501',813,,3286,13,,,0,310,,3285,13,,,0,185,,3289,13,,,0,295,,3287,13,,,0,131,,3288,13,,,0
3000,'5503',913,,3290,13,,,0,210,,3291,13,,,0,185,,3293,13,,,0,295,,3292,13,,,0,131,,3294,13,,,0
3000,'5505',813,,3296,13,,,0,310,,3295,13,,,0,185,,3299,13,,,0,295,,3297,13,,,0,131,,3298,13,,,0
3000,'5506',813,,3301,13,,,0,310,,3300,13,,,0,185,,3304,13,,,0,295,,3302,13,,,0,131,,3303,13,,,0
3000,'5508',813,,3306,13,,,0,310,,3305,13,,,0,185,,3309,13,,,0,295,,3307,13,,,0,131,,3308,13,,,0
4000,'5475',832,,3341,23,4,,0,516,,3340,23,4,,0
4000,'5501',832,,3343,23,4,,0,516,,3342,23,4,,0
4000,'5505',832,,3345,23,4,,0,516,,3344,23,4,,0
4000,'5506',832,,3348,23,4,,0,516,,3347,23,4,,0
