100,'5414',835,,4037,13,,,0,100,,4039,21,,,0,100,,4043,21,,,0,100,,4047,21,,,0,100,,4040,21,,,0,100,,4038,21,,,0,100,,4044,21,,,0,100,,4042,21,,,0,100,,4041,21,,,0,100,,4046,21,,,0
100,'5475',635,,3972,21,,,0,100,,3973,21,,,0,100,,3974,13,,,0,100,,3975,21,,,0,100,,3976,21,,,0,100,,3977,21,,,0,100,,3978,21,,,0,100,,3979,21,,,0,100,,3980,21,,,0,100,,3981,21,,,0,100,,3982,21,,,0,100,,3983,21,,,0
100,'5501',635,,4024,21,,,0,100,,4025,21,,,0,100,,4026,13,,,0,100,,4027,21,,,0,100,,4028,21,,,0,100,,4029,21,,,0,100,,4030,21,,,0,100,,4031,21,,,0,100,,4032,21,,,0,100,,4033,21,,,0,100,,4034,21,,,0,100,,4035,21,,,0
100,'5505',635,,3985,21,,,0,100,,3986,21,,,0,100,,3987,13,,,0,100,,3988,21,,,0,100,,3989,21,,,0,100,,3990,21,,,0,100,,3991,21,,,0,100,,3992,21,,,0,100,,3993,21,,,0,100,,3994,21,,,0,100,,3995,21,,,0,100,,3996,21,,,0
100,'5506',635,,3998,21,,,0,100,,3999,21,,,0,100,,4000,13,,,0,100,,4001,21,,,0,100,,4002,21,,,0,100,,4003,21,,,0,100,,4004,21,,,0,100,,4005,21,,,0,100,,4006,21,,,0,100,,4007,21,,,0,100,,4008,21,,,0,100,,4009,21,,,0
100,'5508',635,,4011,21,,,0,100,,4012,21,,,0,100,,4013,13,,,0,100,,4014,21,,,0,100,,4015,21,,,0,100,,4016,21,,,0,100,,4017,21,,,0,100,,4018,21,,,0,100,,4019,21,,,0,100,,4020,21,,,0,100,,4021,21,,,0,100,,4022,21,,,0
300,'5414',814,,2898,23,0,11 12,0,90,,2899,15,,,0,100,,2900,15,,,0,100,,2897,15,,,0,100,,2901,15,,,0,100,,2902,15,,,0,100,,2903,15,,,0,100,,2904,15,,,0,100,,2905,15,,,0,100,,2906,15,,,0,100,,2907,15,,,0
300,'5475',704,,2871,15,,,0,110,,2872,29,0,11 12,0,90,,2873,15,,,0,100,,2874,15,,,0,100,,2876,15,,,0,100,,2875,15,,,0,100,,2877,15,,,0,100,,2878,15,,,0,100,,2879,15,,,0,100,,2880,15,,,0,100,,2881,15,,,0,100,,2882,15,0,7 6,0
300,'5501',704,,2884,15,,,0,110,,2885,29,0,11 12,0,90,,2886,15,,,0,100,,2887,15,,,0,100,,2889,15,,,0,100,,2888,15,,,0,100,,2890,15,,,0,100,,2891,15,,,0,100,,2892,15,,,0,100,,2893,15,,,0,100,,2894,15,,,0,100,,2895,15,0,7 6,0
300,'5505',704,,2908,15,,,0,110,,2909,29,0,11 12,0,90,,2910,15,,,0,100,,2911,15,,,0,100,,2913,15,,,0,100,,2912,15,,,0,100,,2914,15,,,0,100,,2915,15,,,0,100,,2916,15,,,0,100,,2917,15,,,0,100,,2918,15,,,0,100,,2919,15,0,7 6,0
300,'5506',704,,2921,15,,,0,110,,2922,29,0,11 12,0,90,,2923,15,,,0,100,,2924,15,,,0,100,,2926,15,,,0,100,,2925,15,,,0,100,,2927,15,,,0,100,,2928,15,,,0,100,,2929,15,,,0,100,,2930,15,,,0,100,,2931,15,,,0,100,,2932,15,0,7 6,0
300,'5508',704,,2934,15,,,0,110,,2935,29,0,11 12,0,90,,2936,15,,,0,100,,2937,15,,,0,100,,2939,15,,,0,100,,2938,15,,,0,100,,2940,15,,,0,100,,2941,15,,,0,100,,2942,15,,,0,100,,2943,15,,,0,100,,2944,15,,,0,100,,2945,15,0,7 6,0
1501,'5414',1935,,3590,31,0,7,0,124,,3591,31,0,7,0
1501,'5475',1935,,3577,31,0,7,0,124,,3579,31,0,7,0,388,,3584,31,0,7,0,164,,3582,31,0,7,0
1501,'5501',1935,,3585,31,0,7,0,124,,3587,31,0,7,0
1501,'5505',1935,,3593,31,0,7,0,124,,3595,31,0,7,0
1501,'5506',1935,,3597,31,0,7,0,124,,3599,31,0,7,0
1501,'5508',1935,,3601,31,0,7,0,124,,3603,31,0,7,0
1600,'5504',906,,4124,11,,,0,100,,4127,17,,,0,100,,4126,17,,,0,100,,4125,17,,,0,100,,4128,17,,,0,100,,4129,17,,,0,100,,4130,17,,,0,100,,4131,17,,,0,100,,4132,17,,,0
7000,'5475',607,,4169,24,,,0,305,,4170,7,,,0,324,,4171,7,,,0,300,,4172,7,,,0
7000,'5501',607,,4181,24,,,0,305,,4182,7,,,0,324,,4183,7,,,0,300,,4184,7,,,0
7000,'5505',607,,4173,24,,,0,305,,4174,7,,,0,324,,4175,7,,,0,300,,4176,7,,,0
7000,'5506',607,,4177,24,,,0,305,,4178,7,,,0,324,,4179,7,,,0,300,,4180,7,,,0
