300,'5414',852,,2899,2,,,0,100,,2900,2,,,0,100,,2897,2,,,0,100,,2901,2,,,0,100,,2902,2,,,0,100,,2903,2,,,0,100,,2904,2,,,0,100,,2905,2,,,0,100,,2906,2,,,0,100,,2907,2,,,0
300,'5475',652,,2871,2,,,0,100,,2872,2,0,11 12,0,100,,2873,2,,,0,100,,2874,2,,,0,100,,2876,2,,,0,100,,2875,2,,,0,100,,2877,2,,,0,100,,2878,2,,,0,100,,2879,2,,,0,100,,2880,2,,,0,100,,2881,2,,,0,100,,2882,2,0,7 6,0
300,'5501',652,,2884,2,,,0,100,,2885,2,0,11 12,0,100,,2886,2,,,0,100,,2887,2,,,0,100,,2889,2,,,0,100,,2888,2,,,0,100,,2890,2,,,0,100,,2891,2,,,0,100,,2892,2,,,0,100,,2893,2,,,0,100,,2894,2,,,0,100,,2895,2,0,7 6,0
300,'5505',652,,2908,2,,,0,100,,2909,2,0,11 12,0,100,,2910,2,,,0,100,,2911,2,,,0,100,,2913,2,,,0,100,,2912,2,,,0,100,,2914,2,,,0,100,,2915,2,,,0,100,,2916,2,,,0,100,,2917,2,,,0,100,,2918,2,,,0,100,,2919,2,0,7 6,0
300,'5506',652,,2921,2,,,0,100,,2922,2,0,11 12,0,100,,2923,2,,,0,100,,2924,2,,,0,100,,2926,2,,,0,100,,2925,2,,,0,100,,2927,2,,,0,100,,2928,2,,,0,100,,2929,2,,,0,100,,2930,2,,,0,100,,2931,2,,,0,100,,2932,2,0,7 6,0
300,'5508',652,,2934,2,,,0,100,,2935,2,0,11 12,0,100,,2936,2,,,0,100,,2937,2,,,0,100,,2939,2,,,0,100,,2938,2,,,0,100,,2940,2,,,0,100,,2941,2,,,0,100,,2942,2,,,0,100,,2943,2,,,0,100,,2944,2,,,0,100,,2945,2,0,7 6,0
1600,'5680',952,,3608,2,,,0,100,,3607,2,,,0,100,,3606,2,,,0,100,,3609,2,,,0,100,,3610,2,,,0,100,,3611,2,,,0,100,,3612,2,,,0,100,,3613,2,,,0,100,,3614,2,,,0
1600,'5684',952,,4127,2,,,0,100,,4126,2,,,0,100,,4125,2,,,0,100,,4128,2,,,0,100,,4129,2,,,0,100,,4130,2,,,0,100,,4131,2,,,0,100,,4132,2,,,0,100,,4133,2,,,0
4000,'5475',820,,4144,7,,,0,516,,4143,7,,,0
4000,'5505',820,,4146,7,,,0,115,,4147,7,,,0,401,,4145,7,,,0
4000,'5506',820,,4149,7,,,0,516,,4148,7,,,0
4000,'5681',820,,3747,7,4,,0,516,,3746,7,4,,0
4000,'5682',820,,4151,7,,,0,516,,4150,7,,,0
1000100,'5475',1906,,3808,12,,,0,30,,3819,12,,,0,70,,3817,12,,,0,30,,3818,12,,,0,70,,3814,12,,,0,30,,3816,12,,,0,70,,3815,12,,,0,30,,3813,12,,,0,170,,3810,12,,,0,30,,3812,12,,,0,70,,3809,12,,,0,30,,3811,12,,,0
