201,'5326',727,,1421,34,,,0,100,,1422,34,,,0,100,,1423,34,,,0,100,,1424,34,,,0,100,,1425,34,,,0,100,,1426,34,,,0,100,,1427,34,,,0,100,,1428,34,,,0,100,,1429,34,,,0,100,,1430,34,,,0,100,,1431,34,,,0,100,,1433,16,,,0
201,'5328',827,,1434,34,,,0,100,,1435,34,,,0,100,,1437,34,,,0,100,,1436,34,,,0,100,,1438,34,,,0,100,,1439,34,,,0,100,,1440,34,,,0,100,,1441,34,,,0,100,,1442,34,,,0,100,,1443,34,,,0,100,,1444,34,,,0
401,'5326',655,,1672,14,,,0,100,,1673,27,,,0,100,,1674,27,,,0,100,,1675,27,,,0,100,,1676,27,,,0,100,,1677,27,,,0,100,,1678,27,,,0,100,,1670,27,,,0,100,,1671,27,,,0,100,,1669,27,,,0,100,,1668,27,,,0,100,,1667,27,,,0
401,'5328',855,,1679,27,,,0,100,,1681,27,,,0,100,,1683,27,,,0,100,,1680,27,,,0,100,,1684,27,,,0,100,,1682,27,,,0,100,,1685,27,,,0,100,,1686,27,,,0,100,,1687,27,,,0,100,,1688,27,,,0
1001,'5326',754,,1968,26,,,0,165,,1969,26,,,0,123,,1972,26,,,0,311,,1970,26,,,0,402,,1971,26,,,0
1001,'5328',919,,1973,26,,,0,434,,1975,26,,,0,402,,1974,26,,,0
1100,'5326',1004,,1979,16,,,0,308,,1980,16,,,0
1501,'5326',1951,,2039,16,,,0,164,,2041,16,,,0
1501,'5328',1951,,2042,16,,,0,164,,2045,16,,,0
7001,'5326',856,,2165,28,0,14 15,0,296,,2166,26,0,14 15,0,365,,2167,28,0,14 15,0,302,,2168,26,,,0
