300,'5414',810,,2898,18,0,11 12,0
300,'5475',810,,2872,24,0,11 12,0
300,'5501',810,,2885,24,0,11 12,0
300,'5505',810,,2909,24,0,11 12,0
300,'5506',810,,2922,24,0,11 12,0
300,'5508',810,,2935,24,0,11 12,0
400,'5414',827,,3052,38,,,0,100,,3055,38,,,0,100,,3049,38,,,0,100,,3050,38,,,0,100,,3053,38,,,0,100,,3054,38,,,0,100,,3051,38,,,0,100,,3056,38,,,0,100,,3057,38,,,0,100,,3058,38,,,0,110,,3060,23,,,0
400,'5475',727,,3023,38,,,0,100,,3028,38,,,0,100,,3029,38,,,0,100,,3030,38,,,0,100,,3032,38,,,0,100,,3033,38,,,0,100,,3034,38,,,0,100,,3035,38,,,0,100,,3031,38,,,0,100,,3026,38,,,0,100,,3027,38,,,0,110,,3024,23,,,0
400,'5501',727,,3036,38,,,0,100,,3041,38,,,0,100,,3042,38,,,0,100,,3043,38,,,0,100,,3045,38,,,0,100,,3046,38,,,0,100,,3047,38,,,0,100,,3048,38,,,0,100,,3044,38,,,0,100,,3039,38,,,0,100,,3040,38,,,0,110,,3037,23,,,0
400,'5505',727,,3061,38,,,0,100,,3066,38,,,0,100,,3067,38,,,0,100,,3068,38,,,0,100,,3070,38,,,0,100,,3071,38,,,0,100,,3072,38,,,0,100,,3073,38,,,0,100,,3069,38,,,0,100,,3064,38,,,0,100,,3065,38,,,0,110,,3062,23,,,0
400,'5506',727,,3074,38,,,0,100,,3079,38,,,0,100,,3080,38,,,0,100,,3081,38,,,0,100,,3083,38,,,0,100,,3084,38,,,0,100,,3085,38,,,0,100,,3086,38,,,0,100,,3082,38,,,0,100,,3077,38,,,0,100,,3078,38,,,0,110,,3075,23,,,0
400,'5508',727,,3087,38,,,0,100,,3092,38,,,0,100,,3093,38,,,0,100,,3094,38,,,0,100,,3096,38,,,0,100,,3097,38,,,0,100,,3098,38,,,0,100,,3099,38,,,0,100,,3095,38,,,0,100,,3090,38,,,0,100,,3091,38,,,0,110,,3088,23,,,0
