300,'5414',807,,2898,12,0,11 12,0
300,'5475',807,,2872,18,0,11 12,0
300,'5501',807,,2885,18,0,11 12,0
300,'5505',807,,2909,18,0,11 12,0
300,'5506',807,,2922,18,0,11 12,0
300,'5508',807,,2935,18,0,11 12,0
400,'5414',824,,3052,32,,,0,100,,3055,32,,,0,100,,3049,32,,,0,100,,3050,32,,,0,100,,3053,32,,,0,100,,3054,32,,,0,100,,3051,32,,,0,100,,3056,32,,,0,100,,3057,32,,,0,100,,3058,32,,,0,110,,3060,17,,,0
400,'5475',724,,3023,32,,,0,100,,3028,32,,,0,100,,3029,32,,,0,100,,3030,32,,,0,100,,3032,32,,,0,100,,3033,32,,,0,100,,3034,32,,,0,100,,3035,32,,,0,100,,3031,32,,,0,100,,3026,32,,,0,100,,3027,32,,,0,110,,3024,17,,,0
400,'5501',724,,3036,32,,,0,100,,3041,32,,,0,100,,3042,32,,,0,100,,3043,32,,,0,100,,3045,32,,,0,100,,3046,32,,,0,100,,3047,32,,,0,100,,3048,32,,,0,100,,3044,32,,,0,100,,3039,32,,,0,100,,3040,32,,,0,110,,3037,17,,,0
400,'5505',724,,3061,32,,,0,100,,3066,32,,,0,100,,3067,32,,,0,100,,3068,32,,,0,100,,3070,32,,,0,100,,3071,32,,,0,100,,3072,32,,,0,100,,3073,32,,,0,100,,3069,32,,,0,100,,3064,32,,,0,100,,3065,32,,,0,110,,3062,17,,,0
400,'5506',724,,3074,32,,,0,100,,3079,32,,,0,100,,3080,32,,,0,100,,3081,32,,,0,100,,3083,32,,,0,100,,3084,32,,,0,100,,3085,32,,,0,100,,3086,32,,,0,100,,3082,32,,,0,100,,3077,32,,,0,100,,3078,32,,,0,110,,3075,17,,,0
400,'5508',724,,3087,32,,,0,100,,3092,32,,,0,100,,3093,32,,,0,100,,3094,32,,,0,100,,3096,32,,,0,100,,3097,32,,,0,100,,3098,32,,,0,100,,3099,32,,,0,100,,3095,32,,,0,100,,3090,32,,,0,100,,3091,32,,,0,110,,3088,17,,,0
