400,'5475',717,,3023,20,,,0,100,,3028,20,,,0,100,,3029,20,,,0,100,,3030,20,,,0,100,,3032,20,,,0,100,,3033,20,,,0,100,,3034,20,,,0,100,,3035,20,,,0,100,,3031,20,,,0,100,,3026,20,,,0,100,,3027,20,,,0,110,,3024,5,,,0
400,'5501',717,,3036,20,,,0,100,,3041,20,,,0,100,,3042,20,,,0,100,,3043,20,,,0,100,,3045,20,,,0,100,,3046,20,,,0,100,,3047,20,,,0,100,,3048,20,,,0,100,,3044,20,,,0,100,,3039,20,,,0,100,,3040,20,,,0,110,,3037,5,,,0
400,'5503',817,,3052,20,,,0,100,,3055,20,,,0,100,,3049,20,,,0,100,,3050,20,,,0,100,,3053,20,,,0,100,,3054,20,,,0,100,,3051,20,,,0,100,,3056,20,,,0,100,,3057,20,,,0,100,,3058,20,,,0,110,,3060,5,,,0
400,'5505',717,,3061,20,,,0,100,,3066,20,,,0,100,,3067,20,,,0,100,,3068,20,,,0,100,,3070,20,,,0,100,,3071,20,,,0,100,,3072,20,,,0,100,,3073,20,,,0,100,,3069,20,,,0,100,,3064,20,,,0,100,,3065,20,,,0,110,,3062,5,,,0
400,'5506',717,,3074,20,,,0,100,,3079,20,,,0,100,,3080,20,,,0,100,,3081,20,,,0,100,,3083,20,,,0,100,,3084,20,,,0,100,,3085,20,,,0,100,,3086,20,,,0,100,,3082,20,,,0,100,,3077,20,,,0,100,,3078,20,,,0,110,,3075,5,,,0
400,'5508',717,,3087,20,,,0,100,,3092,20,,,0,100,,3093,20,,,0,100,,3094,20,,,0,100,,3096,20,,,0,100,,3097,20,,,0,100,,3098,20,,,0,100,,3099,20,,,0,100,,3095,20,,,0,100,,3090,20,,,0,100,,3091,20,,,0,110,,3088,5,,,0
1100,'5475',958,,3502,13,,,0,348,,3503,13,,,0
1100,'5501',958,,3505,13,,,0,348,,3506,13,,,0
1100,'5505',958,,3508,13,,,0,348,,3509,13,,,0
1100,'5506',958,,3511,13,,,0,348,,3512,13,,,0
