1501,'5414',1919,,3590,8,0,7,0,124,,3591,8,0,7,0
1501,'5475',1919,,3577,8,0,7,0,124,,3579,8,0,7,0,388,,3584,8,0,7,0,124,,3582,8,0,7,0
1501,'5501',1919,,3585,8,0,7,0,124,,3587,8,0,7,0
1501,'5505',1919,,3593,8,0,7,0,124,,3595,8,0,7,0
1501,'5506',1919,,3597,8,0,7,0,124,,3599,8,0,7,0
1501,'5508',1919,,3601,8,0,7,0,124,,3603,8,0,7,0
2000,'5475',750,,3624,17,0,8 9,0,170,,3625,17,0,8 9,0,300,,3626,17,0,8 9,0,428,,3628,9,0,10,0,170,,3627,9,0,10,0
2000,'5501',750,,3629,17,0,8 9,0,170,,3630,17,0,8 9,0,300,,3631,17,0,8 9,0,428,,3633,9,0,10,0,170,,3632,9,0,10,0
2000,'5505',750,,3634,17,0,8 9,0,170,,3635,17,0,8 9,0,300,,3636,17,0,8 9,0,428,,3638,9,0,10,0,170,,3637,9,0,10,0
2000,'5506',750,,3639,17,0,8 9,0,170,,3640,17,0,8 9,0,300,,3641,17,0,8 9,0,428,,3643,9,0,10,0,170,,3642,9,0,10,0
7001,'5475',1828,,4188,38,,,0
7001,'5501',1828,,4200,38,,,0
7001,'5505',1828,,4192,38,,,0
7001,'5506',1828,,4196,38,,,0
