101,'5414',904,,3900,18,,,0,100,,3902,18,,,0,100,,3896,18,,,0,100,,3898,18,,,0,100,,3901,18,,,0,100,,3899,18,,,0,100,,3903,18,,,0,100,,3897,18,,,0,100,,3904,18,,,0,100,,3905,18,,,0
101,'5475',704,,3908,18,,,0,100,,3909,18,,,0,100,,3910,18,,,0,100,,3911,18,,,0,100,,3913,18,,,0,100,,3912,18,,,0,100,,3915,18,,,0,100,,3914,18,,,0,100,,3916,18,,,0,100,,3917,18,,,0,100,,3918,18,,,0,100,,3919,18,,,0
101,'5505',704,,3921,18,,,0,100,,3922,18,,,0,100,,3923,18,,,0,100,,3924,18,,,0,100,,3926,18,,,0,100,,3925,18,,,0,100,,3928,18,,,0,100,,3927,18,,,0,100,,3929,18,,,0,100,,3930,18,,,0,100,,3931,18,,,0,100,,3932,18,,,0
101,'5506',704,,3934,18,,,0,100,,3935,18,,,0,100,,3936,18,,,0,100,,3937,18,,,0,100,,3939,18,,,0,100,,3938,18,,,0,100,,3941,18,,,0,100,,3940,18,,,0,100,,3942,18,,,0,100,,3943,18,,,0,100,,3944,18,,,0,100,,3945,18,,,0
101,'5508',704,,3947,18,,,0,100,,3948,18,,,0,100,,3949,18,,,0,100,,3950,18,,,0,100,,3952,18,,,0,100,,3951,18,,,0,100,,3954,18,,,0,100,,3953,18,,,0,100,,3955,18,,,0,100,,3956,18,,,0,100,,3957,18,,,0,100,,3958,18,,,0
101,'5625',704,,3960,18,,,0,100,,3961,18,,,0,100,,3962,18,,,0,100,,3963,18,,,0,100,,3965,18,,,0,100,,3964,18,,,0,100,,3967,18,,,0,100,,3966,18,,,0,100,,3968,18,,,0,100,,3969,18,,,0,100,,3970,18,,,0,100,,3971,18,,,0
301,'5414',834,,2974,13,,,0,100,,2973,20,,,0,100,,2976,20,,,0,100,,2975,20,,,0,100,,2977,20,,,0,100,,2978,20,,,0,100,,2979,20,,,0,100,,2980,20,,,0,100,,2981,20,,,0,100,,2983,20,,,0
301,'5475',634,,2947,10,,,0,100,,2948,20,,,0,100,,2949,13,,,0,100,,2950,20,,,0,100,,2951,20,,,0,100,,2952,20,,,0,100,,2953,20,,,0,100,,2954,20,,,0,100,,2955,20,,,0,100,,2956,20,,,0,100,,2957,20,,,0,100,,2958,20,,,0
301,'5501',634,,2960,10,,,0,100,,2961,20,,,0,100,,2962,13,,,0,100,,2963,20,,,0,100,,2964,20,,,0,100,,2965,20,,,0,100,,2966,20,,,0,100,,2967,20,,,0,100,,2968,20,,,0,100,,2969,20,,,0,100,,2970,20,,,0,100,,2971,20,,,0
301,'5505',634,,2984,10,,,0,100,,2985,20,,,0,100,,2986,13,,,0,100,,2987,20,,,0,100,,2988,20,,,0,100,,2989,20,,,0,100,,2990,20,,,0,100,,2991,20,,,0,100,,2992,20,,,0,100,,2993,20,,,0,100,,2994,20,,,0,100,,2995,20,,,0
301,'5506',634,,2997,10,,,0,100,,2998,20,,,0,100,,2999,13,,,0,100,,3000,20,,,0,100,,3001,20,,,0,100,,3002,20,,,0,100,,3003,20,,,0,100,,3004,20,,,0,100,,3005,20,,,0,100,,3006,20,,,0,100,,3007,20,,,0,100,,3008,20,,,0
301,'5508',634,,3010,10,,,0,100,,3011,20,,,0,100,,3012,13,,,0,100,,3013,20,,,0,100,,3014,20,,,0,100,,3015,20,,,0,100,,3016,20,,,0,100,,3017,20,,,0,100,,3018,20,,,0,100,,3019,20,,,0,100,,3020,20,,,0,100,,3021,20,,,0
1500,'5414',1854,,3546,10,0,13,0,164,,3548,10,0,13,0,123,,3550,10,0,13,0,85,,3552,10,0,13,0
1500,'5475',1854,,3526,10,0,14 15,0,164,,3529,10,0,13,0,123,,3531,10,0,13,0,85,,3533,10,0,13,0,180,,3536,10,0,13,0,124,,3534,10,0,13,0
1500,'5501',1854,,3538,10,0,14 15,0,164,,3541,10,0,13,0,123,,3543,10,0,13,0,85,,3545,10,0,13,0
1500,'5505',1854,,3553,10,0,14 15,0,164,,3556,10,0,13,0,123,,3558,10,0,13,0,85,,3560,10,0,13,0
1500,'5506',1854,,3561,10,0,14 15,0,164,,3564,10,0,13,0,123,,3566,10,0,13,0,85,,3568,10,0,13,0
1500,'5508',1854,,3569,10,0,14 15,0,164,,3572,10,0,13,0,123,,3574,10,0,13,0,85,,3576,10,0,13,0
3001,'5414',853,,3724,19,,,0,250,,3725,17,,,0,145,,3726,17,,,0,295,,3727,19,,,0,170,,3728,17,,,0
3001,'5475',753,,3714,19,,,0,350,,3715,17,,,0,145,,3718,17,,,0,295,,3716,19,,,0,170,,3717,17,,,0
3001,'5501',753,,3719,19,,,0,350,,3720,17,,,0,145,,3723,17,,,0,295,,3721,19,,,0,170,,3722,17,,,0
3001,'5505',753,,3729,19,,,0,350,,3730,17,,,0,145,,3733,17,,,0,295,,3731,19,,,0,170,,3732,17,,,0
3001,'5506',753,,3734,19,,,0,350,,3735,17,,,0,145,,3738,17,,,0,295,,3736,19,,,0,170,,3737,17,,,0
3001,'5508',753,,3739,19,,,0,350,,3740,17,,,0,145,,3743,17,,,0,295,,3741,19,,,0,170,,3742,17,,,0
4001,'5475',953,,3753,12,,,0,604,,3754,12,,,0
4001,'5501',953,,3755,12,,,0,604,,3756,12,,,0
4001,'5505',953,,3757,12,,,0,604,,3758,12,,,0
4001,'5506',953,,3760,12,,,0,604,,3761,12,,,0
