401,'5414',832,,3126,6,,,0,100,,3128,6,,,0,100,,3129,6,,,0,100,,3127,6,,,0,100,,3131,6,,,0,100,,3130,6,,,0,100,,3132,6,,,0,100,,3133,6,,,0,100,,3134,6,,,0,100,,3135,6,,,0,110,,3136,6,0,7 6,0
401,'5475',732,,3107,6,,,0,100,,3108,6,,,0,100,,3109,6,,,0,100,,3110,6,,,0,100,,3111,6,,,0,100,,3112,6,,,0,100,,3104,6,,,0,100,,3105,6,,,0,100,,3102,6,,,0,100,,3101,6,,,0,100,,3103,6,,,0,110,,3100,6,0,7 6,0
401,'5501',732,,3120,6,,,0,100,,3121,6,,,0,100,,3122,6,,,0,100,,3123,6,,,0,100,,3124,6,,,0,100,,3125,6,,,0,100,,3117,6,,,0,100,,3118,6,,,0,100,,3115,6,,,0,100,,3114,6,,,0,100,,3116,6,,,0,110,,3113,6,0,7 6,0
401,'5505',732,,3144,6,,,0,100,,3145,6,,,0,100,,3146,6,,,0,100,,3147,6,,,0,100,,3148,6,,,0,100,,3149,6,,,0,100,,3141,6,,,0,100,,3142,6,,,0,100,,3139,6,,,0,100,,3138,6,,,0,100,,3140,6,,,0,110,,3137,6,0,7 6,0
401,'5506',732,,3157,6,,,0,100,,3158,6,,,0,100,,3159,6,,,0,100,,3160,6,,,0,100,,3161,6,,,0,100,,3162,6,,,0,100,,3154,6,,,0,100,,3155,6,,,0,100,,3152,6,,,0,100,,3151,6,,,0,100,,3153,6,,,0,110,,3150,6,0,7 6,0
401,'5508',732,,3170,6,,,0,100,,3171,6,,,0,100,,3172,6,,,0,100,,3173,6,,,0,100,,3174,6,,,0,100,,3175,6,,,0,100,,3167,6,,,0,100,,3168,6,,,0,100,,3165,6,,,0,100,,3164,6,,,0,100,,3166,6,,,0,110,,3163,6,0,7 6,0
500,'5501',813,,3222,31,0,11 12,0
500,'5505',813,,3270,31,0,11 12,0
501,'5501',1532,,3367,23,0,11 12,0
501,'5505',1532,,3415,23,0,11 12,0
1500,'5414',1900,,3546,20,0,13,0,124,,3548,20,0,13,0,123,,3550,20,0,13,0,85,,3552,20,0,13,0
1500,'5475',1900,,3526,20,0,14 15,0,124,,3529,20,0,13,0,123,,3531,20,0,13,0,85,,3533,20,0,13,0,180,,3536,20,0,13,0,124,,3534,20,0,13,0
1500,'5501',1900,,3538,20,0,14 15,0,124,,3541,20,0,13,0,123,,3543,20,0,13,0,85,,3545,20,0,13,0
1500,'5505',1900,,3553,20,0,14 15,0,124,,3556,20,0,13,0,123,,3558,20,0,13,0,85,,3560,20,0,13,0
1500,'5506',1900,,3561,20,0,14 15,0,124,,3564,20,0,13,0,123,,3566,20,0,13,0,85,,3568,20,0,13,0
1500,'5508',1900,,3569,20,0,14 15,0,124,,3572,20,0,13,0,123,,3574,20,0,13,0,85,,3576,20,0,13,0
3000,'5414',910,,3694,10,,,0,210,,3695,10,,,0,185,,3697,10,,,0,295,,3696,10,,,0,131,,3698,10,,,0
3000,'5475',810,,3685,10,,,0,310,,3684,10,,,0,185,,3688,10,,,0,295,,3686,10,,,0,131,,3687,10,,,0
3000,'5501',810,,3690,10,,,0,310,,3689,10,,,0,185,,3693,10,,,0,295,,3691,10,,,0,131,,3692,10,,,0
3000,'5505',810,,3700,10,,,0,310,,3699,10,,,0,185,,3703,10,,,0,295,,3701,10,,,0,131,,3702,10,,,0
3000,'5506',810,,3705,10,,,0,310,,3704,10,,,0,185,,3708,10,,,0,295,,3706,10,,,0,131,,3707,10,,,0
3000,'5508',810,,3710,10,,,0,310,,3709,10,,,0,185,,3713,10,,,0,295,,3711,10,,,0,131,,3712,10,,,0
4000,'5475',830,,3745,20,4,,0,516,,3744,20,4,,0
4000,'5501',830,,3747,20,4,,0,516,,3746,20,4,,0
4000,'5505',830,,3749,20,4,,0,516,,3748,20,4,,0
4000,'5506',830,,3752,20,4,,0,516,,3751,20,4,,0
7001,'5475',851,,3792,24,0,14 15,0,296,,3793,22,0,14 15,0,365,,3794,24,0,14 15,0,304,,3795,22,,,0
7001,'5501',851,,3796,24,0,14 15,0,296,,3797,22,0,14 15,0,365,,3798,24,0,14 15,0,304,,3799,22,,,0
7001,'5505',851,,3800,24,0,14 15,0,296,,3801,22,0,14 15,0,365,,3802,24,0,14 15,0,304,,3803,22,,,0
7001,'5506',851,,3804,24,0,14 15,0,296,,3805,22,0,14 15,0,365,,3806,24,0,14 15,0,304,,3807,22,,,0
