100,'5414',842,,3820,19,,,0,100,,3822,27,,,0,100,,3826,27,,,0,100,,3830,27,,,0,100,,3823,27,,,0,100,,3821,27,,,0,100,,3827,27,,,0,100,,3825,27,,,0,100,,3824,27,,,0,100,,3829,27,,,0
100,'5475',642,,3831,27,,,0,100,,3832,27,,,0,100,,3833,19,,,0,100,,3834,27,,,0,100,,3835,27,,,0,100,,3836,27,,,0,100,,3837,27,,,0,100,,3838,27,,,0,100,,3839,27,,,0,100,,3840,27,,,0,100,,3841,27,,,0,100,,3842,27,,,0
100,'5505',642,,3844,27,,,0,100,,3845,27,,,0,100,,3846,19,,,0,100,,3847,27,,,0,100,,3848,27,,,0,100,,3849,27,,,0,100,,3850,27,,,0,100,,3851,27,,,0,100,,3852,27,,,0,100,,3853,27,,,0,100,,3854,27,,,0,100,,3855,27,,,0
100,'5506',642,,3857,27,,,0,100,,3858,27,,,0,100,,3859,19,,,0,100,,3860,27,,,0,100,,3861,27,,,0,100,,3862,27,,,0,100,,3863,27,,,0,100,,3864,27,,,0,100,,3865,27,,,0,100,,3866,27,,,0,100,,3867,27,,,0,100,,3868,27,,,0
100,'5508',642,,3870,27,,,0,100,,3871,27,,,0,100,,3872,19,,,0,100,,3873,27,,,0,100,,3874,27,,,0,100,,3875,27,,,0,100,,3876,27,,,0,100,,3877,27,,,0,100,,3878,27,,,0,100,,3879,27,,,0,100,,3880,27,,,0,100,,3881,27,,,0
100,'5625',642,,3883,27,,,0,100,,3884,27,,,0,100,,3885,19,,,0,100,,3886,27,,,0,100,,3887,27,,,0,100,,3888,27,,,0,100,,3889,27,,,0,100,,3890,27,,,0,100,,3891,27,,,0,100,,3892,27,,,0,100,,3893,27,,,0,100,,3894,27,,,0
300,'5414',909,,2899,21,,,0,100,,2900,21,,,0,100,,2897,21,,,0,100,,2901,21,,,0,100,,2902,21,,,0,100,,2903,21,,,0,100,,2904,21,,,0,100,,2905,21,,,0,100,,2906,21,,,0,100,,2907,21,,,0
300,'5475',709,,2871,21,,,0,200,,2873,21,,,0,100,,2874,21,,,0,100,,2876,21,,,0,100,,2875,21,,,0,100,,2877,21,,,0,100,,2878,21,,,0,100,,2879,21,,,0,100,,2880,21,,,0,100,,2881,21,,,0,100,,2882,21,0,7 6,0
300,'5501',709,,2884,21,,,0,200,,2886,21,,,0,100,,2887,21,,,0,100,,2889,21,,,0,100,,2888,21,,,0,100,,2890,21,,,0,100,,2891,21,,,0,100,,2892,21,,,0,100,,2893,21,,,0,100,,2894,21,,,0,100,,2895,21,0,7 6,0
300,'5505',709,,2908,21,,,0,200,,2910,21,,,0,100,,2911,21,,,0,100,,2913,21,,,0,100,,2912,21,,,0,100,,2914,21,,,0,100,,2915,21,,,0,100,,2916,21,,,0,100,,2917,21,,,0,100,,2918,21,,,0,100,,2919,21,0,7 6,0
300,'5506',709,,2921,21,,,0,200,,2923,21,,,0,100,,2924,21,,,0,100,,2926,21,,,0,100,,2925,21,,,0,100,,2927,21,,,0,100,,2928,21,,,0,100,,2929,21,,,0,100,,2930,21,,,0,100,,2931,21,,,0,100,,2932,21,0,7 6,0
300,'5508',709,,2934,21,,,0,200,,2936,21,,,0,100,,2937,21,,,0,100,,2939,21,,,0,100,,2938,21,,,0,100,,2940,21,,,0,100,,2941,21,,,0,100,,2942,21,,,0,100,,2943,21,,,0,100,,2944,21,,,0,100,,2945,21,0,7 6,0
1501,'5414',1938,,3590,37,0,7,0,164,,3591,37,0,7,0
1501,'5475',1938,,3577,37,0,7,0,164,,3579,37,0,7,0,348,,3584,37,0,7,0,164,,3582,37,0,7,0
1501,'5501',1938,,3585,37,0,7,0,164,,3587,37,0,7,0
1501,'5505',1938,,3593,37,0,7,0,164,,3595,37,0,7,0
1501,'5506',1938,,3597,37,0,7,0,164,,3599,37,0,7,0
1501,'5508',1938,,3601,37,0,7,0,164,,3603,37,0,7,0
1600,'5504',910,,3605,17,0,16 18,0,100,,3608,23,,,0,100,,3607,23,,,0,100,,3606,23,,,0,100,,3609,23,,,0,100,,3610,23,,,0,100,,3611,23,,,0,100,,3612,23,,,0,100,,3613,23,,,0
7000,'5475',611,,3776,30,,,0,305,,3777,13,,,0,324,,3778,13,,,0,300,,3779,13,,,0
7000,'5501',611,,3780,30,,,0,305,,3781,13,,,0,324,,3782,13,,,0,300,,3783,13,,,0
7000,'5505',611,,3784,30,,,0,305,,3785,13,,,0,324,,3786,13,,,0,300,,3787,13,,,0
7000,'5506',611,,3788,30,,,0,305,,3789,13,,,0,324,,3790,13,,,0,300,,3791,13,,,0
