1501,'5414',1920,,3590,10,0,7,0,124,,3591,10,0,7,0
1501,'5475',1920,,3577,10,0,7,0,124,,3579,10,0,7,0,388,,3584,10,0,7,0,124,,3582,10,0,7,0
1501,'5501',1920,,3585,10,0,7,0,124,,3587,10,0,7,0
1501,'5505',1920,,3593,10,0,7,0,124,,3595,10,0,7,0
1501,'5506',1920,,3597,10,0,7,0,124,,3599,10,0,7,0
1501,'5508',1920,,3601,10,0,7,0,124,,3603,10,0,7,0
2000,'5475',751,,3624,19,0,8 9,0,170,,3625,19,0,8 9,0,300,,3626,19,0,8 9,0,428,,3628,11,0,10,0,170,,3627,11,0,10,0
2000,'5501',751,,3629,19,0,8 9,0,170,,3630,19,0,8 9,0,300,,3631,19,0,8 9,0,428,,3633,11,0,10,0,170,,3632,11,0,10,0
2000,'5505',751,,3634,19,0,8 9,0,170,,3635,19,0,8 9,0,300,,3636,19,0,8 9,0,428,,3638,11,0,10,0,170,,3637,11,0,10,0
2000,'5506',751,,3639,19,0,8 9,0,170,,3640,19,0,8 9,0,300,,3641,19,0,8 9,0,428,,3643,11,0,10,0,170,,3642,11,0,10,0
7001,'5475',1831,,3795,40,,,0
7001,'5501',1831,,3799,40,,,0
7001,'5505',1831,,3803,40,,,0
7001,'5506',1831,,3807,40,,,0
