100,'5326',644,,1243,28,,,0,100,,1244,28,,,0,100,,1245,21,,,0,100,,1246,28,,,0,100,,1247,28,,,0,100,,1248,28,,,0,100,,1249,28,,,0,100,,1250,28,,,0,100,,1251,28,,,0,100,,1252,28,,,0,100,,1253,28,,,0,100,,1254,28,,,0
100,'5328',844,,1256,21,,,0,100,,1259,28,,,0,100,,1263,28,,,0,100,,1266,28,,,0,100,,1258,28,,,0,100,,1257,28,,,0,100,,1261,28,,,0,100,,1262,28,,,0,100,,1260,28,,,0,100,,1265,28,,,0
201,'5326',713,,1421,19,,,0,100,,1422,19,,,0,100,,1423,19,,,0,100,,1424,19,,,0,100,,1425,19,,,0,100,,1426,19,,,0,100,,1427,19,,,0,100,,1428,19,,,0,100,,1429,19,,,0,100,,1430,19,,,0,100,,1431,19,,,0,100,,1433,1,,,0
201,'5328',813,,1434,19,,,0,100,,1435,19,,,0,100,,1437,19,,,0,100,,1436,19,,,0,100,,1438,19,,,0,100,,1439,19,,,0,100,,1440,19,,,0,100,,1441,19,,,0,100,,1442,19,,,0,100,,1443,19,,,0,100,,1444,19,,,0
1501,'5326',1940,,2039,1,,,0,164,,2041,1,,,0
1501,'5328',1940,,2042,1,,,0,164,,2045,1,,,0
4001,'5326',943,,2143,1,,,0,604,,2144,1,,,0
5000,'5327',910,,2150,10,,,0
5001,'5327',1230,,2152,2,,,0
7000,'5326',612,,2157,32,,,0,305,,2158,15,,,0,324,,2159,15,,,0,300,,2160,15,,,0
