1100,'5475',1835,,3504,7,,,0
1100,'5501',1835,,3507,7,,,0
1100,'5505',1835,,3510,7,,,0
1100,'5506',1835,,3513,7,,,0
3001,'5414',846,,3724,9,,,0,210,,3725,7,,,0,185,,3726,7,,,0,295,,3727,9,,,0,170,,3728,7,,,0
3001,'5475',746,,3714,9,,,0,310,,3715,7,,,0,185,,3718,7,,,0,295,,3716,9,,,0,170,,3717,7,,,0
3001,'5501',746,,3719,9,,,0,310,,3720,7,,,0,185,,3723,7,,,0,295,,3721,9,,,0,170,,3722,7,,,0
3001,'5505',746,,3729,9,,,0,310,,3730,7,,,0,185,,3733,7,,,0,295,,3731,9,,,0,170,,3732,7,,,0
3001,'5506',746,,3734,9,,,0,310,,3735,7,,,0,185,,3738,7,,,0,295,,3736,9,,,0,170,,3737,7,,,0
3001,'5508',746,,3739,9,,,0,310,,3740,7,,,0,185,,3743,7,,,0,295,,3741,9,,,0,170,,3742,7,,,0
7001,'5475',840,,4185,8,0,14 15,0,296,,4186,6,0,14 15,0,365,,4187,8,0,14 15,0,305,,4188,6,,,0
7001,'5505',840,,4189,8,0,14 15,0,296,,4190,6,0,14 15,0,365,,4191,8,0,14 15,0,305,,4192,6,,,0
7001,'5506',840,,4193,8,0,14 15,0,296,,4194,6,0,14 15,0,365,,4195,8,0,14 15,0,305,,4196,6,,,0
7001,'5681',840,,3796,8,0,14 15,0,296,,3797,6,0,14 15,0,365,,3798,8,0,14 15,0,305,,3799,6,,,0
7001,'5682',840,,4197,8,0,14 15,0,296,,4198,6,0,14 15,0,365,,4199,8,0,14 15,0,305,,4200,6,,,0
