400,'5414',804,,3052,8,,,0,100,,3055,8,,,0,100,,3049,8,,,0,100,,3050,8,,,0,100,,3053,8,,,0,100,,3054,8,,,0,100,,3051,8,,,0,100,,3056,8,,,0,100,,3057,8,,,0,100,,3058,8,,,0,100,,3059,8,0,7 6,0
400,'5475',704,,3023,8,,,0,100,,3028,8,,,0,100,,3029,8,,,0,100,,3030,8,,,0,100,,3032,8,,,0,100,,3033,8,,,0,100,,3034,8,,,0,100,,3035,8,,,0,100,,3031,8,,,0,100,,3026,8,,,0,100,,3027,8,,,0,100,,3025,8,0,7 6,0
400,'5501',704,,3036,8,,,0,100,,3041,8,,,0,100,,3042,8,,,0,100,,3043,8,,,0,100,,3045,8,,,0,100,,3046,8,,,0,100,,3047,8,,,0,100,,3048,8,,,0,100,,3044,8,,,0,100,,3039,8,,,0,100,,3040,8,,,0,100,,3038,8,0,7 6,0
400,'5505',704,,3061,8,,,0,100,,3066,8,,,0,100,,3067,8,,,0,100,,3068,8,,,0,100,,3070,8,,,0,100,,3071,8,,,0,100,,3072,8,,,0,100,,3073,8,,,0,100,,3069,8,,,0,100,,3064,8,,,0,100,,3065,8,,,0,100,,3063,8,0,7 6,0
400,'5506',704,,3074,8,,,0,100,,3079,8,,,0,100,,3080,8,,,0,100,,3081,8,,,0,100,,3083,8,,,0,100,,3084,8,,,0,100,,3085,8,,,0,100,,3086,8,,,0,100,,3082,8,,,0,100,,3077,8,,,0,100,,3078,8,,,0,100,,3076,8,0,7 6,0
400,'5508',704,,3087,8,,,0,100,,3092,8,,,0,100,,3093,8,,,0,100,,3094,8,,,0,100,,3096,8,,,0,100,,3097,8,,,0,100,,3098,8,,,0,100,,3099,8,,,0,100,,3095,8,,,0,100,,3090,8,,,0,100,,3091,8,,,0,100,,3089,8,0,7 6,0
3000,'5414',913,,3694,14,,,0,210,,3695,14,,,0,185,,3697,14,,,0,295,,3696,14,,,0,131,,3698,14,,,0
3000,'5475',813,,3685,14,,,0,310,,3684,14,,,0,185,,3688,14,,,0,295,,3686,14,,,0,131,,3687,14,,,0
3000,'5501',813,,3690,14,,,0,310,,3689,14,,,0,185,,3693,14,,,0,295,,3691,14,,,0,131,,3692,14,,,0
3000,'5505',813,,3700,14,,,0,310,,3699,14,,,0,185,,3703,14,,,0,295,,3701,14,,,0,131,,3702,14,,,0
3000,'5506',813,,3705,14,,,0,310,,3704,14,,,0,185,,3708,14,,,0,295,,3706,14,,,0,131,,3707,14,,,0
3000,'5508',813,,3710,14,,,0,310,,3709,14,,,0,185,,3713,14,,,0,295,,3711,14,,,0,131,,3712,14,,,0
4000,'5475',833,,4144,24,,,0,516,,4143,24,,,0
4000,'5501',833,,4151,24,,,0,516,,4150,24,,,0
4000,'5505',833,,4146,24,,,0,516,,4145,24,,,0
4000,'5506',833,,4149,24,,,0,516,,4148,24,,,0
