500,'4528',709,,2360,1,,,0,30,,2382,1,,,0,70,,2362,1,,,0,30,,2380,1,,,0,70,,2363,1,,,0,30,,2370,1,,,0,70,,2364,1,,,0,30,,2371,1,,,0,70,,2361,1,,,0,30,,2372,1,,,0,70,,2366,1,,,0,30,,2373,1,,,0,70,,2365,1,,,0,30,,2374,1,,,0,70,,2367,1,,,0,30,,2377,1,,,0,70,,2368,1,,,0,30,,2383,1,,,0,70,,2369,1,,,0,30,,2381,1,,,0,70,,2375,1,,,0,30,,2376,1,,,0,70,,2378,1,,,0,30,,2379,1,0,13,0
500,'4532',909,,2388,1,,,0,30,,2404,1,,,0,70,,2393,1,,,0,30,,2401,1,,,0,70,,2394,1,,,0,30,,2402,1,,,0,70,,2396,1,,,0,30,,2400,1,,,0,70,,2397,1,,,0,30,,2403,1,,,0,70,,2395,1,,,0,30,,2405,1,,,0,70,,2392,1,,,0,30,,2399,1,,,0,70,,2391,1,,,0,30,,2398,1,,,0,70,,2389,1,,,0,30,,2406,1,,,0,70,,2390,1,,,0,30,,2407,1,0,13,0
500,'5210',1239,,2384,1,,,0,100,,2385,1,,,0,100,,2386,1,,,0,100,,2387,1,,,0
501,'4528',709,,2408,23,4,,0,30,,2418,23,4,,0,70,,2409,25,4,,0,30,,2430,25,4,,0,70,,2411,25,4,,0,30,,2419,25,4,,0,70,,2412,25,4,,0,30,,2420,25,4,,0,70,,2413,25,4,,0,30,,2421,25,4,,0,70,,2410,25,4,,0,30,,2422,25,4,,0,70,,2415,25,4,,0,30,,2423,25,4,,0,70,,2414,25,4,,0,30,,2424,25,4,,0,70,,2416,25,4,,0,30,,2431,25,4,,0,70,,2417,25,4,,0,30,,2429,25,4,,0,70,,2425,25,4,,0,30,,2426,25,4,,0,70,,2427,25,4,,0,30,,2428,25,4,,0
501,'4532',909,,2441,23,4,,0,30,,2452,23,4,,0,70,,2443,25,4,,0,30,,2453,25,4,,0,70,,2444,25,4,,0,30,,2449,25,4,,0,70,,2440,25,4,,0,30,,2450,25,4,,0,70,,2445,25,4,,0,30,,2451,25,4,,0,70,,2436,25,4,,0,30,,2454,25,4,,0,70,,2437,25,4,,0,30,,2455,25,4,,0,70,,2438,25,4,,0,30,,2446,25,4,,0,70,,2439,25,4,,0,30,,2447,25,4,,0,70,,2442,25,4,,0,30,,2448,25,4,,0
501,'5210',1239,,2432,25,4,,0,100,,2433,25,4,,0,100,,2434,25,4,,0,100,,2435,25,4,,0
1500,'4528',1909,,2479,8,0,13,0,124,,2480,34,0,13,0,123,,2483,34,0,13,0,85,,2485,34,0,13,0
1500,'4532',1909,,2486,34,0,13,0,124,,2488,34,0,13,0,123,,2491,34,0,13,0,85,,2492,34,0,13,0
1601,'5210',946,,2512,29,,,0,100,,2514,29,,,0,100,,2513,29,,,0,100,,2515,29,,,0,100,,2517,29,,,0,100,,2516,29,,,0,100,,2519,29,,,0,100,,2518,29,,,0,100,,2521,29,,,0,100,,2520,29,,,0
7000,'4528',555,,2565,7,,,0
