401,'5414',845,,3126,19,,,0,100,,3128,19,,,0,100,,3129,19,,,0,100,,3127,19,,,0,100,,3131,19,,,0,100,,3130,19,,,0,100,,3132,19,,,0,100,,3133,19,,,0,100,,3134,19,,,0,100,,3135,19,,,0
401,'5475',645,,3106,6,,,0,100,,3107,19,,,0,100,,3108,19,,,0,100,,3109,19,,,0,100,,3110,19,,,0,100,,3111,19,,,0,100,,3112,19,,,0,100,,3104,19,,,0,100,,3105,19,,,0,100,,3102,19,,,0,100,,3101,19,,,0,100,,3103,19,,,0
401,'5501',645,,3119,6,,,0,100,,3120,19,,,0,100,,3121,19,,,0,100,,3122,19,,,0,100,,3123,19,,,0,100,,3124,19,,,0,100,,3125,19,,,0,100,,3117,19,,,0,100,,3118,19,,,0,100,,3115,19,,,0,100,,3114,19,,,0,100,,3116,19,,,0
401,'5505',645,,3143,6,,,0,100,,3144,19,,,0,100,,3145,19,,,0,100,,3146,19,,,0,100,,3147,19,,,0,100,,3148,19,,,0,100,,3149,19,,,0,100,,3141,19,,,0,100,,3142,19,,,0,100,,3139,19,,,0,100,,3138,19,,,0,100,,3140,19,,,0
401,'5506',645,,3156,6,,,0,100,,3157,19,,,0,100,,3158,19,,,0,100,,3159,19,,,0,100,,3160,19,,,0,100,,3161,19,,,0,100,,3162,19,,,0,100,,3154,19,,,0,100,,3155,19,,,0,100,,3152,19,,,0,100,,3151,19,,,0,100,,3153,19,,,0
401,'5508',645,,3169,6,,,0,100,,3170,19,,,0,100,,3171,19,,,0,100,,3172,19,,,0,100,,3173,19,,,0,100,,3174,19,,,0,100,,3175,19,,,0,100,,3167,19,,,0,100,,3168,19,,,0,100,,3165,19,,,0,100,,3164,19,,,0,100,,3166,19,,,0
1100,'5475',1836,,3504,9,,,0
1100,'5501',1836,,3507,9,,,0
1100,'5505',1836,,3510,9,,,0
1100,'5506',1836,,3513,9,,,0
3001,'5414',846,,3724,11,,,0,211,,3725,9,,,0,185,,3726,9,,,0,294,,3727,11,,,0,171,,3728,9,,,0
3001,'5475',746,,3714,11,,,0,311,,3715,9,,,0,185,,3718,9,,,0,294,,3716,11,,,0,171,,3717,9,,,0
3001,'5501',746,,3719,11,,,0,311,,3720,9,,,0,185,,3723,9,,,0,294,,3721,11,,,0,171,,3722,9,,,0
3001,'5505',746,,3729,11,,,0,311,,3730,9,,,0,185,,3733,9,,,0,294,,3731,11,,,0,171,,3732,9,,,0
3001,'5506',746,,3734,11,,,0,311,,3735,9,,,0,185,,3738,9,,,0,294,,3736,11,,,0,171,,3737,9,,,0
3001,'5508',746,,3739,11,,,0,311,,3740,9,,,0,185,,3743,9,,,0,294,,3741,11,,,0,171,,3742,9,,,0
7001,'5475',841,,4185,10,0,14 15,0,296,,4186,8,0,14 15,0,365,,4187,10,0,14 15,0,305,,4188,8,,,0
7001,'5501',841,,4197,10,0,14 15,0,296,,4198,8,0,14 15,0,365,,4199,10,0,14 15,0,305,,4200,8,,,0
7001,'5505',841,,4189,10,0,14 15,0,296,,4190,8,0,14 15,0,365,,4191,10,0,14 15,0,305,,4192,8,,,0
7001,'5506',841,,4193,10,0,14 15,0,296,,4194,8,0,14 15,0,365,,4195,10,0,14 15,0,305,,4196,8,,,0
