300,'5475',817,,2872,35,0,11 12,0
300,'5501',817,,2885,35,0,11 12,0
300,'5503',817,,2898,29,0,11 12,0
300,'5505',817,,2909,35,0,11 12,0
300,'5506',817,,2922,35,0,11 12,0
300,'5508',817,,2935,35,0,11 12,0
500,'5210',1307,,2384,21,,,0,100,,2385,21,,,0,100,,2386,21,,,0,100,,2387,21,,,0
500,'5475',737,,3176,21,,,0,70,,3198,21,,,0,30,,3178,21,,,0,70,,3196,21,,,0,30,,3179,21,,,0,70,,3186,21,,,0,30,,3180,21,,,0,70,,3187,21,,,0,30,,3177,21,,,0,70,,3188,21,,,0,30,,3182,21,,,0,70,,3189,21,,,0,30,,3181,21,,,0,70,,3190,21,,,0,30,,3183,21,,,0,70,,3192,21,,,0,30,,3184,21,,,0,70,,3199,21,,,0,30,,3185,21,,,0,70,,3197,21,,,0,30,,3191,21,,,0,70,,3193,21,,,0,30,,3194,21,,,0
500,'5501',737,,3200,21,,,0,78,,3222,36,0,11 12,0,22,,3202,21,,,0,70,,3220,21,,,0,30,,3203,21,,,0,70,,3210,21,,,0,30,,3204,21,,,0,70,,3211,21,,,0,30,,3201,21,,,0,70,,3212,21,,,0,30,,3206,21,,,0,70,,3213,21,,,0,30,,3205,21,,,0,70,,3214,21,,,0,30,,3207,21,,,0,70,,3216,21,,,0,30,,3208,21,,,0,73,,3223,21,,,0,27,,3209,21,,,0,70,,3221,21,,,0,30,,3215,21,,,0,70,,3217,21,,,0,30,,3218,21,,,0
500,'5503',937,,3224,21,,,0,70,,3240,21,,,0,30,,3229,21,,,0,70,,3237,21,,,0,30,,3230,21,,,0,70,,3238,21,,,0,30,,3232,21,,,0,70,,3236,21,,,0,30,,3233,21,,,0,70,,3239,21,,,0,30,,3231,21,,,0,70,,3241,21,,,0,30,,3228,21,,,0,70,,3235,21,,,0,30,,3227,21,,,0,70,,3234,21,,,0,30,,3225,21,,,0,70,,3242,21,,,0,30,,3226,21,,,0
500,'5504',1307,,3244,21,,,0,100,,3245,21,,,0,100,,3246,21,,,0,100,,3247,21,,,0
500,'5505',737,,3248,21,,,0,78,,3270,36,0,11 12,0,22,,3250,21,,,0,70,,3268,21,,,0,30,,3251,21,,,0,70,,3258,21,,,0,30,,3252,21,,,0,70,,3259,21,,,0,30,,3249,21,,,0,70,,3260,21,,,0,30,,3254,21,,,0,70,,3261,21,,,0,30,,3253,21,,,0,70,,3262,21,,,0,30,,3255,21,,,0,70,,3264,21,,,0,30,,3256,21,,,0,73,,3271,21,,,0,27,,3257,21,,,0,70,,3269,21,,,0,30,,3263,21,,,0,70,,3265,21,,,0,30,,3266,21,,,0
500,'5506',737,,3272,21,,,0,70,,3294,21,,,0,30,,3274,21,,,0,70,,3292,21,,,0,30,,3275,21,,,0,70,,3282,21,,,0,30,,3276,21,,,0,70,,3283,21,,,0,30,,3273,21,,,0,70,,3284,21,,,0,30,,3278,21,,,0,70,,3285,21,,,0,30,,3277,21,,,0,70,,3286,21,,,0,30,,3279,21,,,0,70,,3288,21,,,0,30,,3280,21,,,0,70,,3295,21,,,0,30,,3281,21,,,0,70,,3293,21,,,0,30,,3287,21,,,0,70,,3289,21,,,0,30,,3290,21,,,0
500,'5508',737,,3296,21,,,0,70,,3318,21,,,0,30,,3298,21,,,0,70,,3316,21,,,0,30,,3299,21,,,0,70,,3306,21,,,0,30,,3300,21,,,0,70,,3307,21,,,0,30,,3297,21,,,0,70,,3308,21,,,0,30,,3302,21,,,0,70,,3309,21,,,0,30,,3301,21,,,0,70,,3310,21,,,0,30,,3303,21,,,0,70,,3312,21,,,0,30,,3304,21,,,0,70,,3319,21,,,0,30,,3305,21,,,0,70,,3317,21,,,0,30,,3311,21,,,0,70,,3313,21,,,0,30,,3314,21,,,0
1000100,'5475',1913,,3808,24,,,0,30,,3819,24,,,0,70,,3817,24,,,0,30,,3818,24,,,0,70,,3814,24,,,0,30,,3816,24,,,0,70,,3815,24,,,0,30,,3813,24,,,0,170,,3810,24,,,0,30,,3812,24,,,0,70,,3809,24,,,0,30,,3811,24,,,0
