300,'5414',916,,2899,31,4,,0,100,,2900,31,4,,0,100,,2897,31,4,,0,100,,2901,31,4,,0,100,,2902,31,4,,0,100,,2903,31,4,,0,100,,2904,31,4,,0,100,,2905,31,4,,0,100,,2906,31,4,,0,100,,2907,31,4,,0
300,'5475',716,,2871,31,4,,0,200,,2873,31,4,,0,100,,2874,31,4,,0,100,,2876,31,4,,0,100,,2875,31,4,,0,100,,2877,31,4,,0,100,,2878,31,4,,0,100,,2879,31,4,,0,100,,2880,31,4,,0,100,,2881,31,4,,0,100,,2883,8,4,,0
300,'5501',716,,2884,31,4,,0,200,,2886,31,4,,0,100,,2887,31,4,,0,100,,2889,31,4,,0,100,,2888,31,4,,0,100,,2890,31,4,,0,100,,2891,31,4,,0,100,,2892,31,4,,0,100,,2893,31,4,,0,100,,2894,31,4,,0,100,,2896,8,4,,0
300,'5505',716,,2908,31,4,,0,200,,2910,31,4,,0,100,,2911,31,4,,0,100,,2913,31,4,,0,100,,2912,31,4,,0,100,,2914,31,4,,0,100,,2915,31,4,,0,100,,2916,31,4,,0,100,,2917,31,4,,0,100,,2918,31,4,,0,100,,2920,8,4,,0
300,'5506',716,,2921,31,4,,0,200,,2923,31,4,,0,100,,2924,31,4,,0,100,,2926,31,4,,0,100,,2925,31,4,,0,100,,2927,31,4,,0,100,,2928,31,4,,0,100,,2929,31,4,,0,100,,2930,31,4,,0,100,,2931,31,4,,0,100,,2933,8,4,,0
300,'5508',716,,2934,31,4,,0,200,,2936,31,4,,0,100,,2937,31,4,,0,100,,2939,31,4,,0,100,,2938,31,4,,0,100,,2940,31,4,,0,100,,2941,31,4,,0,100,,2942,31,4,,0,100,,2943,31,4,,0,100,,2944,31,4,,0,100,,2946,8,4,,0
301,'5414',916,,2973,1,,,0,100,,2976,1,,,0,100,,2975,1,,,0,100,,2977,1,,,0,100,,2978,1,,,0,100,,2979,1,,,0,100,,2980,1,,,0,100,,2981,1,,,0,100,,2983,1,,,0,100,,2982,1,0,7 6,0
301,'5475',716,,2948,1,,,0,200,,2950,1,,,0,100,,2951,1,,,0,100,,2952,1,,,0,100,,2953,1,,,0,100,,2954,1,,,0,100,,2955,1,,,0,100,,2956,1,,,0,100,,2957,1,,,0,100,,2958,1,,,0,100,,2959,1,0,7 6,0
301,'5501',716,,2961,1,,,0,200,,2963,1,,,0,100,,2964,1,,,0,100,,2965,1,,,0,100,,2966,1,,,0,100,,2967,1,,,0,100,,2968,1,,,0,100,,2969,1,,,0,100,,2970,1,,,0,100,,2971,1,,,0,100,,2972,1,0,7 6,0
301,'5505',716,,2985,1,,,0,200,,2987,1,,,0,100,,2988,1,,,0,100,,2989,1,,,0,100,,2990,1,,,0,100,,2991,1,,,0,100,,2992,1,,,0,100,,2993,1,,,0,100,,2994,1,,,0,100,,2995,1,,,0,100,,2996,1,0,7 6,0
301,'5506',716,,2998,1,,,0,200,,3000,1,,,0,100,,3001,1,,,0,100,,3002,1,,,0,100,,3003,1,,,0,100,,3004,1,,,0,100,,3005,1,,,0,100,,3006,1,,,0,100,,3007,1,,,0,100,,3008,1,,,0,100,,3009,1,0,7 6,0
301,'5508',716,,3011,1,,,0,200,,3013,1,,,0,100,,3014,1,,,0,100,,3015,1,,,0,100,,3016,1,,,0,100,,3017,1,,,0,100,,3018,1,,,0,100,,3019,1,,,0,100,,3020,1,,,0,100,,3021,1,,,0,100,,3022,1,0,7 6,0
1000,'5414',813,,3472,23,,,0,430,,3473,23,,,0,407,,3474,23,,,0
1000,'5475',651,,3464,23,,,0,162,,3465,23,,,0,430,,3466,23,,,0,407,,3467,23,,,0
1000,'5501',651,,3468,23,,,0,162,,3469,23,,,0,430,,3470,23,,,0,407,,3471,23,,,0
1000,'5505',651,,3475,23,,,0,162,,3476,23,,,0,430,,3477,23,,,0,407,,3478,23,,,0
1000,'5506',651,,3479,23,,,0,162,,3480,23,,,0,430,,3481,23,,,0,407,,3482,23,,,0
