3000,'5414',1138,,3695,22,,,0,610,,3698,22,,,0
3000,'5475',1138,,3684,22,,,0,610,,3687,22,,,0
3000,'5501',1138,,3689,22,,,0,610,,3692,22,,,0
3000,'5505',1138,,3699,22,,,0,610,,3702,22,,,0
3000,'5506',1138,,3704,22,,,0,610,,3707,22,,,0
3000,'5508',1138,,3709,22,,,0,610,,3712,22,,,0
3001,'5414',833,,3724,7,,,0,690,,3727,7,,,0
3001,'5475',733,,3714,7,,,0,790,,3716,7,,,0
3001,'5501',733,,3719,7,,,0,790,,3721,7,,,0
3001,'5505',733,,3729,7,,,0,790,,3731,7,,,0
3001,'5506',733,,3734,7,,,0,790,,3736,7,,,0
3001,'5508',733,,3739,7,,,0,790,,3741,7,,,0
