101,'5475',706,,4049,20,,,0,100,,4050,20,,,0,100,,4051,20,,,0,100,,4052,20,,,0,100,,4054,20,,,0,100,,4053,20,,,0,100,,4056,20,,,0,100,,4055,20,,,0,100,,4057,20,,,0,100,,4058,20,,,0,100,,4059,20,,,0,100,,4060,20,,,0
101,'5505',706,,4062,20,,,0,100,,4063,20,,,0,100,,4064,20,,,0,100,,4065,20,,,0,100,,4067,20,,,0,100,,4066,20,,,0,100,,4069,20,,,0,100,,4068,20,,,0,100,,4070,20,,,0,100,,4071,20,,,0,100,,4072,20,,,0,100,,4073,20,,,0
101,'5506',706,,4075,20,,,0,100,,4076,20,,,0,100,,4077,20,,,0,100,,4078,20,,,0,100,,4080,20,,,0,100,,4079,20,,,0,100,,4082,20,,,0,100,,4081,20,,,0,100,,4083,20,,,0,100,,4084,20,,,0,100,,4085,20,,,0,100,,4086,20,,,0
101,'5508',706,,4088,20,,,0,100,,4089,20,,,0,100,,4090,20,,,0,100,,4091,20,,,0,100,,4093,20,,,0,100,,4092,20,,,0,100,,4095,20,,,0,100,,4094,20,,,0,100,,4096,20,,,0,100,,4097,20,,,0,100,,4098,20,,,0,100,,4099,20,,,0
101,'5681',706,,3960,20,,,0,100,,3961,20,,,0,100,,3962,20,,,0,100,,3963,20,,,0,100,,3965,20,,,0,100,,3964,20,,,0,100,,3967,20,,,0,100,,3966,20,,,0,100,,3968,20,,,0,100,,3969,20,,,0,100,,3970,20,,,0,100,,3971,20,,,0
101,'5682',706,,4101,20,,,0,100,,4102,20,,,0,100,,4103,20,,,0,100,,4104,20,,,0,100,,4106,20,,,0,100,,4105,20,,,0,100,,4108,20,,,0,100,,4107,20,,,0,100,,4109,20,,,0,100,,4110,20,,,0,100,,4111,20,,,0,100,,4112,20,,,0
101,'5683',906,,4117,20,,,0,100,,4119,20,,,0,100,,4113,20,,,0,100,,4115,20,,,0,100,,4118,20,,,0,100,,4116,20,,,0,100,,4120,20,,,0,100,,4114,20,,,0,100,,4121,20,,,0,100,,4122,20,,,0
301,'5414',836,,2974,15,,,0,100,,2973,22,,,0,100,,2976,22,,,0,100,,2975,22,,,0,100,,2977,22,,,0,100,,2978,22,,,0,100,,2979,22,,,0,100,,2980,22,,,0,100,,2981,22,,,0,100,,2983,22,,,0
301,'5475',636,,2947,12,,,0,100,,2948,22,,,0,100,,2949,15,,,0,100,,2950,22,,,0,100,,2951,22,,,0,100,,2952,22,,,0,100,,2953,22,,,0,100,,2954,22,,,0,100,,2955,22,,,0,100,,2956,22,,,0,100,,2957,22,,,0,100,,2958,22,,,0
301,'5501',636,,2960,12,,,0,100,,2961,22,,,0,100,,2962,15,,,0,100,,2963,22,,,0,100,,2964,22,,,0,100,,2965,22,,,0,100,,2966,22,,,0,100,,2967,22,,,0,100,,2968,22,,,0,100,,2969,22,,,0,100,,2970,22,,,0,100,,2971,22,,,0
301,'5505',636,,2984,12,,,0,100,,2985,22,,,0,100,,2986,15,,,0,100,,2987,22,,,0,100,,2988,22,,,0,100,,2989,22,,,0,100,,2990,22,,,0,100,,2991,22,,,0,100,,2992,22,,,0,100,,2993,22,,,0,100,,2994,22,,,0,100,,2995,22,,,0
301,'5506',636,,2997,12,,,0,100,,2998,22,,,0,100,,2999,15,,,0,100,,3000,22,,,0,100,,3001,22,,,0,100,,3002,22,,,0,100,,3003,22,,,0,100,,3004,22,,,0,100,,3005,22,,,0,100,,3006,22,,,0,100,,3007,22,,,0,100,,3008,22,,,0
301,'5508',636,,3010,12,,,0,100,,3011,22,,,0,100,,3012,15,,,0,100,,3013,22,,,0,100,,3014,22,,,0,100,,3015,22,,,0,100,,3016,22,,,0,100,,3017,22,,,0,100,,3018,22,,,0,100,,3019,22,,,0,100,,3020,22,,,0,100,,3021,22,,,0
3001,'5414',856,,3724,21,,,0,250,,3725,19,,,0,145,,3726,19,,,0,295,,3727,21,,,0,170,,3728,19,,,0
3001,'5475',756,,3714,21,,,0,350,,3715,19,,,0,145,,3718,19,,,0,295,,3716,21,,,0,170,,3717,19,,,0
3001,'5501',756,,3719,21,,,0,350,,3720,19,,,0,145,,3723,19,,,0,295,,3721,21,,,0,170,,3722,19,,,0
3001,'5505',756,,3729,21,,,0,350,,3730,19,,,0,145,,3733,19,,,0,295,,3731,21,,,0,170,,3732,19,,,0
3001,'5506',756,,3734,21,,,0,350,,3735,19,,,0,145,,3738,19,,,0,295,,3736,21,,,0,170,,3737,19,,,0
3001,'5508',756,,3739,21,,,0,350,,3740,19,,,0,145,,3743,19,,,0,295,,3741,21,,,0,170,,3742,19,,,0
4001,'5475',956,,4152,14,,,0,644,,4153,14,,,0
4001,'5505',956,,4154,14,,,0,644,,4155,14,,,0
4001,'5506',956,,4157,14,,,0,644,,4158,14,,,0
4001,'5681',956,,3755,14,,,0,644,,3756,14,,,0
4001,'5682',956,,4159,14,,,0,644,,4160,14,,,0
