201,'5475',722,,2795,31,,,0,100,,2796,31,,,0,100,,2797,31,,,0,100,,2798,31,,,0,100,,2799,31,,,0,100,,2800,31,,,0,100,,2801,31,,,0,100,,2802,31,,,0,100,,2803,31,,,0,100,,2804,31,,,0,100,,2805,31,,,0,100,,2807,13,,,0
201,'5501',722,,2808,31,,,0,100,,2809,31,,,0,100,,2810,31,,,0,100,,2811,31,,,0,100,,2812,31,,,0,100,,2813,31,,,0,100,,2814,31,,,0,100,,2815,31,,,0,100,,2816,31,,,0,100,,2817,31,,,0,100,,2818,31,,,0,100,,2820,13,,,0
201,'5503',822,,2821,31,,,0,100,,2822,31,,,0,100,,2823,31,,,0,100,,2824,31,,,0,100,,2825,31,,,0,100,,2826,31,,,0,100,,2827,31,,,0,100,,2828,31,,,0,100,,2829,31,,,0,100,,2830,31,,,0,100,,2831,31,,,0
201,'5505',722,,2832,31,,,0,100,,2833,31,,,0,100,,2834,31,,,0,100,,2835,31,,,0,100,,2836,31,,,0,100,,2837,31,,,0,100,,2838,31,,,0,100,,2839,31,,,0,100,,2840,31,,,0,100,,2841,31,,,0,100,,2842,31,,,0,100,,2844,13,,,0
201,'5506',722,,2845,31,,,0,100,,2846,31,,,0,100,,2847,31,,,0,100,,2848,31,,,0,100,,2849,31,,,0,100,,2850,31,,,0,100,,2851,31,,,0,100,,2852,31,,,0,100,,2853,31,,,0,100,,2854,31,,,0,100,,2855,31,,,0,100,,2857,13,,,0
201,'5508',722,,2858,31,,,0,100,,2859,31,,,0,100,,2860,31,,,0,100,,2861,31,,,0,100,,2862,31,,,0,100,,2863,31,,,0,100,,2864,31,,,0,100,,2865,31,,,0,100,,2866,31,,,0,100,,2867,31,,,0,100,,2868,31,,,0,100,,2870,13,,,0
1501,'5475',1948,,3578,13,,,0,164,,3580,13,,,0,388,,3583,13,,,0,124,,3581,13,0,14 15,0
1501,'5501',1948,,3586,13,,,0,164,,3588,13,,,0
1501,'5503',1948,,3589,13,,,0,164,,3592,13,,,0
1501,'5505',1948,,3594,13,,,0,164,,3596,13,,,0
1501,'5506',1948,,3598,13,,,0,164,,3600,13,,,0
1501,'5508',1948,,3602,13,,,0,164,,3604,13,,,0
