100,'5414',830,,4037,5,,,0,100,,4039,13,,,0,100,,4043,13,,,0,100,,4047,13,,,0,100,,4040,13,,,0,100,,4038,13,,,0,100,,4044,13,,,0,100,,4042,13,,,0,100,,4041,13,,,0,100,,4046,13,,,0,97,,4045,13,0,5 6,0
100,'5475',630,,3972,13,,,0,100,,3973,13,,,0,100,,3974,5,,,0,100,,3975,13,,,0,100,,3976,13,,,0,100,,3977,13,,,0,100,,3978,13,,,0,100,,3979,13,,,0,100,,3980,13,,,0,100,,3981,13,,,0,100,,3982,13,,,0,100,,3983,13,,,0,97,,3984,13,0,5 6,0
100,'5501',630,,4024,13,,,0,100,,4025,13,,,0,100,,4026,5,,,0,100,,4027,13,,,0,100,,4028,13,,,0,100,,4029,13,,,0,100,,4030,13,,,0,100,,4031,13,,,0,100,,4032,13,,,0,100,,4033,13,,,0,100,,4034,13,,,0,100,,4035,13,,,0,97,,4036,13,0,5 6,0
100,'5505',630,,3985,13,,,0,100,,3986,13,,,0,100,,3987,5,,,0,100,,3988,13,,,0,100,,3989,13,,,0,100,,3990,13,,,0,100,,3991,13,,,0,100,,3992,13,,,0,100,,3993,13,,,0,100,,3994,13,,,0,100,,3995,13,,,0,100,,3996,13,,,0,97,,3997,13,0,5 6,0
100,'5506',630,,3998,13,,,0,100,,3999,13,,,0,100,,4000,5,,,0,100,,4001,13,,,0,100,,4002,13,,,0,100,,4003,13,,,0,100,,4004,13,,,0,100,,4005,13,,,0,100,,4006,13,,,0,100,,4007,13,,,0,100,,4008,13,,,0,100,,4009,13,,,0,97,,4010,13,0,5 6,0
100,'5508',630,,4011,13,,,0,100,,4012,13,,,0,100,,4013,5,,,0,100,,4014,13,,,0,100,,4015,13,,,0,100,,4016,13,,,0,100,,4017,13,,,0,100,,4018,13,,,0,100,,4019,13,,,0,100,,4020,13,,,0,100,,4021,13,,,0,100,,4022,13,,,0,97,,4023,13,0,5 6,0
101,'5414',810,,4123,2,,,0
101,'5475',810,,4050,25,,,0
101,'5501',810,,4102,25,,,0
101,'5505',810,,4063,25,,,0
101,'5506',810,,4076,25,,,0
101,'5508',810,,4089,25,,,0
300,'5414',800,,2898,1,0,11 12,0,100,,2899,7,,,0,100,,2900,7,,,0,100,,2897,7,,,0,100,,2901,7,,,0,100,,2902,7,,,0,100,,2903,7,,,0,100,,2904,7,,,0,100,,2905,7,,,0,100,,2906,7,,,0,100,,2907,7,,,0
300,'5475',700,,2871,7,,,0,100,,2872,7,0,11 12,0,100,,2873,7,,,0,100,,2874,7,,,0,100,,2876,7,,,0,100,,2875,7,,,0,100,,2877,7,,,0,100,,2878,7,,,0,100,,2879,7,,,0,100,,2880,7,,,0,100,,2881,7,,,0,100,,2882,7,0,7 6,0
300,'5501',700,,2884,7,,,0,100,,2885,7,0,11 12,0,100,,2886,7,,,0,100,,2887,7,,,0,100,,2889,7,,,0,100,,2888,7,,,0,100,,2890,7,,,0,100,,2891,7,,,0,100,,2892,7,,,0,100,,2893,7,,,0,100,,2894,7,,,0,100,,2895,7,0,7 6,0
300,'5505',700,,2908,7,,,0,100,,2909,7,0,11 12,0,100,,2910,7,,,0,100,,2911,7,,,0,100,,2913,7,,,0,100,,2912,7,,,0,100,,2914,7,,,0,100,,2915,7,,,0,100,,2916,7,,,0,100,,2917,7,,,0,100,,2918,7,,,0,100,,2919,7,0,7 6,0
300,'5506',700,,2921,7,,,0,100,,2922,7,0,11 12,0,100,,2923,7,,,0,100,,2924,7,,,0,100,,2926,7,,,0,100,,2925,7,,,0,100,,2927,7,,,0,100,,2928,7,,,0,100,,2929,7,,,0,100,,2930,7,,,0,100,,2931,7,,,0,100,,2932,7,0,7 6,0
300,'5508',700,,2934,7,,,0,100,,2935,7,0,11 12,0,100,,2936,7,,,0,100,,2937,7,,,0,100,,2939,7,,,0,100,,2938,7,,,0,100,,2940,7,,,0,100,,2941,7,,,0,100,,2942,7,,,0,100,,2943,7,,,0,100,,2944,7,,,0,100,,2945,7,0,7 6,0
500,'5414',930,,3224,12,,,0,70,,3240,12,,,0,30,,3229,12,,,0,70,,3237,12,,,0,30,,3230,12,,,0,70,,3238,12,,,0,30,,3232,12,,,0,70,,3236,12,,,0,30,,3233,12,,,0,70,,3239,12,,,0,30,,3231,12,,,0,70,,3241,12,,,0,30,,3228,12,,,0,70,,3235,12,,,0,30,,3227,12,,,0,70,,3234,12,,,0,30,,3225,12,,,0,70,,3242,12,,,0,30,,3226,12,,,0
500,'5475',730,,3176,12,,,0,70,,3198,12,,,0,30,,3178,12,,,0,70,,3196,12,,,0,30,,3179,12,,,0,70,,3186,12,,,0,30,,3180,12,,,0,70,,3187,12,,,0,30,,3177,12,,,0,70,,3188,12,,,0,30,,3182,12,,,0,70,,3189,12,,,0,30,,3181,12,,,0,70,,3190,12,,,0,30,,3183,12,,,0,70,,3192,12,,,0,30,,3184,12,,,0,70,,3199,12,,,0,30,,3185,12,,,0,70,,3197,12,,,0,30,,3191,12,,,0,70,,3193,12,,,0,30,,3194,12,,,0
500,'5501',730,,3200,12,,,0,70,,3222,12,0,11 12,0,30,,3202,12,,,0,70,,3220,12,,,0,30,,3203,12,,,0,70,,3210,12,,,0,30,,3204,12,,,0,70,,3211,12,,,0,30,,3201,12,,,0,70,,3212,12,,,0,30,,3206,12,,,0,70,,3213,12,,,0,30,,3205,12,,,0,70,,3214,12,,,0,30,,3207,12,,,0,70,,3216,12,,,0,30,,3208,12,,,0,73,,3223,12,,,0,27,,3209,12,,,0,70,,3221,12,,,0,30,,3215,12,,,0,70,,3217,12,,,0,30,,3218,12,,,0
500,'5504',1300,,3244,12,,,0,100,,3245,12,,,0,100,,3246,12,,,0,100,,3247,12,,,0
500,'5505',730,,3248,12,,,0,70,,3270,12,0,11 12,0,30,,3250,12,,,0,70,,3268,12,,,0,30,,3251,12,,,0,70,,3258,12,,,0,30,,3252,12,,,0,70,,3259,12,,,0,30,,3249,12,,,0,70,,3260,12,,,0,30,,3254,12,,,0,70,,3261,12,,,0,30,,3253,12,,,0,70,,3262,12,,,0,30,,3255,12,,,0,70,,3264,12,,,0,30,,3256,12,,,0,73,,3271,12,,,0,27,,3257,12,,,0,70,,3269,12,,,0,30,,3263,12,,,0,70,,3265,12,,,0,30,,3266,12,,,0
500,'5506',730,,3272,12,,,0,70,,3294,12,,,0,30,,3274,12,,,0,70,,3292,12,,,0,30,,3275,12,,,0,70,,3282,12,,,0,30,,3276,12,,,0,70,,3283,12,,,0,30,,3273,12,,,0,70,,3284,12,,,0,30,,3278,12,,,0,70,,3285,12,,,0,30,,3277,12,,,0,70,,3286,12,,,0,30,,3279,12,,,0,70,,3288,12,,,0,30,,3280,12,,,0,70,,3295,12,,,0,30,,3281,12,,,0,70,,3293,12,,,0,30,,3287,12,,,0,70,,3289,12,,,0,30,,3290,12,,,0
500,'5508',730,,3296,12,,,0,70,,3318,12,,,0,30,,3298,12,,,0,70,,3316,12,,,0,30,,3299,12,,,0,70,,3306,12,,,0,30,,3300,12,,,0,70,,3307,12,,,0,30,,3297,12,,,0,70,,3308,12,,,0,30,,3302,12,,,0,70,,3309,12,,,0,30,,3301,12,,,0,70,,3310,12,,,0,30,,3303,12,,,0,70,,3312,12,,,0,30,,3304,12,,,0,70,,3319,12,,,0,30,,3305,12,,,0,70,,3317,12,,,0,30,,3311,12,,,0,70,,3313,12,,,0,30,,3314,12,,,0
501,'5414',900,,3373,12,,,0,30,,3384,12,,,0,70,,3375,14,,,0,30,,3385,14,,,0,70,,3376,14,,,0,30,,3381,14,,,0,70,,3372,14,,,0,30,,3382,14,,,0,70,,3377,14,,,0,30,,3383,14,,,0,70,,3368,14,,,0,30,,3386,14,,,0,70,,3369,14,,,0,30,,3387,14,,,0,70,,3370,14,,,0,30,,3378,14,,,0,70,,3371,14,,,0,30,,3379,14,,,0,70,,3374,14,,,0,30,,3380,14,,,0
501,'5475',700,,3320,12,,,0,30,,3330,12,,,0,70,,3321,14,,,0,30,,3342,14,,,0,70,,3323,14,,,0,30,,3331,14,,,0,70,,3324,14,,,0,30,,3332,14,,,0,70,,3325,14,,,0,30,,3333,14,,,0,70,,3322,14,,,0,30,,3334,14,,,0,70,,3327,14,,,0,30,,3335,14,,,0,70,,3326,14,,,0,30,,3336,14,,,0,70,,3328,14,,,0,30,,3343,14,,,0,70,,3329,14,,,0,30,,3341,14,,,0,70,,3337,14,,,0,30,,3338,14,,,0,70,,3339,14,,,0,30,,3340,14,,,0
501,'5501',700,,3344,12,,,0,30,,3354,12,,,0,70,,3345,14,,,0,34,,3366,14,,,0,66,,3347,14,,,0,30,,3355,14,,,0,70,,3348,14,,,0,30,,3356,14,,,0,70,,3349,14,,,0,30,,3357,14,,,0,70,,3346,14,,,0,30,,3358,14,,,0,70,,3351,14,,,0,30,,3359,14,,,0,70,,3350,14,,,0,30,,3360,14,,,0,70,,3352,14,,,0,40,,3367,30,0,11 12,0,60,,3353,14,,,0,33,,3365,14,,,0,67,,3361,14,,,0,30,,3362,14,,,0,70,,3363,14,,,0,30,,3364,14,,,0
501,'5504',1230,,3388,14,,,0,100,,3389,14,,,0,100,,3390,14,,,0,100,,3391,14,,,0
501,'5505',700,,3392,12,,,0,30,,3402,12,,,0,70,,3393,14,,,0,34,,3414,14,,,0,66,,3395,14,,,0,30,,3403,14,,,0,70,,3396,14,,,0,30,,3404,14,,,0,70,,3397,14,,,0,30,,3405,14,,,0,70,,3394,14,,,0,30,,3406,14,,,0,70,,3399,14,,,0,30,,3407,14,,,0,70,,3398,14,,,0,30,,3408,14,,,0,70,,3400,14,,,0,40,,3415,30,0,11 12,0,60,,3401,14,,,0,33,,3413,14,,,0,67,,3409,14,,,0,30,,3410,14,,,0,70,,3411,14,,,0,30,,3412,14,,,0
501,'5506',700,,3416,12,,,0,30,,3426,12,,,0,70,,3417,14,,,0,30,,3438,14,,,0,70,,3419,14,,,0,30,,3427,14,,,0,70,,3420,14,,,0,30,,3428,14,,,0,70,,3421,14,,,0,30,,3429,14,,,0,70,,3418,14,,,0,30,,3430,14,,,0,70,,3423,14,,,0,30,,3431,14,,,0,70,,3422,14,,,0,30,,3432,14,,,0,70,,3424,14,,,0,30,,3439,14,,,0,70,,3425,14,,,0,30,,3437,14,,,0,70,,3433,14,,,0,30,,3434,14,,,0,70,,3435,14,,,0,30,,3436,14,,,0
501,'5508',700,,3440,12,,,0,30,,3450,12,,,0,70,,3441,14,,,0,30,,3462,14,,,0,70,,3443,14,,,0,30,,3451,14,,,0,70,,3444,14,,,0,30,,3452,14,,,0,70,,3445,14,,,0,30,,3453,14,,,0,70,,3442,14,,,0,30,,3454,14,,,0,70,,3447,14,,,0,30,,3455,14,,,0,70,,3446,14,,,0,30,,3456,14,,,0,70,,3448,14,,,0,30,,3463,14,,,0,70,,3449,14,,,0,30,,3461,14,,,0,70,,3457,14,,,0,30,,3458,14,,,0,70,,3459,14,,,0,30,,3460,14,,,0
1000,'5414',802,,3472,1,,,0,428,,3473,1,,,0,407,,3474,1,,,0
1000,'5475',640,,3464,1,,,0,162,,3465,1,,,0,428,,3466,1,,,0,407,,3467,1,,,0
1000,'5501',640,,3468,1,,,0,162,,3469,1,,,0,428,,3470,1,,,0,407,,3471,1,,,0
1000,'5505',640,,3475,1,,,0,162,,3476,1,,,0,428,,3477,1,,,0,407,,3478,1,,,0
1000,'5506',640,,3479,1,,,0,162,,3480,1,,,0,428,,3481,1,,,0,407,,3482,1,,,0
1001,'5414',920,,3491,27,4,,0,434,,3492,27,4,,0,402,,3493,27,4,,0
1001,'5475',755,,3483,27,4,,0,165,,3484,27,4,,0,434,,3485,27,4,,0,402,,3486,27,4,,0
1001,'5501',755,,3487,27,4,,0,165,,3488,27,4,,0,434,,3489,27,4,,0,402,,3490,27,4,,0
1001,'5505',755,,3494,27,4,,0,165,,3495,27,4,,0,434,,3496,27,4,,0,402,,3497,27,4,,0
1001,'5506',755,,3498,27,4,,0,165,,3499,27,4,,0,434,,3500,27,4,,0,402,,3501,27,4,,0
1500,'5414',2000,,3547,6,,,0,124,,3549,6,,,0,85,,3551,6,,,0
1500,'5475',2000,,3528,6,,,0,124,,3530,6,,,0,85,,3532,6,,,0,41,,3537,6,,,0,263,,3535,6,,,0
1500,'5501',2000,,3540,6,,,0,124,,3542,6,,,0,85,,3544,6,,,0
1500,'5505',2000,,3555,6,,,0,124,,3557,6,,,0,85,,3559,6,,,0
1500,'5506',2000,,3563,6,,,0,124,,3565,6,,,0,85,,3567,6,,,0
1500,'5508',2000,,3571,6,,,0,124,,3573,6,,,0,85,,3575,6,,,0
1501,'5414',1925,,3590,14,0,7,0,124,,3591,14,0,7,0
1501,'5475',1925,,3577,14,0,7,0,124,,3579,14,0,7,0,387,,3584,14,0,7,0,164,,3582,14,0,7,0
1501,'5501',1925,,3585,14,0,7,0,124,,3587,14,0,7,0
1501,'5505',1925,,3593,14,0,7,0,124,,3595,14,0,7,0
1501,'5506',1925,,3597,14,0,7,0,124,,3599,14,0,7,0
1501,'5508',1925,,3601,14,0,7,0,124,,3603,14,0,7,0
1600,'5504',900,,4124,1,,,0,100,,4127,7,,,0,100,,4126,7,,,0,100,,4125,7,,,0,100,,4128,7,,,0,100,,4129,7,,,0,100,,4130,7,,,0,100,,4131,7,,,0,100,,4132,7,,,0,100,,4133,7,4,,0
3000,'5414',905,,3694,1,,,0,210,,3695,1,,,0,185,,3697,1,,,0,255,,3696,1,,,0,171,,3698,1,,,0
3000,'5475',805,,3685,1,,,0,310,,3684,1,,,0,185,,3688,1,,,0,255,,3686,1,,,0,171,,3687,1,,,0
3000,'5501',805,,3690,1,,,0,310,,3689,1,,,0,185,,3693,1,,,0,255,,3691,1,,,0,171,,3692,1,,,0
3000,'5505',805,,3700,1,,,0,310,,3699,1,,,0,185,,3703,1,,,0,255,,3701,1,,,0,171,,3702,1,,,0
3000,'5506',805,,3705,1,,,0,310,,3704,1,,,0,185,,3708,1,,,0,255,,3706,1,,,0,171,,3707,1,,,0
3000,'5508',805,,3710,1,,,0,310,,3709,1,,,0,185,,3713,1,,,0,255,,3711,1,,,0,171,,3712,1,,,0
3001,'5414',900,,3724,23,4,,0,210,,3725,21,4,,0,145,,3726,21,4,,0,295,,3727,23,4,,0,170,,3728,21,4,,0
3001,'5475',800,,3714,23,4,,0,310,,3715,21,4,,0,145,,3718,21,4,,0,295,,3716,23,4,,0,170,,3717,21,4,,0
3001,'5501',800,,3719,23,4,,0,310,,3720,21,4,,0,145,,3723,21,4,,0,295,,3721,23,4,,0,170,,3722,21,4,,0
3001,'5505',800,,3729,23,4,,0,310,,3730,21,4,,0,145,,3733,21,4,,0,295,,3731,23,4,,0,170,,3732,21,4,,0
3001,'5506',800,,3734,23,4,,0,310,,3735,21,4,,0,145,,3738,21,4,,0,295,,3736,23,4,,0,170,,3737,21,4,,0
3001,'5508',800,,3739,23,4,,0,310,,3740,21,4,,0,145,,3743,21,4,,0,295,,3741,23,4,,0,170,,3742,21,4,,0
4000,'5475',825,,4144,12,,,0,516,,4143,12,,,0
4000,'5501',825,,4151,12,,,0,516,,4150,12,,,0
4000,'5505',825,,4146,12,,,0,115,,4147,12,4,,0,401,,4145,12,,,0
4000,'5506',825,,4149,12,,,0,516,,4148,12,,,0
5000,'5502',900,,3770,9,,,0
5000,'5505',900,,3771,9,,,0
5000,'5507',900,,3772,9,,,0
7001,'5475',857,,4185,29,4,,0,296,,4186,27,4,,0,365,,4187,29,4,,0
7001,'5501',857,,4197,29,4,,0,296,,4198,27,4,,0,365,,4199,29,4,,0
7001,'5505',857,,4189,29,4,,0,296,,4190,27,4,,0,365,,4191,29,4,,0
7001,'5506',857,,4193,29,4,,0,296,,4194,27,4,,0,365,,4195,29,4,,0
