100,'5414',916,,2601,1,,,0,100,,2605,1,,,0,100,,2609,1,,,0,100,,2602,1,,,0,100,,2600,1,,,0,100,,2606,1,,,0,100,,2604,1,,,0,100,,2603,1,,,0,100,,2608,1,,,0,100,,2607,1,0,5 6,0
100,'5475',616,,2573,1,,,0,100,,2574,1,,,0,200,,2576,1,,,0,100,,2577,1,,,0,100,,2578,1,,,0,100,,2579,1,,,0,100,,2580,1,,,0,100,,2581,1,,,0,100,,2582,1,,,0,100,,2583,1,,,0,100,,2584,1,,,0,100,,2585,1,0,5 6,0
100,'5501',616,,2586,1,,,0,100,,2587,1,,,0,200,,2589,1,,,0,100,,2590,1,,,0,100,,2591,1,,,0,100,,2592,1,,,0,100,,2593,1,,,0,100,,2594,1,,,0,100,,2595,1,,,0,100,,2596,1,,,0,100,,2597,1,,,0,100,,2598,1,0,5 6,0
100,'5505',616,,2610,1,,,0,100,,2611,1,,,0,200,,2613,1,,,0,100,,2614,1,,,0,100,,2615,1,,,0,100,,2616,1,,,0,100,,2617,1,,,0,100,,2618,1,,,0,100,,2619,1,,,0,100,,2620,1,,,0,100,,2621,1,,,0,100,,2622,1,0,5 6,0
100,'5506',616,,2623,1,,,0,100,,2624,1,,,0,200,,2626,1,,,0,100,,2627,1,,,0,100,,2628,1,,,0,100,,2629,1,,,0,100,,2630,1,,,0,100,,2631,1,,,0,100,,2632,1,,,0,100,,2633,1,,,0,100,,2634,1,,,0,100,,2635,1,0,5 6,0
100,'5508',616,,2636,1,,,0,100,,2637,1,,,0,200,,2639,1,,,0,100,,2640,1,,,0,100,,2641,1,,,0,100,,2642,1,,,0,100,,2643,1,,,0,100,,2644,1,,,0,100,,2645,1,,,0,100,,2646,1,,,0,100,,2647,1,,,0,100,,2648,1,0,5 6,0
101,'5414',916,,2679,28,4,,0,100,,2681,28,4,,0,100,,2675,28,4,,0,100,,2677,28,4,,0,100,,2680,28,4,,0,100,,2678,28,4,,0,100,,2682,28,4,,0,100,,2676,28,4,,0,100,,2683,28,4,,0,100,,2684,28,4,,0
101,'5475',616,,2649,5,4,,0,100,,2650,28,4,,0,200,,2652,28,4,,0,100,,2653,28,4,,0,100,,2655,28,4,,0,100,,2654,28,4,,0,100,,2657,28,4,,0,100,,2656,28,4,,0,100,,2658,28,4,,0,100,,2659,28,4,,0,100,,2660,28,4,,0,100,,2661,28,4,,0
101,'5501',616,,2662,5,4,,0,100,,2663,28,4,,0,200,,2665,28,4,,0,100,,2666,28,4,,0,100,,2668,28,4,,0,100,,2667,28,4,,0,100,,2670,28,4,,0,100,,2669,28,4,,0,100,,2671,28,4,,0,100,,2672,28,4,,0,100,,2673,28,4,,0,100,,2674,28,4,,0
101,'5505',616,,2686,5,4,,0,100,,2687,28,4,,0,200,,2689,28,4,,0,100,,2690,28,4,,0,100,,2692,28,4,,0,100,,2691,28,4,,0,100,,2694,28,4,,0,100,,2693,28,4,,0,100,,2695,28,4,,0,100,,2696,28,4,,0,100,,2697,28,4,,0,100,,2698,28,4,,0
101,'5506',616,,2699,5,4,,0,100,,2700,28,4,,0,200,,2702,28,4,,0,100,,2703,28,4,,0,100,,2705,28,4,,0,100,,2704,28,4,,0,100,,2707,28,4,,0,100,,2706,28,4,,0,100,,2708,28,4,,0,100,,2709,28,4,,0,100,,2710,28,4,,0,100,,2711,28,4,,0
101,'5508',616,,2712,5,4,,0,100,,2713,28,4,,0,200,,2715,28,4,,0,100,,2716,28,4,,0,100,,2718,28,4,,0,100,,2717,28,4,,0,100,,2720,28,4,,0,100,,2719,28,4,,0,100,,2721,28,4,,0,100,,2722,28,4,,0,100,,2723,28,4,,0,100,,2724,28,4,,0
501,'5414',905,,3373,17,,,0,30,,3384,17,,,0,70,,3375,19,,,0,30,,3385,19,,,0,70,,3376,19,,,0,30,,3381,19,,,0,70,,3372,19,,,0,30,,3382,19,,,0,70,,3377,19,,,0,30,,3383,19,,,0,70,,3368,19,,,0,30,,3386,19,,,0,70,,3369,19,,,0,30,,3387,19,,,0,70,,3370,19,,,0,30,,3378,19,,,0,70,,3371,19,,,0,30,,3379,19,,,0,70,,3374,19,,,0,30,,3380,19,,,0
501,'5475',705,,3320,17,,,0,30,,3330,17,,,0,70,,3321,19,,,0,30,,3342,19,,,0,70,,3323,19,,,0,30,,3331,19,,,0,70,,3324,19,,,0,30,,3332,19,,,0,70,,3325,19,,,0,30,,3333,19,,,0,70,,3322,19,,,0,30,,3334,19,,,0,70,,3327,19,,,0,30,,3335,19,,,0,70,,3326,19,,,0,30,,3336,19,,,0,70,,3328,19,,,0,30,,3343,19,,,0,70,,3329,19,,,0,30,,3341,19,,,0,70,,3337,19,,,0,30,,3338,19,,,0,70,,3339,19,,,0,30,,3340,19,,,0
501,'5501',705,,3344,17,,,0,30,,3354,17,,,0,70,,3345,19,,,0,34,,3366,19,,,0,66,,3347,19,,,0,30,,3355,19,,,0,70,,3348,19,,,0,30,,3356,19,,,0,70,,3349,19,,,0,30,,3357,19,,,0,70,,3346,19,,,0,30,,3358,19,,,0,70,,3351,19,,,0,30,,3359,19,,,0,70,,3350,19,,,0,30,,3360,19,,,0,70,,3352,19,,,0,40,,3367,35,0,11 12,0,60,,3353,19,,,0,33,,3365,19,,,0,67,,3361,19,,,0,30,,3362,19,,,0,70,,3363,19,,,0,30,,3364,19,,,0
501,'5504',1235,,3388,19,,,0,100,,3389,19,,,0,100,,3390,19,,,0,100,,3391,19,,,0
501,'5505',705,,3392,17,,,0,30,,3402,17,,,0,70,,3393,19,,,0,34,,3414,19,,,0,66,,3395,19,,,0,30,,3403,19,,,0,70,,3396,19,,,0,30,,3404,19,,,0,70,,3397,19,,,0,30,,3405,19,,,0,70,,3394,19,,,0,30,,3406,19,,,0,70,,3399,19,,,0,30,,3407,19,,,0,70,,3398,19,,,0,30,,3408,19,,,0,70,,3400,19,,,0,40,,3415,35,0,11 12,0,60,,3401,19,,,0,33,,3413,19,,,0,67,,3409,19,,,0,30,,3410,19,,,0,70,,3411,19,,,0,30,,3412,19,,,0
501,'5506',705,,3416,17,,,0,30,,3426,17,,,0,70,,3417,19,,,0,30,,3438,19,,,0,70,,3419,19,,,0,30,,3427,19,,,0,70,,3420,19,,,0,30,,3428,19,,,0,70,,3421,19,,,0,30,,3429,19,,,0,70,,3418,19,,,0,30,,3430,19,,,0,70,,3423,19,,,0,30,,3431,19,,,0,70,,3422,19,,,0,30,,3432,19,,,0,70,,3424,19,,,0,30,,3439,19,,,0,70,,3425,19,,,0,30,,3437,19,,,0,70,,3433,19,,,0,30,,3434,19,,,0,70,,3435,19,,,0,30,,3436,19,,,0
501,'5508',705,,3440,17,,,0,30,,3450,17,,,0,70,,3441,19,,,0,30,,3462,19,,,0,70,,3443,19,,,0,30,,3451,19,,,0,70,,3444,19,,,0,30,,3452,19,,,0,70,,3445,19,,,0,30,,3453,19,,,0,70,,3442,19,,,0,30,,3454,19,,,0,70,,3447,19,,,0,30,,3455,19,,,0,70,,3446,19,,,0,30,,3456,19,,,0,70,,3448,19,,,0,30,,3463,19,,,0,70,,3449,19,,,0,30,,3461,19,,,0,70,,3457,19,,,0,30,,3458,19,,,0,70,,3459,19,,,0,30,,3460,19,,,0
1500,'5414',1913,,3546,42,4,,0,43,,3547,1,,,0,81,,3548,42,4,,0,83,,3549,1,,,0,80,,3550,42,4,,0,5,,3551,1,,,0,40,,3552,42,4,,0
1500,'5475',1913,,3527,16,4,,0,43,,3528,1,,,0,81,,3529,42,4,,0,83,,3530,1,,,0,80,,3531,42,4,,0,5,,3532,1,,,0,40,,3537,1,,,0,181,,3536,42,4,,0,82,,3535,1,,,0,42,,3534,42,4,,0
1500,'5501',1913,,3539,16,4,,0,43,,3540,1,,,0,81,,3541,42,4,,0,83,,3542,1,,,0,80,,3543,42,4,,0,5,,3544,1,,,0,40,,3545,42,4,,0
1500,'5505',1913,,3554,16,4,,0,43,,3555,1,,,0,81,,3556,42,4,,0,83,,3557,1,,,0,80,,3558,42,4,,0,5,,3559,1,,,0,40,,3560,42,4,,0
1500,'5506',1913,,3562,16,4,,0,43,,3563,1,,,0,81,,3564,42,4,,0,83,,3565,1,,,0,80,,3566,42,4,,0,5,,3567,1,,,0,40,,3568,42,4,,0
1500,'5508',1913,,3570,16,4,,0,43,,3571,1,,,0,81,,3572,42,4,,0,83,,3573,1,,,0,80,,3574,42,4,,0,5,,3575,1,,,0,40,,3576,42,4,,0
1501,'5414',1914,,3590,1,0,7,0,42,,3589,22,4,,0,82,,3591,1,0,7,0,82,,3592,22,4,,0
1501,'5475',1914,,3577,1,0,7,0,42,,3578,22,4,,0,82,,3579,1,0,7,0,82,,3580,22,4,,0,306,,3584,1,0,7,0,82,,3583,22,4,,0,42,,3582,1,0,7,0
1501,'5501',1914,,3585,1,0,7,0,42,,3586,22,4,,0,82,,3587,1,0,7,0,82,,3588,22,4,,0
1501,'5505',1914,,3593,1,0,7,0,42,,3594,22,4,,0,82,,3595,1,0,7,0,82,,3596,22,4,,0
1501,'5506',1914,,3597,1,0,7,0,42,,3598,22,4,,0,82,,3599,1,0,7,0,82,,3600,22,4,,0
1501,'5508',1914,,3601,1,0,7,0,42,,3602,22,4,,0,82,,3603,1,0,7,0,82,,3604,22,4,,0
4001,'5475',1006,,3753,20,,,0,604,,3754,20,,,0
4001,'5501',1006,,3755,20,,,0,604,,3756,20,,,0
4001,'5505',1006,,3757,20,,,0,328,,3759,5,,,0,276,,3758,20,,,0
4001,'5506',1006,,3760,20,,,0,604,,3761,20,,,0
5001,'5502',1250,,3773,4,,,0
5001,'5505',1250,,3774,4,,,0
5001,'5507',1250,,3775,4,,,0
7001,'5475',1822,,3795,31,,,0
7001,'5501',1822,,3799,31,,,0
7001,'5505',1822,,3803,31,,,0
7001,'5506',1822,,3807,31,,,0
