200,'5326',631,,1362,3,,,0,100,,1363,3,,,0,100,,1364,3,,,0,100,,1365,3,,,0,100,,1366,3,,,0,100,,1367,3,,,0,100,,1368,3,,,0,100,,1369,3,,,0,100,,1370,3,,,0,100,,1371,3,,,0,100,,1372,3,,,0,100,,1373,3,,,0
200,'5328',831,,1374,3,,,0,100,,1375,3,,,0,100,,1376,3,,,0,100,,1377,3,,,0,100,,1378,3,,,0,100,,1379,3,,,0,100,,1380,3,,,0,100,,1381,3,,,0,100,,1382,3,,,0,100,,1383,3,,,0
400,'5326',701,,1604,3,,,0,100,,1609,3,,,0,100,,1611,3,,,0,100,,1612,3,,,0,100,,1613,3,,,0,100,,1614,3,,,0,100,,1615,3,,,0,100,,1616,3,,,0,100,,1610,3,,,0,100,,1607,3,,,0,100,,1608,3,,,0,100,,1606,3,0,7 6,0
400,'5328',801,,1620,3,,,0,100,,1623,3,,,0,100,,1617,3,,,0,100,,1618,3,,,0,100,,1621,3,,,0,100,,1622,3,,,0,100,,1619,3,,,0,100,,1624,3,,,0,100,,1625,3,,,0,100,,1626,3,,,0,100,,1627,3,0,7 6,0
1000,'5326',642,,1952,3,,,0,162,,1953,3,,,0,123,,1956,3,,,0,305,,1954,3,,,0,407,,1955,3,,,0
1000,'5328',804,,1957,3,,,0,428,,1958,3,,,0,407,,1959,3,,,0
1101,'5326',1233,,1987,3,,,0,573,,1985,3,,,0
1500,'5326',2002,,2014,8,,,0,124,,2015,8,,,0,85,,2017,8,,,0
1500,'5328',2002,,2020,8,,,0,124,,2023,8,,,0,85,,2022,8,,,0
7000,'5326',604,,2157,19,,,0,305,,2158,2,,,0,324,,2159,2,,,0,300,,2160,2,,,0
