200,'5475',646,,2725,20,,,0,100,,2726,20,,,0,100,,2727,20,,,0,100,,2728,20,,,0,100,,2729,20,,,0,100,,2730,20,,,0,100,,2731,20,,,0,100,,2732,20,,,0,100,,2733,20,,,0,100,,2734,20,,,0,100,,2735,20,,,0,100,,2736,20,,,0
200,'5501',646,,2737,20,,,0,100,,2738,20,,,0,100,,2739,20,,,0,100,,2740,20,,,0,100,,2741,20,,,0,100,,2742,20,,,0,100,,2743,20,,,0,100,,2744,20,,,0,100,,2745,20,,,0,100,,2746,20,,,0,100,,2747,20,,,0,100,,2748,20,,,0
200,'5503',846,,2749,20,,,0,100,,2750,20,,,0,100,,2751,20,,,0,100,,2752,20,,,0,100,,2753,20,,,0,100,,2754,20,,,0,100,,2755,20,,,0,100,,2756,20,,,0,100,,2757,20,,,0,100,,2758,20,,,0
200,'5505',646,,2759,20,,,0,100,,2760,20,,,0,100,,2761,20,,,0,100,,2762,20,,,0,100,,2763,20,,,0,100,,2764,20,,,0,100,,2765,20,,,0,100,,2766,20,,,0,100,,2767,20,,,0,100,,2768,20,,,0,100,,2769,20,,,0,100,,2770,20,,,0
200,'5506',646,,2771,20,,,0,100,,2772,20,,,0,100,,2773,20,,,0,100,,2774,20,,,0,100,,2775,20,,,0,100,,2776,20,,,0,100,,2777,20,,,0,100,,2778,20,,,0,100,,2779,20,,,0,100,,2780,20,,,0,100,,2781,20,,,0,100,,2782,20,,,0
200,'5508',646,,2783,20,,,0,100,,2784,20,,,0,100,,2785,20,,,0,100,,2786,20,,,0,100,,2787,20,,,0,100,,2788,20,,,0,100,,2789,20,,,0,100,,2790,20,,,0,100,,2791,20,,,0,100,,2792,20,,,0,100,,2793,20,,,0,100,,2794,20,,,0
501,'5210',1220,,2432,5,,,0,100,,2433,5,,,0,100,,2434,5,,,0,100,,2435,5,,,0
501,'5475',650,,3320,3,,,0,70,,3330,3,,,0,30,,3321,5,,,0,70,,3342,5,,,0,30,,3323,5,,,0,70,,3331,5,,,0,30,,3324,5,,,0,70,,3332,5,,,0,30,,3325,5,,,0,70,,3333,5,,,0,30,,3322,5,,,0,70,,3334,5,,,0,30,,3327,5,,,0,70,,3335,5,,,0,30,,3326,5,,,0,70,,3336,5,,,0,30,,3328,5,,,0,70,,3343,5,,,0,30,,3329,5,,,0,70,,3341,5,,,0,30,,3337,5,,,0,70,,3338,5,,,0,30,,3339,5,,,0,70,,3340,5,,,0
501,'5501',650,,3344,3,,,0,70,,3354,3,,,0,30,,3345,5,,,0,74,,3366,5,,,0,26,,3347,5,,,0,70,,3355,5,,,0,30,,3348,5,,,0,70,,3356,5,,,0,30,,3349,5,,,0,70,,3357,5,,,0,30,,3346,5,,,0,70,,3358,5,,,0,30,,3351,5,,,0,70,,3359,5,,,0,30,,3350,5,,,0,70,,3360,5,,,0,30,,3352,5,,,0,68,,3367,5,0,11 12,0,32,,3353,5,,,0,73,,3365,5,,,0,27,,3361,5,,,0,70,,3362,5,,,0,30,,3363,5,,,0,70,,3364,5,,,0
501,'5503',850,,3373,3,,,0,70,,3384,3,,,0,30,,3375,5,,,0,70,,3385,5,,,0,30,,3376,5,,,0,70,,3381,5,,,0,30,,3372,5,,,0,70,,3382,5,,,0,30,,3377,5,,,0,70,,3383,5,,,0,30,,3368,5,,,0,70,,3386,5,,,0,30,,3369,5,,,0,70,,3387,5,,,0,30,,3370,5,,,0,70,,3378,5,,,0,30,,3371,5,,,0,70,,3379,5,,,0,30,,3374,5,,,0,70,,3380,5,,,0
501,'5504',1220,,3388,5,,,0,100,,3389,5,,,0,100,,3390,5,,,0,100,,3391,5,,,0
501,'5505',650,,3392,3,,,0,70,,3402,3,,,0,30,,3393,5,,,0,74,,3414,5,,,0,26,,3395,5,,,0,70,,3403,5,,,0,30,,3396,5,,,0,70,,3404,5,,,0,30,,3397,5,,,0,70,,3405,5,,,0,30,,3394,5,,,0,70,,3406,5,,,0,30,,3399,5,,,0,70,,3407,5,,,0,30,,3398,5,,,0,70,,3408,5,,,0,30,,3400,5,,,0,68,,3415,5,0,11 12,0,32,,3401,5,,,0,73,,3413,5,,,0,27,,3409,5,,,0,70,,3410,5,,,0,30,,3411,5,,,0,70,,3412,5,,,0
501,'5506',650,,3416,3,,,0,70,,3426,3,,,0,30,,3417,5,,,0,70,,3438,5,,,0,30,,3419,5,,,0,70,,3427,5,,,0,30,,3420,5,,,0,70,,3428,5,,,0,30,,3421,5,,,0,70,,3429,5,,,0,30,,3418,5,,,0,70,,3430,5,,,0,30,,3423,5,,,0,70,,3431,5,,,0,30,,3422,5,,,0,70,,3432,5,,,0,30,,3424,5,,,0,70,,3439,5,,,0,30,,3425,5,,,0,70,,3437,5,,,0,30,,3433,5,,,0,70,,3434,5,,,0,30,,3435,5,,,0,70,,3436,5,,,0
501,'5508',650,,3440,3,,,0,70,,3450,3,,,0,30,,3441,5,,,0,70,,3462,5,,,0,30,,3443,5,,,0,70,,3451,5,,,0,30,,3444,5,,,0,70,,3452,5,,,0,30,,3445,5,,,0,70,,3453,5,,,0,30,,3442,5,,,0,70,,3454,5,,,0,30,,3447,5,,,0,70,,3455,5,,,0,30,,3446,5,,,0,70,,3456,5,,,0,30,,3448,5,,,0,70,,3463,5,,,0,30,,3449,5,,,0,70,,3461,5,,,0,30,,3457,5,,,0,70,,3458,5,,,0,30,,3459,5,,,0,70,,3460,5,,,0
1001,'5475',749,,3483,19,,,0,164,,3484,19,,,0,434,,3485,19,,,0,403,,3486,19,,,0
1001,'5501',749,,3487,19,,,0,164,,3488,19,,,0,434,,3489,19,,,0,403,,3490,19,,,0
1001,'5503',913,,3491,19,,,0,434,,3492,19,,,0,403,,3493,19,,,0
1001,'5505',749,,3494,19,,,0,164,,3495,19,,,0,434,,3496,19,,,0,403,,3497,19,,,0
1001,'5506',749,,3498,19,,,0,164,,3499,19,,,0,434,,3500,19,,,0,403,,3501,19,,,0
1601,'5210',931,,2512,13,,,0,100,,2514,13,,,0,100,,2513,13,,,0,100,,2515,13,,,0,100,,2517,13,,,0,100,,2516,13,,,0,100,,2519,13,,,0,100,,2518,13,,,0,100,,2521,13,,,0,100,,2520,13,,,0
1601,'5504',931,,3615,13,,,0,100,,3617,13,,,0,100,,3616,13,,,0,100,,3618,13,,,0,100,,3620,13,,,0,100,,3619,13,,,0,100,,3621,13,,,0,100,,3622,13,,,0,100,,3623,13,,,0
1000100,'5475',1925,,3808,42,,,0,30,,3819,42,,,0,70,,3817,42,,,0,30,,3818,42,,,0,70,,3814,42,,,0,30,,3816,42,,,0,70,,3815,42,,,0,30,,3813,42,,,0,170,,3810,42,,,0,30,,3812,42,,,0,70,,3809,42,,,0,30,,3811,42,,,0
