100,'5414',846,,2599,26,,,0,100,,2601,34,,,0,100,,2605,34,,,0,100,,2609,34,,,0,100,,2602,34,,,0,100,,2600,34,,,0,100,,2606,34,,,0,100,,2604,34,,,0,100,,2603,34,,,0,100,,2608,34,,,0
100,'5475',646,,2573,34,,,0,100,,2574,34,,,0,100,,2575,26,,,0,100,,2576,34,,,0,100,,2577,34,,,0,100,,2578,34,,,0,100,,2579,34,,,0,100,,2580,34,,,0,100,,2581,34,,,0,100,,2582,34,,,0,100,,2583,34,,,0,100,,2584,34,,,0
100,'5501',646,,2586,34,,,0,100,,2587,34,,,0,100,,2588,26,,,0,100,,2589,34,,,0,100,,2590,34,,,0,100,,2591,34,,,0,100,,2592,34,,,0,100,,2593,34,,,0,100,,2594,34,,,0,100,,2595,34,,,0,100,,2596,34,,,0,100,,2597,34,,,0
100,'5505',646,,2610,34,,,0,100,,2611,34,,,0,100,,2612,26,,,0,100,,2613,34,,,0,100,,2614,34,,,0,100,,2615,34,,,0,100,,2616,34,,,0,100,,2617,34,,,0,100,,2618,34,,,0,100,,2619,34,,,0,100,,2620,34,,,0,100,,2621,34,,,0
100,'5506',646,,2623,34,,,0,100,,2624,34,,,0,100,,2625,26,,,0,100,,2626,34,,,0,100,,2627,34,,,0,100,,2628,34,,,0,100,,2629,34,,,0,100,,2630,34,,,0,100,,2631,34,,,0,100,,2632,34,,,0,100,,2633,34,,,0,100,,2634,34,,,0
100,'5508',646,,2636,34,,,0,100,,2637,34,,,0,100,,2638,26,,,0,100,,2639,34,,,0,100,,2640,34,,,0,100,,2641,34,,,0,100,,2642,34,,,0,100,,2643,34,,,0,100,,2644,34,,,0,100,,2645,34,,,0,100,,2646,34,,,0,100,,2647,34,,,0
400,'5414',810,,3052,12,,,0,100,,3055,12,,,0,100,,3049,12,,,0,100,,3050,12,,,0,100,,3053,12,,,0,100,,3054,12,,,0,100,,3051,12,,,0,100,,3056,12,,,0,100,,3057,12,,,0,100,,3058,12,,,0,100,,3059,12,0,7 6,0
400,'5475',710,,3023,12,,,0,100,,3028,12,,,0,100,,3029,12,,,0,100,,3030,12,,,0,100,,3032,12,,,0,100,,3033,12,,,0,100,,3034,12,,,0,100,,3035,12,,,0,100,,3031,12,,,0,100,,3026,12,,,0,100,,3027,12,,,0,100,,3025,12,0,7 6,0
400,'5501',710,,3036,12,,,0,100,,3041,12,,,0,100,,3042,12,,,0,100,,3043,12,,,0,100,,3045,12,,,0,100,,3046,12,,,0,100,,3047,12,,,0,100,,3048,12,,,0,100,,3044,12,,,0,100,,3039,12,,,0,100,,3040,12,,,0,100,,3038,12,0,7 6,0
400,'5505',710,,3061,12,,,0,100,,3066,12,,,0,100,,3067,12,,,0,100,,3068,12,,,0,100,,3070,12,,,0,100,,3071,12,,,0,100,,3072,12,,,0,100,,3073,12,,,0,100,,3069,12,,,0,100,,3064,12,,,0,100,,3065,12,,,0,100,,3063,12,0,7 6,0
400,'5506',710,,3074,12,,,0,100,,3079,12,,,0,100,,3080,12,,,0,100,,3081,12,,,0,100,,3083,12,,,0,100,,3084,12,,,0,100,,3085,12,,,0,100,,3086,12,,,0,100,,3082,12,,,0,100,,3077,12,,,0,100,,3078,12,,,0,100,,3076,12,0,7 6,0
400,'5508',710,,3087,12,,,0,100,,3092,12,,,0,100,,3093,12,,,0,100,,3094,12,,,0,100,,3096,12,,,0,100,,3097,12,,,0,100,,3098,12,,,0,100,,3099,12,,,0,100,,3095,12,,,0,100,,3090,12,,,0,100,,3091,12,,,0,100,,3089,12,0,7 6,0
1600,'5504',914,,3605,24,0,16 18,0,100,,3608,30,,,0,100,,3607,30,,,0,100,,3606,30,,,0,100,,3609,30,,,0,100,,3610,30,,,0,100,,3611,30,,,0,100,,3612,30,,,0,100,,3613,30,,,0
3000,'5414',915,,3694,18,,,0,210,,3695,18,,,0,185,,3697,18,,,0,295,,3696,18,,,0,131,,3698,18,,,0
3000,'5475',815,,3685,18,,,0,310,,3684,18,,,0,185,,3688,18,,,0,295,,3686,18,,,0,131,,3687,18,,,0
3000,'5501',815,,3690,18,,,0,310,,3689,18,,,0,185,,3693,18,,,0,295,,3691,18,,,0,131,,3692,18,,,0
3000,'5505',815,,3700,18,,,0,310,,3699,18,,,0,185,,3703,18,,,0,295,,3701,18,,,0,131,,3702,18,,,0
3000,'5506',815,,3705,18,,,0,310,,3704,18,,,0,185,,3708,18,,,0,295,,3706,18,,,0,131,,3707,18,,,0
3000,'5508',815,,3710,18,,,0,310,,3709,18,,,0,185,,3713,18,,,0,295,,3711,18,,,0,131,,3712,18,,,0
7000,'5475',615,,3776,37,,,0,305,,3777,20,,,0,324,,3778,20,,,0,300,,3779,20,,,0
7000,'5501',615,,3780,37,,,0,305,,3781,20,,,0,324,,3782,20,,,0,300,,3783,20,,,0
7000,'5505',615,,3784,37,,,0,305,,3785,20,,,0,324,,3786,20,,,0,300,,3787,20,,,0
7000,'5506',615,,3788,37,,,0,305,,3789,20,,,0,324,,3790,20,,,0,300,,3791,20,,,0
