101,'5414',819,,4123,12,,,0
101,'5475',819,,4050,35,,,0
101,'5501',819,,4102,35,,,0
101,'5505',819,,4063,35,,,0
101,'5506',819,,4076,35,,,0
101,'5508',819,,4089,35,,,0
1500,'5414',1907,,3546,30,0,13,0,124,,3548,30,0,13,0,123,,3550,30,0,13,0,85,,3552,30,0,13,0
1500,'5475',1907,,3527,4,0,13,0,124,,3529,30,0,13,0,123,,3531,30,0,13,0,85,,3533,30,0,13,0,181,,3536,30,0,13,0,124,,3534,30,0,13,0
1500,'5501',1907,,3539,4,0,13,0,124,,3541,30,0,13,0,123,,3543,30,0,13,0,85,,3545,30,0,13,0
1500,'5505',1907,,3554,4,0,13,0,124,,3556,30,0,13,0,123,,3558,30,0,13,0,85,,3560,30,0,13,0
1500,'5506',1907,,3562,4,0,13,0,124,,3564,30,0,13,0,123,,3566,30,0,13,0,85,,3568,30,0,13,0
1500,'5508',1907,,3570,4,0,13,0,124,,3572,30,0,13,0,123,,3574,30,0,13,0,85,,3576,30,0,13,0
1601,'5504',944,,4134,25,,,0,100,,4136,25,,,0,100,,4135,25,,,0,100,,4137,25,,,0,100,,4139,25,,,0,100,,4138,25,,,0,100,,4140,25,,,0,100,,4141,25,,,0,100,,4142,25,,,0
2001,'5475',643,,3644,4,0,16 17,0,164,,3645,4,0,16 17,0,295,,3646,4,0,8 9,0,435,,3648,4,0,8 9,0,170,,3647,4,0,8 9,0
2001,'5501',643,,3649,4,0,16 17,0,164,,3650,4,0,16 17,0,295,,3651,4,0,8 9,0,435,,3653,4,0,8 9,0,170,,3652,4,0,8 9,0
2001,'5505',643,,3654,4,0,16 17,0,164,,3655,4,0,16 17,0,295,,3656,4,0,8 9,0,435,,3658,4,0,8 9,0,170,,3657,4,0,8 9,0
2001,'5506',643,,3659,4,0,16 17,0,164,,3660,4,0,16 17,0,295,,3661,4,0,8 9,0,435,,3663,4,0,8 9,0,170,,3662,4,0,8 9,0
7000,'5475',552,,4169,3,,,0
7000,'5501',552,,4181,3,,,0
7000,'5505',552,,4173,3,,,0
7000,'5506',552,,4177,3,,,0
