100,'5414',834,,3820,12,,,0,100,,3822,20,,,0,100,,3826,20,,,0,100,,3830,20,,,0,100,,3823,20,,,0,100,,3821,20,,,0,100,,3827,20,,,0,100,,3825,20,,,0,100,,3824,20,,,0,100,,3829,20,,,0
100,'5475',634,,3831,20,,,0,100,,3832,20,,,0,100,,3833,12,,,0,100,,3834,20,,,0,100,,3835,20,,,0,100,,3836,20,,,0,100,,3837,20,,,0,100,,3838,20,,,0,100,,3839,20,,,0,100,,3840,20,,,0,100,,3841,20,,,0,100,,3842,20,,,0
100,'5505',634,,3844,20,,,0,100,,3845,20,,,0,100,,3846,12,,,0,100,,3847,20,,,0,100,,3848,20,,,0,100,,3849,20,,,0,100,,3850,20,,,0,100,,3851,20,,,0,100,,3852,20,,,0,100,,3853,20,,,0,100,,3854,20,,,0,100,,3855,20,,,0
100,'5506',634,,3857,20,,,0,100,,3858,20,,,0,100,,3859,12,,,0,100,,3860,20,,,0,100,,3861,20,,,0,100,,3862,20,,,0,100,,3863,20,,,0,100,,3864,20,,,0,100,,3865,20,,,0,100,,3866,20,,,0,100,,3867,20,,,0,100,,3868,20,,,0
100,'5508',634,,3870,20,,,0,100,,3871,20,,,0,100,,3872,12,,,0,100,,3873,20,,,0,100,,3874,20,,,0,100,,3875,20,,,0,100,,3876,20,,,0,100,,3877,20,,,0,100,,3878,20,,,0,100,,3879,20,,,0,100,,3880,20,,,0,100,,3881,20,,,0
100,'5625',634,,3883,20,,,0,100,,3884,20,,,0,100,,3885,12,,,0,100,,3886,20,,,0,100,,3887,20,,,0,100,,3888,20,,,0,100,,3889,20,,,0,100,,3890,20,,,0,100,,3891,20,,,0,100,,3892,20,,,0,100,,3893,20,,,0,100,,3894,20,,,0
300,'5414',904,,2899,14,,,0,100,,2900,14,,,0,100,,2897,14,,,0,100,,2901,14,,,0,100,,2902,14,,,0,100,,2903,14,,,0,100,,2904,14,,,0,100,,2905,14,,,0,100,,2906,14,,,0,100,,2907,14,,,0
300,'5475',704,,2871,14,,,0,200,,2873,14,,,0,100,,2874,14,,,0,100,,2876,14,,,0,100,,2875,14,,,0,100,,2877,14,,,0,100,,2878,14,,,0,100,,2879,14,,,0,100,,2880,14,,,0,100,,2881,14,,,0,100,,2882,14,0,7 6,0
300,'5501',704,,2884,14,,,0,200,,2886,14,,,0,100,,2887,14,,,0,100,,2889,14,,,0,100,,2888,14,,,0,100,,2890,14,,,0,100,,2891,14,,,0,100,,2892,14,,,0,100,,2893,14,,,0,100,,2894,14,,,0,100,,2895,14,0,7 6,0
300,'5505',704,,2908,14,,,0,200,,2910,14,,,0,100,,2911,14,,,0,100,,2913,14,,,0,100,,2912,14,,,0,100,,2914,14,,,0,100,,2915,14,,,0,100,,2916,14,,,0,100,,2917,14,,,0,100,,2918,14,,,0,100,,2919,14,0,7 6,0
300,'5506',704,,2921,14,,,0,200,,2923,14,,,0,100,,2924,14,,,0,100,,2926,14,,,0,100,,2925,14,,,0,100,,2927,14,,,0,100,,2928,14,,,0,100,,2929,14,,,0,100,,2930,14,,,0,100,,2931,14,,,0,100,,2932,14,0,7 6,0
300,'5508',704,,2934,14,,,0,200,,2936,14,,,0,100,,2937,14,,,0,100,,2939,14,,,0,100,,2938,14,,,0,100,,2940,14,,,0,100,,2941,14,,,0,100,,2942,14,,,0,100,,2943,14,,,0,100,,2944,14,,,0,100,,2945,14,0,7 6,0
1600,'5504',905,,3605,10,0,16 18,0,100,,3608,16,,,0,100,,3607,16,,,0,100,,3606,16,,,0,100,,3609,16,,,0,100,,3610,16,,,0,100,,3611,16,,,0,100,,3612,16,,,0,100,,3613,16,,,0
3000,'5414',909,,3694,8,,,0,210,,3695,8,,,0,185,,3697,8,,,0,255,,3696,8,,,0,171,,3698,8,,,0
3000,'5475',809,,3685,8,,,0,310,,3684,8,,,0,185,,3688,8,,,0,255,,3686,8,,,0,171,,3687,8,,,0
3000,'5501',809,,3690,8,,,0,310,,3689,8,,,0,185,,3693,8,,,0,255,,3691,8,,,0,171,,3692,8,,,0
3000,'5505',809,,3700,8,,,0,310,,3699,8,,,0,185,,3703,8,,,0,255,,3701,8,,,0,171,,3702,8,,,0
3000,'5506',809,,3705,8,,,0,310,,3704,8,,,0,185,,3708,8,,,0,255,,3706,8,,,0,171,,3707,8,,,0
3000,'5508',809,,3710,8,,,0,310,,3709,8,,,0,185,,3713,8,,,0,255,,3711,8,,,0,171,,3712,8,,,0
4000,'5475',828,,3745,18,4,,0,516,,3744,18,4,,0
4000,'5501',828,,3747,18,4,,0,516,,3746,18,4,,0
4000,'5505',828,,3749,18,4,,0,516,,3748,18,4,,0
4000,'5506',828,,3752,18,4,,0,516,,3751,18,4,,0
