1,100,'4528',2169,2170,2171,2172,2173,2174,2175,2176,2177,2178,2179,2180,2181
1,100,'5325',2182,2183,2184,2185,2186,2187,2188,2189,2190,2191,2192
1,101,'4528',2193,2194,2195,2196,2197,2198,2199,2200,2201,2202,2203,2204,2205
1,101,'5325',2206,2207,2208,2209,2210,2211,2212,2213,2214,2215,2216
2,200,'4528',2217,2218,2219,2220,2221,2222,2223,2224,2225,2226,2227,2228
2,200,'5325',2229,2230,2231,2232,2233,2234,2235,2236,2237,2238
2,201,'4528',2239,2240,2241,2242,2243,2244,2245,2246,2247,2248,2249,2250,2251
2,201,'5325',2252,2253,2254,2255,2256,2257,2258,2259,2260,2261,2262
3,300,'4528',2263,2264,2265,2266,2267,2268,2269,2270,2271,2272,2273,2274,2275
3,300,'5325',2276,2277,2278,2279,2280,2281,2282,2283,2284,2285,2286
3,301,'4528',2287,2288,2289,2290,2291,2292,2293,2294,2295,2296,2297,2298,2299
3,301,'5325',2300,2301,2302,2303,2304,2305,2306,2307,2308,2309,2310
4,400,'4528',2311,2312,2313,2314,2315,2316,2317,2318,2319,2320,2321,2322,2323
4,400,'5325',2324,2325,2326,2327,2328,2329,2330,2331,2332,2333,2334,2335
4,401,'4528',2336,2337,2338,2339,2340,2341,2342,2343,2344,2345,2346,2347,2348
4,401,'5325',2349,2350,2351,2352,2353,2354,2355,2356,2357,2358,2359
5,500,'4528',2360,2361,2362,2363,2364,2365,2366,2367,2368,2369,2370,2371,2372,2373,2374,2375,2376,2377,2378,2379,2380,2381,2382,2383
5,500,'5210',2384,2385,2386,2387
5,500,'5325',2388,2389,2390,2391,2392,2393,2394,2395,2396,2397,2398,2399,2400,2401,2402,2403,2404,2405,2406,2407
5,501,'4528',2408,2409,2410,2411,2412,2413,2414,2415,2416,2417,2418,2419,2420,2421,2422,2423,2424,2425,2426,2427,2428,2429,2430,2431
5,501,'5210',2432,2433,2434,2435
5,501,'5325',2436,2437,2438,2439,2440,2441,2442,2443,2444,2445,2446,2447,2448,2449,2450,2451,2452,2453,2454,2455
10,1000,'4528',2456,2457,2458,2459,2460
10,1000,'5325',2461,2462,2463
10,1001,'4528',2464,2465,2466,2467,2468
10,1001,'5325',2469,2470,2471
11,1100,'4528',2472,2473,2474
11,1101,'4528',2475,2476,2477
15,1500,'4528',2478,2479,2480,2481,2482,2483,2484,2485
15,1500,'5325',2486,2487,2488,2489,2490,2491,2492
15,1501,'4528',2493,2494,2495,2496
15,1501,'5325',2497,2498,2499,2500
16,1600,'5210',2501,2502,2503,2504,2505,2506,2507,2508,2509,2510,2511
16,1601,'5210',2512,2513,2514,2515,2516,2517,2518,2519,2520,2521
20,2000,'4528',2522,2523,2524,2525,2526
20,2001,'4528',2527,2528,2529,2530,2531
21,2100,'4528',2532,2533,2534,2535,2536
30,3000,'4528',2537,2538,2539,2540,2541
30,3000,'5325',2542,2543,2544,2545,2546
30,3001,'4528',2547,2548,2549,2550,2551
30,3001,'5325',2552,2553,2554,2555,2556
40,4000,'4528',2557,2558
40,4001,'4528',2559,2560
41,4100,'4528',2561,2562
50,5000,'5249',2563
50,5001,'5249',2564
70,7000,'4528',2565,2566,2567,2568
70,7001,'4528',2569,2570,2571,2572
