200,'4528',631,,2217,4,,,0,100,,2218,4,,,0,100,,2219,4,,,0,100,,2220,4,,,0,100,,2221,4,,,0,100,,2222,4,,,0,100,,2223,4,,,0,100,,2224,4,,,0,100,,2225,4,,,0,100,,2226,4,,,0,100,,2227,4,,,0,100,,2228,4,,,0
200,'5325',831,,2229,4,,,0,100,,2230,4,,,0,100,,2231,4,,,0,100,,2232,4,,,0,100,,2233,4,,,0,100,,2234,4,,,0,100,,2235,4,,,0,100,,2236,4,,,0,100,,2237,4,,,0,100,,2238,4,,,0
400,'4528',701,,2311,4,,,0,100,,2316,4,,,0,100,,2318,4,,,0,100,,2319,4,,,0,100,,2320,4,,,0,100,,2321,4,,,0,100,,2322,4,,,0,100,,2323,4,,,0,100,,2317,4,,,0,100,,2314,4,,,0,100,,2315,4,,,0,100,,2313,4,0,7 6,0
400,'5325',801,,2327,4,,,0,100,,2330,4,,,0,100,,2324,4,,,0,100,,2325,4,,,0,100,,2328,4,,,0,100,,2329,4,,,0,100,,2326,4,,,0,100,,2331,4,,,0,100,,2332,4,,,0,100,,2333,4,,,0,100,,2334,4,0,7 6,0
1000,'4528',642,,2456,4,,,0,162,,2457,4,,,0,123,,2460,4,,,0,305,,2458,4,,,0,407,,2459,4,,,0
1000,'5325',804,,2461,4,,,0,428,,2462,4,,,0,407,,2463,4,,,0
1101,'4528',1234,,2477,4,,,0,572,,2475,4,,,0
1500,'4528',2003,,2481,9,,,0,124,,2482,9,,,0,85,,2484,9,,,0
1500,'5325',2003,,2487,9,,,0,124,,2490,9,,,0,85,,2489,9,,,0
7000,'4528',604,,2565,20,,,0,305,,2566,3,,,0,324,,2567,3,,,0,300,,2568,3,,,0
