101,'5326',612,,1304,1,,,0,100,,1305,24,,,0,98,,1306,24,,,0,102,,1307,24,,,0,100,,1308,24,,,0,100,,1310,24,,,0,100,,1309,24,,,0,100,,1312,24,,,0,100,,1311,24,,,0,100,,1313,24,,,0,100,,1314,24,,,0,100,,1315,24,,,0,100,,1316,24,,,0
101,'5328',810,,1327,1,,,0,102,,1321,24,,,0,100,,1323,24,,,0,100,,1317,24,,,0,100,,1319,24,,,0,100,,1322,24,,,0,100,,1320,24,,,0,100,,1324,24,,,0,100,,1318,24,,,0,100,,1325,24,,,0,100,,1326,24,,,0
200,'5326',630,,1362,1,,,0,100,,1363,1,,,0,100,,1364,1,,,0,100,,1365,1,,,0,100,,1366,1,,,0,100,,1367,1,,,0,100,,1368,1,,,0,100,,1369,1,,,0,100,,1370,1,,,0,100,,1371,1,,,0,100,,1372,1,,,0,100,,1373,1,,,0
200,'5328',830,,1374,1,,,0,100,,1375,1,,,0,100,,1376,1,,,0,100,,1377,1,,,0,100,,1378,1,,,0,100,,1379,1,,,0,100,,1380,1,,,0,100,,1381,1,,,0,100,,1382,1,,,0,100,,1383,1,,,0
201,'5326',730,,1421,36,4,,0,100,,1422,36,4,,0,100,,1423,36,4,,0,100,,1424,36,4,,0,100,,1425,36,4,,0,100,,1426,36,4,,0,100,,1427,36,4,,0,100,,1428,36,4,,0,100,,1429,36,4,,0,100,,1430,36,4,,0,100,,1431,36,4,,0,100,,1433,18,4,,0
201,'5328',830,,1434,36,4,,0,100,,1435,36,4,,0,100,,1437,36,4,,0,100,,1436,36,4,,0,100,,1438,36,4,,0,100,,1439,36,4,,0,100,,1440,36,4,,0,100,,1441,36,4,,0,100,,1442,36,4,,0,100,,1443,36,4,,0,100,,1444,36,4,,0
301,'5326',642,,1542,16,,,0,100,,1543,26,,,0,100,,1544,19,,,0,100,,1545,26,,,0,100,,1546,26,,,0,100,,1547,26,,,0,100,,1548,26,,,0,100,,1549,26,,,0,100,,1550,26,,,0,100,,1551,26,,,0,100,,1552,26,,,0,100,,1553,26,,,0
301,'5328',842,,1557,19,,,0,100,,1555,26,,,0,100,,1558,26,,,0,100,,1556,26,,,0,100,,1559,26,,,0,100,,1560,26,,,0,100,,1561,26,,,0,100,,1562,26,,,0,100,,1563,26,,,0,100,,1565,26,,,0
400,'5326',700,,1604,1,,,0,100,,1609,1,,,0,100,,1611,1,,,0,100,,1612,1,,,0,100,,1613,1,,,0,100,,1614,1,,,0,100,,1615,1,,,0,100,,1616,1,,,0,100,,1610,1,,,0,100,,1607,1,,,0,100,,1608,1,,,0,100,,1606,1,0,7 6,0
400,'5328',800,,1620,1,,,0,100,,1623,1,,,0,100,,1617,1,,,0,100,,1618,1,,,0,100,,1621,1,,,0,100,,1622,1,,,0,100,,1619,1,,,0,100,,1624,1,,,0,100,,1625,1,,,0,100,,1626,1,,,0,100,,1627,1,0,7 6,0
401,'5326',700,,1672,16,4,,0,100,,1673,29,4,,0,100,,1674,29,4,,0,100,,1675,29,4,,0,100,,1676,29,4,,0,100,,1677,29,4,,0,100,,1678,29,4,,0,100,,1670,29,4,,0,100,,1671,29,4,,0,100,,1669,29,4,,0,100,,1668,29,4,,0,100,,1667,29,4,,0
401,'5328',900,,1679,29,4,,0,100,,1681,29,4,,0,100,,1683,29,4,,0,100,,1680,29,4,,0,100,,1684,29,4,,0,100,,1682,29,4,,0,100,,1685,29,4,,0,100,,1686,29,4,,0,100,,1687,29,4,,0,100,,1688,29,4,,0
1100,'5326',1007,,1979,17,4,,0,308,,1980,17,4,,0,528,,1981,11,4,,0
1101,'5326',930,,1986,1,,,0,302,,1987,1,,,0,573,,1985,1,,,0
1500,'5326',1905,,2012,1,0,13,0,124,,2013,27,0,13,0,123,,2016,27,0,13,0,85,,2018,27,0,13,0
1500,'5328',1905,,2019,27,0,13,0,124,,2021,27,0,13,0,123,,2024,27,0,13,0,85,,2025,27,0,13,0
1501,'5326',1952,,2039,18,,,0,164,,2041,18,,,0
1501,'5328',1952,,2042,18,,,0,164,,2045,18,,,0
2000,'5326',754,,2072,23,4,,0,170,,2073,23,4,,0,300,,2074,23,4,,0,428,,2076,15,4,,0,170,,2075,15,4,,0
2001,'5326',641,,2082,1,0,16 17,0,164,,2083,1,0,16 17,0,295,,2084,1,0,8 9,0,435,,2086,1,0,8 9,0,170,,2085,1,0,8 9,0
4001,'5326',1001,,2143,16,,,0,604,,2144,16,,,0
5001,'5327',1240,,2152,3,,,0
