100,'5414',831,,3820,7,,,0,100,,3822,15,,,0,100,,3826,15,,,0,100,,3830,15,,,0,100,,3823,15,,,0,100,,3821,15,,,0,100,,3827,15,,,0,100,,3825,15,,,0,100,,3824,15,,,0,100,,3829,15,,,0,97,,3828,15,0,5 6,0
100,'5475',631,,3831,15,,,0,100,,3832,15,,,0,100,,3833,7,,,0,100,,3834,15,,,0,100,,3835,15,,,0,100,,3836,15,,,0,100,,3837,15,,,0,100,,3838,15,,,0,100,,3839,15,,,0,100,,3840,15,,,0,100,,3841,15,,,0,100,,3842,15,,,0,97,,3843,15,0,5 6,0
100,'5505',631,,3844,15,,,0,100,,3845,15,,,0,100,,3846,7,,,0,100,,3847,15,,,0,100,,3848,15,,,0,100,,3849,15,,,0,100,,3850,15,,,0,100,,3851,15,,,0,100,,3852,15,,,0,100,,3853,15,,,0,100,,3854,15,,,0,100,,3855,15,,,0,97,,3856,15,0,5 6,0
100,'5506',631,,3857,15,,,0,100,,3858,15,,,0,100,,3859,7,,,0,100,,3860,15,,,0,100,,3861,15,,,0,100,,3862,15,,,0,100,,3863,15,,,0,100,,3864,15,,,0,100,,3865,15,,,0,100,,3866,15,,,0,100,,3867,15,,,0,100,,3868,15,,,0,97,,3869,15,0,5 6,0
100,'5508',631,,3870,15,,,0,100,,3871,15,,,0,100,,3872,7,,,0,100,,3873,15,,,0,100,,3874,15,,,0,100,,3875,15,,,0,100,,3876,15,,,0,100,,3877,15,,,0,100,,3878,15,,,0,100,,3879,15,,,0,100,,3880,15,,,0,100,,3881,15,,,0,97,,3882,15,0,5 6,0
100,'5625',631,,3883,15,,,0,100,,3884,15,,,0,100,,3885,7,,,0,100,,3886,15,,,0,100,,3887,15,,,0,100,,3888,15,,,0,100,,3889,15,,,0,100,,3890,15,,,0,100,,3891,15,,,0,100,,3892,15,,,0,100,,3893,15,,,0,100,,3894,15,,,0,97,,3895,15,0,5 6,0
101,'5414',811,,3906,4,,,0
101,'5475',811,,3909,27,,,0
101,'5505',811,,3922,27,,,0
101,'5506',811,,3935,27,,,0
101,'5508',811,,3948,27,,,0
101,'5625',811,,3961,27,,,0
300,'5414',801,,2898,3,0,11 12,0,100,,2899,9,,,0,100,,2900,9,,,0,100,,2897,9,,,0,100,,2901,9,,,0,100,,2902,9,,,0,100,,2903,9,,,0,100,,2904,9,,,0,100,,2905,9,,,0,100,,2906,9,,,0,100,,2907,9,,,0
300,'5475',701,,2871,9,,,0,100,,2872,9,0,11 12,0,100,,2873,9,,,0,100,,2874,9,,,0,100,,2876,9,,,0,100,,2875,9,,,0,100,,2877,9,,,0,100,,2878,9,,,0,100,,2879,9,,,0,100,,2880,9,,,0,100,,2881,9,,,0,100,,2882,9,0,7 6,0
300,'5501',701,,2884,9,,,0,100,,2885,9,0,11 12,0,100,,2886,9,,,0,100,,2887,9,,,0,100,,2889,9,,,0,100,,2888,9,,,0,100,,2890,9,,,0,100,,2891,9,,,0,100,,2892,9,,,0,100,,2893,9,,,0,100,,2894,9,,,0,100,,2895,9,0,7 6,0
300,'5505',701,,2908,9,,,0,100,,2909,9,0,11 12,0,100,,2910,9,,,0,100,,2911,9,,,0,100,,2913,9,,,0,100,,2912,9,,,0,100,,2914,9,,,0,100,,2915,9,,,0,100,,2916,9,,,0,100,,2917,9,,,0,100,,2918,9,,,0,100,,2919,9,0,7 6,0
300,'5506',701,,2921,9,,,0,100,,2922,9,0,11 12,0,100,,2923,9,,,0,100,,2924,9,,,0,100,,2926,9,,,0,100,,2925,9,,,0,100,,2927,9,,,0,100,,2928,9,,,0,100,,2929,9,,,0,100,,2930,9,,,0,100,,2931,9,,,0,100,,2932,9,0,7 6,0
300,'5508',701,,2934,9,,,0,100,,2935,9,0,11 12,0,100,,2936,9,,,0,100,,2937,9,,,0,100,,2939,9,,,0,100,,2938,9,,,0,100,,2940,9,,,0,100,,2941,9,,,0,100,,2942,9,,,0,100,,2943,9,,,0,100,,2944,9,,,0,100,,2945,9,0,7 6,0
3000,'5414',906,,3694,3,,,0,210,,3695,3,,,0,185,,3697,3,,,0,255,,3696,3,,,0,171,,3698,3,,,0
3000,'5475',806,,3685,3,,,0,310,,3684,3,,,0,185,,3688,3,,,0,255,,3686,3,,,0,171,,3687,3,,,0
3000,'5501',806,,3690,3,,,0,310,,3689,3,,,0,185,,3693,3,,,0,255,,3691,3,,,0,171,,3692,3,,,0
3000,'5505',806,,3700,3,,,0,310,,3699,3,,,0,185,,3703,3,,,0,255,,3701,3,,,0,171,,3702,3,,,0
3000,'5506',806,,3705,3,,,0,310,,3704,3,,,0,185,,3708,3,,,0,255,,3706,3,,,0,171,,3707,3,,,0
3000,'5508',806,,3710,3,,,0,310,,3709,3,,,0,185,,3713,3,,,0,255,,3711,3,,,0,171,,3712,3,,,0
4000,'5475',826,,3745,14,4,,0,516,,3744,14,4,,0
4000,'5501',826,,3747,14,4,,0,516,,3746,14,4,,0
4000,'5505',826,,3749,14,4,,0,516,,3748,14,4,,0
4000,'5506',826,,3752,14,4,,0,516,,3751,14,4,,0
