100,'5414',832,,4037,10,,,0,100,,4039,18,,,0,100,,4043,18,,,0,100,,4047,18,,,0,100,,4040,18,,,0,100,,4038,18,,,0,100,,4044,18,,,0,100,,4042,18,,,0,100,,4041,18,,,0,100,,4046,18,,,0,97,,4045,18,0,5 6,0
100,'5475',632,,3972,18,,,0,100,,3973,18,,,0,100,,3974,10,,,0,100,,3975,18,,,0,100,,3976,18,,,0,100,,3977,18,,,0,100,,3978,18,,,0,100,,3979,18,,,0,100,,3980,18,,,0,100,,3981,18,,,0,100,,3982,18,,,0,100,,3983,18,,,0,97,,3984,18,0,5 6,0
100,'5501',632,,4024,18,,,0,100,,4025,18,,,0,100,,4026,10,,,0,100,,4027,18,,,0,100,,4028,18,,,0,100,,4029,18,,,0,100,,4030,18,,,0,100,,4031,18,,,0,100,,4032,18,,,0,100,,4033,18,,,0,100,,4034,18,,,0,100,,4035,18,,,0,97,,4036,18,0,5 6,0
100,'5505',632,,3985,18,,,0,100,,3986,18,,,0,100,,3987,10,,,0,100,,3988,18,,,0,100,,3989,18,,,0,100,,3990,18,,,0,100,,3991,18,,,0,100,,3992,18,,,0,100,,3993,18,,,0,100,,3994,18,,,0,100,,3995,18,,,0,100,,3996,18,,,0,97,,3997,18,0,5 6,0
100,'5506',632,,3998,18,,,0,100,,3999,18,,,0,100,,4000,10,,,0,100,,4001,18,,,0,100,,4002,18,,,0,100,,4003,18,,,0,100,,4004,18,,,0,100,,4005,18,,,0,100,,4006,18,,,0,100,,4007,18,,,0,100,,4008,18,,,0,100,,4009,18,,,0,97,,4010,18,0,5 6,0
100,'5508',632,,4011,18,,,0,100,,4012,18,,,0,100,,4013,10,,,0,100,,4014,18,,,0,100,,4015,18,,,0,100,,4016,18,,,0,100,,4017,18,,,0,100,,4018,18,,,0,100,,4019,18,,,0,100,,4020,18,,,0,100,,4021,18,,,0,100,,4022,18,,,0,97,,4023,18,0,5 6,0
300,'5414',802,,2898,6,0,11 12,0,100,,2899,12,,,0,100,,2900,12,,,0,100,,2897,12,,,0,100,,2901,12,,,0,100,,2902,12,,,0,100,,2903,12,,,0,100,,2904,12,,,0,100,,2905,12,,,0,100,,2906,12,,,0,100,,2907,12,,,0
300,'5475',702,,2871,12,,,0,100,,2872,12,0,11 12,0,100,,2873,12,,,0,100,,2874,12,,,0,100,,2876,12,,,0,100,,2875,12,,,0,100,,2877,12,,,0,100,,2878,12,,,0,100,,2879,12,,,0,100,,2880,12,,,0,100,,2881,12,,,0,100,,2882,12,0,7 6,0
300,'5501',702,,2884,12,,,0,100,,2885,12,0,11 12,0,100,,2886,12,,,0,100,,2887,12,,,0,100,,2889,12,,,0,100,,2888,12,,,0,100,,2890,12,,,0,100,,2891,12,,,0,100,,2892,12,,,0,100,,2893,12,,,0,100,,2894,12,,,0,100,,2895,12,0,7 6,0
300,'5505',702,,2908,12,,,0,100,,2909,12,0,11 12,0,100,,2910,12,,,0,100,,2911,12,,,0,100,,2913,12,,,0,100,,2912,12,,,0,100,,2914,12,,,0,100,,2915,12,,,0,100,,2916,12,,,0,100,,2917,12,,,0,100,,2918,12,,,0,100,,2919,12,0,7 6,0
300,'5506',702,,2921,12,,,0,100,,2922,12,0,11 12,0,100,,2923,12,,,0,100,,2924,12,,,0,100,,2926,12,,,0,100,,2925,12,,,0,100,,2927,12,,,0,100,,2928,12,,,0,100,,2929,12,,,0,100,,2930,12,,,0,100,,2931,12,,,0,100,,2932,12,0,7 6,0
300,'5508',702,,2934,12,,,0,100,,2935,12,0,11 12,0,100,,2936,12,,,0,100,,2937,12,,,0,100,,2939,12,,,0,100,,2938,12,,,0,100,,2940,12,,,0,100,,2941,12,,,0,100,,2942,12,,,0,100,,2943,12,,,0,100,,2944,12,,,0,100,,2945,12,0,7 6,0
3000,'5414',908,,3694,6,,,0,210,,3695,6,,,0,185,,3697,6,,,0,255,,3696,6,,,0,171,,3698,6,,,0
3000,'5475',808,,3685,6,,,0,310,,3684,6,,,0,185,,3688,6,,,0,255,,3686,6,,,0,171,,3687,6,,,0
3000,'5501',808,,3690,6,,,0,310,,3689,6,,,0,185,,3693,6,,,0,255,,3691,6,,,0,171,,3692,6,,,0
3000,'5505',808,,3700,6,,,0,310,,3699,6,,,0,185,,3703,6,,,0,255,,3701,6,,,0,171,,3702,6,,,0
3000,'5506',808,,3705,6,,,0,310,,3704,6,,,0,185,,3708,6,,,0,255,,3706,6,,,0,171,,3707,6,,,0
3000,'5508',808,,3710,6,,,0,310,,3709,6,,,0,185,,3713,6,,,0,255,,3711,6,,,0,171,,3712,6,,,0
4000,'5475',827,,4144,16,,,0,516,,4143,16,,,0
4000,'5501',827,,4151,16,,,0,516,,4150,16,,,0
4000,'5505',827,,4146,16,,,0,516,,4145,16,,,0
4000,'5506',827,,4149,16,,,0,516,,4148,16,,,0
