100,'5475',645,,2573,32,,,0,100,,2574,32,,,0,100,,2575,24,,,0,100,,2576,32,,,0,100,,2577,32,,,0,100,,2578,32,,,0,100,,2579,32,,,0,100,,2580,32,,,0,100,,2581,32,,,0,100,,2582,32,,,0,100,,2583,32,,,0,100,,2584,32,,,0
100,'5501',645,,2586,32,,,0,100,,2587,32,,,0,100,,2588,24,,,0,100,,2589,32,,,0,100,,2590,32,,,0,100,,2591,32,,,0,100,,2592,32,,,0,100,,2593,32,,,0,100,,2594,32,,,0,100,,2595,32,,,0,100,,2596,32,,,0,100,,2597,32,,,0
100,'5503',845,,2599,24,,,0,100,,2601,32,,,0,100,,2605,32,,,0,100,,2609,32,,,0,100,,2602,32,,,0,100,,2600,32,,,0,100,,2606,32,,,0,100,,2604,32,,,0,100,,2603,32,,,0,100,,2608,32,,,0
100,'5505',645,,2610,32,,,0,100,,2611,32,,,0,100,,2612,24,,,0,100,,2613,32,,,0,100,,2614,32,,,0,100,,2615,32,,,0,100,,2616,32,,,0,100,,2617,32,,,0,100,,2618,32,,,0,100,,2619,32,,,0,100,,2620,32,,,0,100,,2621,32,,,0
100,'5506',645,,2623,32,,,0,100,,2624,32,,,0,100,,2625,24,,,0,100,,2626,32,,,0,100,,2627,32,,,0,100,,2628,32,,,0,100,,2629,32,,,0,100,,2630,32,,,0,100,,2631,32,,,0,100,,2632,32,,,0,100,,2633,32,,,0,100,,2634,32,,,0
100,'5508',645,,2636,32,,,0,100,,2637,32,,,0,100,,2638,24,,,0,100,,2639,32,,,0,100,,2640,32,,,0,100,,2641,32,,,0,100,,2642,32,,,0,100,,2643,32,,,0,100,,2644,32,,,0,100,,2645,32,,,0,100,,2646,32,,,0,100,,2647,32,,,0
201,'5475',714,,2795,22,,,0,100,,2796,22,,,0,100,,2797,22,,,0,100,,2798,22,,,0,100,,2799,22,,,0,100,,2800,22,,,0,100,,2801,22,,,0,100,,2802,22,,,0,100,,2803,22,,,0,100,,2804,22,,,0,100,,2805,22,,,0,100,,2807,4,,,0
201,'5501',714,,2808,22,,,0,100,,2809,22,,,0,100,,2810,22,,,0,100,,2811,22,,,0,100,,2812,22,,,0,100,,2813,22,,,0,100,,2814,22,,,0,100,,2815,22,,,0,100,,2816,22,,,0,100,,2817,22,,,0,100,,2818,22,,,0,100,,2820,4,,,0
201,'5503',814,,2821,22,,,0,100,,2822,22,,,0,100,,2823,22,,,0,100,,2824,22,,,0,100,,2825,22,,,0,100,,2826,22,,,0,100,,2827,22,,,0,100,,2828,22,,,0,100,,2829,22,,,0,100,,2830,22,,,0,100,,2831,22,,,0
201,'5505',714,,2832,22,,,0,100,,2833,22,,,0,100,,2834,22,,,0,100,,2835,22,,,0,100,,2836,22,,,0,100,,2837,22,,,0,100,,2838,22,,,0,100,,2839,22,,,0,100,,2840,22,,,0,100,,2841,22,,,0,100,,2842,22,,,0,100,,2844,4,,,0
201,'5506',714,,2845,22,,,0,100,,2846,22,,,0,100,,2847,22,,,0,100,,2848,22,,,0,100,,2849,22,,,0,100,,2850,22,,,0,100,,2851,22,,,0,100,,2852,22,,,0,100,,2853,22,,,0,100,,2854,22,,,0,100,,2855,22,,,0,100,,2857,4,,,0
201,'5508',714,,2858,22,,,0,100,,2859,22,,,0,100,,2860,22,,,0,100,,2861,22,,,0,100,,2862,22,,,0,100,,2863,22,,,0,100,,2864,22,,,0,100,,2865,22,,,0,100,,2866,22,,,0,100,,2867,22,,,0,100,,2868,22,,,0,100,,2870,4,,,0
1101,'5475',1241,,3516,10,,,0,572,,3514,10,,,0
1101,'5501',1241,,3519,10,,,0,572,,3517,10,,,0
1101,'5505',1241,,3522,10,,,0,572,,3520,10,,,0
1101,'5506',1241,,3525,10,,,0,572,,3523,10,,,0
1501,'5475',1941,,3578,4,,,0,164,,3580,4,,,0,348,,3583,4,,,0,164,,3581,4,0,14 15,0
1501,'5501',1941,,3586,4,,,0,164,,3588,4,,,0
1501,'5503',1941,,3589,4,,,0,164,,3592,4,,,0
1501,'5505',1941,,3594,4,,,0,164,,3596,4,,,0
1501,'5506',1941,,3598,4,,,0,164,,3600,4,,,0
1501,'5508',1941,,3602,4,,,0,164,,3604,4,,,0
1600,'5210',912,,2501,22,,,0,100,,2504,28,,,0,100,,2503,28,,,0,100,,2502,28,,,0,100,,2505,28,,,0,100,,2506,28,,,0,100,,2507,28,,,0,100,,2508,28,,,0,100,,2509,28,,,0,100,,2511,28,,,0
1600,'5504',912,,3605,22,,,0,100,,3608,28,,,0,100,,3607,28,,,0,100,,3606,28,,,0,100,,3609,28,,,0,100,,3610,28,,,0,100,,3611,28,,,0,100,,3612,28,,,0,100,,3613,28,,,0
4001,'5475',945,,3753,4,,,0,604,,3754,4,,,0
4001,'5501',945,,3755,4,,,0,604,,3756,4,,,0
4001,'5505',945,,3757,4,,,0,604,,3758,4,,,0
4001,'5506',945,,3760,4,,,0,604,,3761,4,,,0
7000,'5475',614,,3776,35,,,0,305,,3777,18,,,0,324,,3778,18,,,0,300,,3779,18,,,0
7000,'5501',614,,3780,35,,,0,305,,3781,18,,,0,324,,3782,18,,,0,300,,3783,18,,,0
7000,'5505',614,,3784,35,,,0,305,,3785,18,,,0,324,,3786,18,,,0,300,,3787,18,,,0
7000,'5506',614,,3788,35,,,0,305,,3789,18,,,0,324,,3790,18,,,0,300,,3791,18,,,0
