101,'5414',900,,4117,9,,,0,100,,4119,9,,,0,100,,4113,9,,,0,100,,4115,9,,,0,100,,4118,9,,,0,100,,4116,9,,,0,100,,4120,9,,,0,100,,4114,9,,,0,100,,4121,9,,,0,100,,4122,9,,,0
101,'5475',700,,4049,9,,,0,100,,4050,9,,,0,100,,4051,9,,,0,100,,4052,9,,,0,100,,4054,9,,,0,100,,4053,9,,,0,100,,4056,9,,,0,100,,4055,9,,,0,100,,4057,9,,,0,100,,4058,9,,,0,100,,4059,9,,,0,100,,4060,9,,,0
101,'5501',700,,4101,9,,,0,100,,4102,9,,,0,100,,4103,9,,,0,100,,4104,9,,,0,100,,4106,9,,,0,100,,4105,9,,,0,100,,4108,9,,,0,100,,4107,9,,,0,100,,4109,9,,,0,100,,4110,9,,,0,100,,4111,9,,,0,100,,4112,9,,,0
101,'5505',700,,4062,9,,,0,100,,4063,9,,,0,100,,4064,9,,,0,100,,4065,9,,,0,100,,4067,9,,,0,100,,4066,9,,,0,100,,4069,9,,,0,100,,4068,9,,,0,100,,4070,9,,,0,100,,4071,9,,,0,100,,4072,9,,,0,100,,4073,9,,,0
101,'5506',700,,4075,9,,,0,100,,4076,9,,,0,100,,4077,9,,,0,100,,4078,9,,,0,100,,4080,9,,,0,100,,4079,9,,,0,100,,4082,9,,,0,100,,4081,9,,,0,100,,4083,9,,,0,100,,4084,9,,,0,100,,4085,9,,,0,100,,4086,9,,,0
101,'5508',700,,4088,9,,,0,100,,4089,9,,,0,100,,4090,9,,,0,100,,4091,9,,,0,100,,4093,9,,,0,100,,4092,9,,,0,100,,4095,9,,,0,100,,4094,9,,,0,100,,4096,9,,,0,100,,4097,9,,,0,100,,4098,9,,,0,100,,4099,9,,,0
301,'5414',830,,2974,4,,,0,100,,2973,11,,,0,100,,2976,11,,,0,100,,2975,11,,,0,100,,2977,11,,,0,100,,2978,11,,,0,100,,2979,11,,,0,100,,2980,11,,,0,100,,2981,11,,,0,100,,2983,11,,,0
301,'5475',630,,2947,1,,,0,100,,2948,11,,,0,100,,2949,4,,,0,100,,2950,11,,,0,100,,2951,11,,,0,100,,2952,11,,,0,100,,2953,11,,,0,100,,2954,11,,,0,100,,2955,11,,,0,100,,2956,11,,,0,100,,2957,11,,,0,100,,2958,11,,,0
301,'5501',630,,2960,1,,,0,100,,2961,11,,,0,100,,2962,4,,,0,100,,2963,11,,,0,100,,2964,11,,,0,100,,2965,11,,,0,100,,2966,11,,,0,100,,2967,11,,,0,100,,2968,11,,,0,100,,2969,11,,,0,100,,2970,11,,,0,100,,2971,11,,,0
301,'5505',630,,2984,1,,,0,100,,2985,11,,,0,100,,2986,4,,,0,100,,2987,11,,,0,100,,2988,11,,,0,100,,2989,11,,,0,100,,2990,11,,,0,100,,2991,11,,,0,100,,2992,11,,,0,100,,2993,11,,,0,100,,2994,11,,,0,100,,2995,11,,,0
301,'5506',630,,2997,1,,,0,100,,2998,11,,,0,100,,2999,4,,,0,100,,3000,11,,,0,100,,3001,11,,,0,100,,3002,11,,,0,100,,3003,11,,,0,100,,3004,11,,,0,100,,3005,11,,,0,100,,3006,11,,,0,100,,3007,11,,,0,100,,3008,11,,,0
301,'5508',630,,3010,1,,,0,100,,3011,11,,,0,100,,3012,4,,,0,100,,3013,11,,,0,100,,3014,11,,,0,100,,3015,11,,,0,100,,3016,11,,,0,100,,3017,11,,,0,100,,3018,11,,,0,100,,3019,11,,,0,100,,3020,11,,,0,100,,3021,11,,,0
1000,'5414',810,,3472,13,,,0,429,,3473,13,,,0,407,,3474,13,,,0
1000,'5475',648,,3464,13,,,0,162,,3465,13,,,0,429,,3466,13,,,0,407,,3467,13,,,0
1000,'5501',648,,3468,13,,,0,162,,3469,13,,,0,429,,3470,13,,,0,407,,3471,13,,,0
1000,'5505',648,,3475,13,,,0,162,,3476,13,,,0,429,,3477,13,,,0,407,,3478,13,,,0
1000,'5506',648,,3479,13,,,0,162,,3480,13,,,0,429,,3481,13,,,0,407,,3482,13,,,0
1500,'5414',1850,,3546,1,0,13,0,164,,3547,23,4,,0,124,,3549,23,4,,0,85,,3551,23,4,,0
1500,'5475',1850,,3526,1,0,14 15,0,164,,3528,23,4,,0,124,,3530,23,4,,0,85,,3532,23,4,,0,80,,3537,23,4,,0,99,,3536,1,0,13,0,124,,3535,23,4,,0
1500,'5501',1850,,3538,1,0,14 15,0,164,,3540,23,4,,0,124,,3542,23,4,,0,85,,3544,23,4,,0
1500,'5505',1850,,3553,1,0,14 15,0,164,,3555,23,4,,0,124,,3557,23,4,,0,85,,3559,23,4,,0
1500,'5506',1850,,3561,1,0,14 15,0,164,,3563,23,4,,0,124,,3565,23,4,,0,85,,3567,23,4,,0
1500,'5508',1850,,3569,1,0,14 15,0,164,,3571,23,4,,0,124,,3573,23,4,,0,85,,3575,23,4,,0
4000,'5475',845,,4144,30,4,,0,556,,4143,30,4,,0
4000,'5501',845,,4151,30,4,,0,556,,4150,30,4,,0
4000,'5505',845,,4146,30,4,,0,556,,4145,30,4,,0
4000,'5506',845,,4149,30,4,,0,556,,4148,30,4,,0
7001,'5475',845,,4185,14,0,14 15,0,296,,4186,12,0,14 15,0,365,,4187,14,0,14 15,0,305,,4188,12,,,0
7001,'5501',845,,4197,14,0,14 15,0,296,,4198,12,0,14 15,0,365,,4199,14,0,14 15,0,305,,4200,12,,,0
7001,'5505',845,,4189,14,0,14 15,0,296,,4190,12,0,14 15,0,365,,4191,14,0,14 15,0,305,,4192,12,,,0
7001,'5506',845,,4193,14,0,14 15,0,296,,4194,12,0,14 15,0,365,,4195,14,0,14 15,0,305,,4196,12,,,0
