300,'5475',814,,2872,28,0,11 12,0
300,'5501',814,,2885,28,0,11 12,0
300,'5503',814,,2898,22,0,11 12,0
300,'5505',814,,2909,28,0,11 12,0
300,'5506',814,,2922,28,0,11 12,0
300,'5508',814,,2935,28,0,11 12,0
401,'5475',731,,3107,4,,,0,100,,3108,4,,,0,100,,3109,4,,,0,100,,3110,4,,,0,100,,3111,4,,,0,100,,3112,4,,,0,100,,3104,4,,,0,100,,3105,4,,,0,100,,3102,4,,,0,100,,3101,4,,,0,100,,3103,4,,,0,110,,3100,4,0,7 6,0
401,'5501',731,,3120,4,,,0,100,,3121,4,,,0,100,,3122,4,,,0,100,,3123,4,,,0,100,,3124,4,,,0,100,,3125,4,,,0,100,,3117,4,,,0,100,,3118,4,,,0,100,,3115,4,,,0,100,,3114,4,,,0,100,,3116,4,,,0,110,,3113,4,0,7 6,0
401,'5503',831,,3126,4,,,0,100,,3128,4,,,0,100,,3129,4,,,0,100,,3127,4,,,0,100,,3131,4,,,0,100,,3130,4,,,0,100,,3132,4,,,0,100,,3133,4,,,0,100,,3134,4,,,0,100,,3135,4,,,0,110,,3136,4,0,7 6,0
401,'5505',731,,3144,4,,,0,100,,3145,4,,,0,100,,3146,4,,,0,100,,3147,4,,,0,100,,3148,4,,,0,100,,3149,4,,,0,100,,3141,4,,,0,100,,3142,4,,,0,100,,3139,4,,,0,100,,3138,4,,,0,100,,3140,4,,,0,110,,3137,4,0,7 6,0
401,'5506',731,,3157,4,,,0,100,,3158,4,,,0,100,,3159,4,,,0,100,,3160,4,,,0,100,,3161,4,,,0,100,,3162,4,,,0,100,,3154,4,,,0,100,,3155,4,,,0,100,,3152,4,,,0,100,,3151,4,,,0,100,,3153,4,,,0,110,,3150,4,0,7 6,0
401,'5508',731,,3170,4,,,0,100,,3171,4,,,0,100,,3172,4,,,0,100,,3173,4,,,0,100,,3174,4,,,0,100,,3175,4,,,0,100,,3167,4,,,0,100,,3168,4,,,0,100,,3165,4,,,0,100,,3164,4,,,0,100,,3166,4,,,0,110,,3163,4,0,7 6,0
500,'5501',811,,3222,29,0,11 12,0
500,'5505',811,,3270,29,0,11 12,0
501,'5501',1530,,3367,21,0,11 12,0
501,'5505',1530,,3415,21,0,11 12,0
1500,'5475',1900,,3526,18,0,14 15,0,124,,3529,18,0,13,0,123,,3531,18,0,13,0,85,,3533,18,0,13,0,180,,3536,18,0,13,0,124,,3534,18,0,13,0
1500,'5501',1900,,3538,18,0,14 15,0,124,,3541,18,0,13,0,123,,3543,18,0,13,0,85,,3545,18,0,13,0
1500,'5503',1900,,3546,18,0,13,0,124,,3548,18,0,13,0,123,,3550,18,0,13,0,85,,3552,18,0,13,0
1500,'5505',1900,,3553,18,0,14 15,0,124,,3556,18,0,13,0,123,,3558,18,0,13,0,85,,3560,18,0,13,0
1500,'5506',1900,,3561,18,0,14 15,0,124,,3564,18,0,13,0,123,,3566,18,0,13,0,85,,3568,18,0,13,0
1500,'5508',1900,,3569,18,0,14 15,0,124,,3572,18,0,13,0,123,,3574,18,0,13,0,85,,3576,18,0,13,0
1501,'5475',1934,,3577,30,0,7,0,124,,3579,30,0,7,0,388,,3584,30,0,7,0,164,,3582,30,0,7,0
1501,'5501',1934,,3585,30,0,7,0,124,,3587,30,0,7,0
1501,'5503',1934,,3590,30,0,7,0,124,,3591,30,0,7,0
1501,'5505',1934,,3593,30,0,7,0,124,,3595,30,0,7,0
1501,'5506',1934,,3597,30,0,7,0,124,,3599,30,0,7,0
1501,'5508',1934,,3601,30,0,7,0,124,,3603,30,0,7,0
