200,'5475',634,,2725,8,,,0,100,,2726,8,,,0,100,,2727,8,,,0,100,,2728,8,,,0,100,,2729,8,,,0,100,,2730,8,,,0,100,,2731,8,,,0,100,,2732,8,,,0,100,,2733,8,,,0,100,,2734,8,,,0,100,,2735,8,,,0,100,,2736,8,,,0
200,'5501',634,,2737,8,,,0,100,,2738,8,,,0,100,,2739,8,,,0,100,,2740,8,,,0,100,,2741,8,,,0,100,,2742,8,,,0,100,,2743,8,,,0,100,,2744,8,,,0,100,,2745,8,,,0,100,,2746,8,,,0,100,,2747,8,,,0,100,,2748,8,,,0
200,'5503',834,,2749,8,,,0,100,,2750,8,,,0,100,,2751,8,,,0,100,,2752,8,,,0,100,,2753,8,,,0,100,,2754,8,,,0,100,,2755,8,,,0,100,,2756,8,,,0,100,,2757,8,,,0,100,,2758,8,,,0
200,'5505',634,,2759,8,,,0,100,,2760,8,,,0,100,,2761,8,,,0,100,,2762,8,,,0,100,,2763,8,,,0,100,,2764,8,,,0,100,,2765,8,,,0,100,,2766,8,,,0,100,,2767,8,,,0,100,,2768,8,,,0,100,,2769,8,,,0,100,,2770,8,,,0
200,'5506',634,,2771,8,,,0,100,,2772,8,,,0,100,,2773,8,,,0,100,,2774,8,,,0,100,,2775,8,,,0,100,,2776,8,,,0,100,,2777,8,,,0,100,,2778,8,,,0,100,,2779,8,,,0,100,,2780,8,,,0,100,,2781,8,,,0,100,,2782,8,,,0
200,'5508',634,,2783,8,,,0,100,,2784,8,,,0,100,,2785,8,,,0,100,,2786,8,,,0,100,,2787,8,,,0,100,,2788,8,,,0,100,,2789,8,,,0,100,,2790,8,,,0,100,,2791,8,,,0,100,,2792,8,,,0,100,,2793,8,,,0,100,,2794,8,,,0
401,'5475',736,,3107,10,,,0,100,,3108,10,,,0,100,,3109,10,,,0,100,,3110,10,,,0,100,,3111,10,,,0,100,,3112,10,,,0,100,,3104,10,,,0,100,,3105,10,,,0,100,,3102,10,,,0,100,,3101,10,,,0,100,,3103,10,,,0,108,,3100,10,0,7 6,0
401,'5501',736,,3120,10,,,0,100,,3121,10,,,0,100,,3122,10,,,0,100,,3123,10,,,0,100,,3124,10,,,0,100,,3125,10,,,0,100,,3117,10,,,0,100,,3118,10,,,0,100,,3115,10,,,0,100,,3114,10,,,0,100,,3116,10,,,0,108,,3113,10,0,7 6,0
401,'5503',836,,3126,10,,,0,100,,3128,10,,,0,100,,3129,10,,,0,100,,3127,10,,,0,100,,3131,10,,,0,100,,3130,10,,,0,100,,3132,10,,,0,100,,3133,10,,,0,100,,3134,10,,,0,100,,3135,10,,,0,108,,3136,10,0,7 6,0
401,'5505',736,,3144,10,,,0,100,,3145,10,,,0,100,,3146,10,,,0,100,,3147,10,,,0,100,,3148,10,,,0,100,,3149,10,,,0,100,,3141,10,,,0,100,,3142,10,,,0,100,,3139,10,,,0,100,,3138,10,,,0,100,,3140,10,,,0,108,,3137,10,0,7 6,0
401,'5506',736,,3157,10,,,0,100,,3158,10,,,0,100,,3159,10,,,0,100,,3160,10,,,0,100,,3161,10,,,0,100,,3162,10,,,0,100,,3154,10,,,0,100,,3155,10,,,0,100,,3152,10,,,0,100,,3151,10,,,0,100,,3153,10,,,0,108,,3150,10,0,7 6,0
401,'5508',736,,3170,10,,,0,100,,3171,10,,,0,100,,3172,10,,,0,100,,3173,10,,,0,100,,3174,10,,,0,100,,3175,10,,,0,100,,3167,10,,,0,100,,3168,10,,,0,100,,3165,10,,,0,100,,3164,10,,,0,100,,3166,10,,,0,108,,3163,10,0,7 6,0
1000,'5475',645,,3464,8,,,0,162,,3465,8,,,0,428,,3466,8,,,0,407,,3467,8,,,0
1000,'5501',645,,3468,8,,,0,162,,3469,8,,,0,428,,3470,8,,,0,407,,3471,8,,,0
1000,'5503',807,,3472,8,,,0,428,,3473,8,,,0,407,,3474,8,,,0
1000,'5505',645,,3475,8,,,0,162,,3476,8,,,0,428,,3477,8,,,0,407,,3478,8,,,0
1000,'5506',645,,3479,8,,,0,162,,3480,8,,,0,428,,3481,8,,,0,407,,3482,8,,,0
1500,'5475',2006,,3528,13,,,0,124,,3530,13,,,0,85,,3532,13,,,0,40,,3537,13,,,0,263,,3535,13,,,0
1500,'5501',2006,,3540,13,,,0,124,,3542,13,,,0,85,,3544,13,,,0
1500,'5503',2006,,3547,13,,,0,124,,3549,13,,,0,85,,3551,13,,,0
1500,'5505',2006,,3555,13,,,0,124,,3557,13,,,0,85,,3559,13,,,0
1500,'5506',2006,,3563,13,,,0,124,,3565,13,,,0,85,,3567,13,,,0
1500,'5508',2006,,3571,13,,,0,124,,3573,13,,,0,85,,3575,13,,,0
