200,'4528',647,,2217,23,,,0,100,,2218,23,,,0,100,,2219,23,,,0,100,,2220,23,,,0,100,,2221,23,,,0,100,,2222,23,,,0,100,,2223,23,,,0,100,,2224,23,,,0,100,,2225,23,,,0,100,,2226,23,,,0,100,,2227,23,,,0,100,,2228,23,,,0
200,'5325',847,,2229,23,,,0,100,,2230,23,,,0,100,,2231,23,,,0,100,,2232,23,,,0,100,,2233,23,,,0,100,,2234,23,,,0,100,,2235,23,,,0,100,,2236,23,,,0,100,,2237,23,,,0,100,,2238,23,,,0
400,'4528',718,,2311,23,,,0,100,,2316,23,,,0,100,,2318,23,,,0,100,,2319,23,,,0,100,,2320,23,,,0,100,,2321,23,,,0,100,,2322,23,,,0,100,,2323,23,,,0,100,,2317,23,,,0,100,,2314,23,,,0,100,,2315,23,,,0,110,,2312,8,,,0
400,'5325',818,,2327,23,,,0,100,,2330,23,,,0,100,,2324,23,,,0,100,,2325,23,,,0,100,,2328,23,,,0,100,,2329,23,,,0,100,,2326,23,,,0,100,,2331,23,,,0,100,,2332,23,,,0,100,,2333,23,,,0,110,,2335,8,,,0
501,'4528',651,,2408,6,,,0,70,,2418,6,,,0,30,,2409,8,,,0,70,,2430,8,,,0,30,,2411,8,,,0,70,,2419,8,,,0,30,,2412,8,,,0,70,,2420,8,,,0,30,,2413,8,,,0,70,,2421,8,,,0,30,,2410,8,,,0,70,,2422,8,,,0,30,,2415,8,,,0,70,,2423,8,,,0,30,,2414,8,,,0,70,,2424,8,,,0,30,,2416,8,,,0,70,,2431,8,,,0,30,,2417,8,,,0,70,,2429,8,,,0,30,,2425,8,,,0,70,,2426,8,,,0,30,,2427,8,,,0,70,,2428,8,,,0
501,'5210',1221,,2432,8,,,0,100,,2433,8,,,0,100,,2434,8,,,0,100,,2435,8,,,0
501,'5325',851,,2441,6,,,0,70,,2452,6,,,0,30,,2443,8,,,0,70,,2453,8,,,0,30,,2444,8,,,0,70,,2449,8,,,0,30,,2440,8,,,0,70,,2450,8,,,0,30,,2445,8,,,0,70,,2451,8,,,0,30,,2436,8,,,0,70,,2454,8,,,0,30,,2437,8,,,0,70,,2455,8,,,0,30,,2438,8,,,0,70,,2446,8,,,0,30,,2439,8,,,0,70,,2447,8,,,0,30,,2442,8,,,0,70,,2448,8,,,0
1001,'4528',750,,2464,22,,,0,165,,2465,22,,,0,123,,2468,22,,,0,311,,2466,22,,,0,402,,2467,22,,,0
1001,'5325',915,,2469,22,,,0,434,,2471,22,,,0,402,,2470,22,,,0
1601,'5210',932,,2512,16,,,0,100,,2514,16,,,0,100,,2513,16,,,0,100,,2515,16,,,0,100,,2517,16,,,0,100,,2516,16,,,0,100,,2519,16,,,0,100,,2518,16,,,0,100,,2521,16,,,0,100,,2520,16,,,0
