300,'5414',808,,2898,15,0,11 12,0
300,'5475',808,,2872,21,0,11 12,0
300,'5501',808,,2885,21,0,11 12,0
300,'5505',808,,2909,21,0,11 12,0
300,'5506',808,,2922,21,0,11 12,0
300,'5508',808,,2935,21,0,11 12,0
400,'5414',825,,3052,35,,,0,100,,3055,35,,,0,100,,3049,35,,,0,100,,3050,35,,,0,100,,3053,35,,,0,100,,3054,35,,,0,100,,3051,35,,,0,100,,3056,35,,,0,100,,3057,35,,,0,100,,3058,35,,,0,110,,3060,20,,,0
400,'5475',725,,3023,35,,,0,100,,3028,35,,,0,100,,3029,35,,,0,100,,3030,35,,,0,100,,3032,35,,,0,100,,3033,35,,,0,100,,3034,35,,,0,100,,3035,35,,,0,100,,3031,35,,,0,100,,3026,35,,,0,100,,3027,35,,,0,110,,3024,20,,,0
400,'5501',725,,3036,35,,,0,100,,3041,35,,,0,100,,3042,35,,,0,100,,3043,35,,,0,100,,3045,35,,,0,100,,3046,35,,,0,100,,3047,35,,,0,100,,3048,35,,,0,100,,3044,35,,,0,100,,3039,35,,,0,100,,3040,35,,,0,110,,3037,20,,,0
400,'5505',725,,3061,35,,,0,100,,3066,35,,,0,100,,3067,35,,,0,100,,3068,35,,,0,100,,3070,35,,,0,100,,3071,35,,,0,100,,3072,35,,,0,100,,3073,35,,,0,100,,3069,35,,,0,100,,3064,35,,,0,100,,3065,35,,,0,110,,3062,20,,,0
400,'5506',725,,3074,35,,,0,100,,3079,35,,,0,100,,3080,35,,,0,100,,3081,35,,,0,100,,3083,35,,,0,100,,3084,35,,,0,100,,3085,35,,,0,100,,3086,35,,,0,100,,3082,35,,,0,100,,3077,35,,,0,100,,3078,35,,,0,110,,3075,20,,,0
400,'5508',725,,3087,35,,,0,100,,3092,35,,,0,100,,3093,35,,,0,100,,3094,35,,,0,100,,3096,35,,,0,100,,3097,35,,,0,100,,3098,35,,,0,100,,3099,35,,,0,100,,3095,35,,,0,100,,3090,35,,,0,100,,3091,35,,,0,110,,3088,20,,,0
