100,'5414',917,,4039,3,,,0,100,,4043,3,,,0,100,,4047,3,,,0,100,,4040,3,,,0,100,,4038,3,,,0,100,,4044,3,,,0,100,,4042,3,,,0,100,,4041,3,,,0,100,,4046,3,,,0,100,,4045,3,0,5 6,0
100,'5475',617,,3972,3,,,0,100,,3973,3,,,0,200,,3975,3,,,0,100,,3976,3,,,0,100,,3977,3,,,0,100,,3978,3,,,0,100,,3979,3,,,0,100,,3980,3,,,0,100,,3981,3,,,0,100,,3982,3,,,0,100,,3983,3,,,0,100,,3984,3,0,5 6,0
100,'5501',617,,4024,3,,,0,100,,4025,3,,,0,200,,4027,3,,,0,100,,4028,3,,,0,100,,4029,3,,,0,100,,4030,3,,,0,100,,4031,3,,,0,100,,4032,3,,,0,100,,4033,3,,,0,100,,4034,3,,,0,100,,4035,3,,,0,100,,4036,3,0,5 6,0
100,'5505',617,,3985,3,,,0,100,,3986,3,,,0,200,,3988,3,,,0,100,,3989,3,,,0,100,,3990,3,,,0,100,,3991,3,,,0,100,,3992,3,,,0,100,,3993,3,,,0,100,,3994,3,,,0,100,,3995,3,,,0,100,,3996,3,,,0,100,,3997,3,0,5 6,0
100,'5506',617,,3998,3,,,0,100,,3999,3,,,0,200,,4001,3,,,0,100,,4002,3,,,0,100,,4003,3,,,0,100,,4004,3,,,0,100,,4005,3,,,0,100,,4006,3,,,0,100,,4007,3,,,0,100,,4008,3,,,0,100,,4009,3,,,0,100,,4010,3,0,5 6,0
100,'5508',617,,4011,3,,,0,100,,4012,3,,,0,200,,4014,3,,,0,100,,4015,3,,,0,100,,4016,3,,,0,100,,4017,3,,,0,100,,4018,3,,,0,100,,4019,3,,,0,100,,4020,3,,,0,100,,4021,3,,,0,100,,4022,3,,,0,100,,4023,3,0,5 6,0
501,'5414',906,,3373,19,,,0,30,,3384,19,,,0,70,,3375,21,,,0,30,,3385,21,,,0,70,,3376,21,,,0,30,,3381,21,,,0,70,,3372,21,,,0,30,,3382,21,,,0,70,,3377,21,,,0,30,,3383,21,,,0,70,,3368,21,,,0,30,,3386,21,,,0,70,,3369,21,,,0,30,,3387,21,,,0,70,,3370,21,,,0,30,,3378,21,,,0,70,,3371,21,,,0,30,,3379,21,,,0,70,,3374,21,,,0,30,,3380,21,,,0
501,'5475',706,,3320,19,,,0,30,,3330,19,,,0,70,,3321,21,,,0,30,,3342,21,,,0,70,,3323,21,,,0,30,,3331,21,,,0,70,,3324,21,,,0,30,,3332,21,,,0,70,,3325,21,,,0,30,,3333,21,,,0,70,,3322,21,,,0,30,,3334,21,,,0,70,,3327,21,,,0,30,,3335,21,,,0,70,,3326,21,,,0,30,,3336,21,,,0,70,,3328,21,,,0,30,,3343,21,,,0,70,,3329,21,,,0,30,,3341,21,,,0,70,,3337,21,,,0,30,,3338,21,,,0,70,,3339,21,,,0,30,,3340,21,,,0
501,'5501',706,,3344,19,,,0,30,,3354,19,,,0,70,,3345,21,,,0,34,,3366,21,,,0,66,,3347,21,,,0,30,,3355,21,,,0,70,,3348,21,,,0,30,,3356,21,,,0,70,,3349,21,,,0,30,,3357,21,,,0,70,,3346,21,,,0,30,,3358,21,,,0,70,,3351,21,,,0,30,,3359,21,,,0,70,,3350,21,,,0,30,,3360,21,,,0,70,,3352,21,,,0,40,,3367,37,0,11 12,0,60,,3353,21,,,0,33,,3365,21,,,0,67,,3361,21,,,0,30,,3362,21,,,0,70,,3363,21,,,0,30,,3364,21,,,0
501,'5504',1236,,3388,21,,,0,100,,3389,21,,,0,100,,3390,21,,,0,100,,3391,21,,,0
501,'5505',706,,3392,19,,,0,30,,3402,19,,,0,70,,3393,21,,,0,34,,3414,21,,,0,66,,3395,21,,,0,30,,3403,21,,,0,70,,3396,21,,,0,30,,3404,21,,,0,70,,3397,21,,,0,30,,3405,21,,,0,70,,3394,21,,,0,30,,3406,21,,,0,70,,3399,21,,,0,30,,3407,21,,,0,70,,3398,21,,,0,30,,3408,21,,,0,70,,3400,21,,,0,40,,3415,37,0,11 12,0,60,,3401,21,,,0,33,,3413,21,,,0,67,,3409,21,,,0,30,,3410,21,,,0,70,,3411,21,,,0,30,,3412,21,,,0
501,'5506',706,,3416,19,,,0,30,,3426,19,,,0,70,,3417,21,,,0,30,,3438,21,,,0,70,,3419,21,,,0,30,,3427,21,,,0,70,,3420,21,,,0,30,,3428,21,,,0,70,,3421,21,,,0,30,,3429,21,,,0,70,,3418,21,,,0,30,,3430,21,,,0,70,,3423,21,,,0,30,,3431,21,,,0,70,,3422,21,,,0,30,,3432,21,,,0,70,,3424,21,,,0,30,,3439,21,,,0,70,,3425,21,,,0,30,,3437,21,,,0,70,,3433,21,,,0,30,,3434,21,,,0,70,,3435,21,,,0,30,,3436,21,,,0
501,'5508',706,,3440,19,,,0,30,,3450,19,,,0,70,,3441,21,,,0,30,,3462,21,,,0,70,,3443,21,,,0,30,,3451,21,,,0,70,,3444,21,,,0,30,,3452,21,,,0,70,,3445,21,,,0,30,,3453,21,,,0,70,,3442,21,,,0,30,,3454,21,,,0,70,,3447,21,,,0,30,,3455,21,,,0,70,,3446,21,,,0,30,,3456,21,,,0,70,,3448,21,,,0,30,,3463,21,,,0,70,,3449,21,,,0,30,,3461,21,,,0,70,,3457,21,,,0,30,,3458,21,,,0,70,,3459,21,,,0,30,,3460,21,,,0
