100,'5414',917,,2601,2,,,0,100,,2605,2,,,0,100,,2609,2,,,0,100,,2602,2,,,0,100,,2600,2,,,0,100,,2606,2,,,0,100,,2604,2,,,0,100,,2603,2,,,0,100,,2608,2,,,0,100,,2607,2,0,5 6,0
100,'5475',617,,2573,2,,,0,100,,2574,2,,,0,200,,2576,2,,,0,100,,2577,2,,,0,100,,2578,2,,,0,100,,2579,2,,,0,100,,2580,2,,,0,100,,2581,2,,,0,100,,2582,2,,,0,100,,2583,2,,,0,100,,2584,2,,,0,100,,2585,2,0,5 6,0
100,'5501',617,,2586,2,,,0,100,,2587,2,,,0,200,,2589,2,,,0,100,,2590,2,,,0,100,,2591,2,,,0,100,,2592,2,,,0,100,,2593,2,,,0,100,,2594,2,,,0,100,,2595,2,,,0,100,,2596,2,,,0,100,,2597,2,,,0,100,,2598,2,0,5 6,0
100,'5505',617,,2610,2,,,0,100,,2611,2,,,0,200,,2613,2,,,0,100,,2614,2,,,0,100,,2615,2,,,0,100,,2616,2,,,0,100,,2617,2,,,0,100,,2618,2,,,0,100,,2619,2,,,0,100,,2620,2,,,0,100,,2621,2,,,0,100,,2622,2,0,5 6,0
100,'5506',617,,2623,2,,,0,100,,2624,2,,,0,200,,2626,2,,,0,100,,2627,2,,,0,100,,2628,2,,,0,100,,2629,2,,,0,100,,2630,2,,,0,100,,2631,2,,,0,100,,2632,2,,,0,100,,2633,2,,,0,100,,2634,2,,,0,100,,2635,2,0,5 6,0
100,'5508',617,,2636,2,,,0,100,,2637,2,,,0,200,,2639,2,,,0,100,,2640,2,,,0,100,,2641,2,,,0,100,,2642,2,,,0,100,,2643,2,,,0,100,,2644,2,,,0,100,,2645,2,,,0,100,,2646,2,,,0,100,,2647,2,,,0,100,,2648,2,0,5 6,0
501,'5414',906,,3373,18,,,0,30,,3384,18,,,0,70,,3375,20,,,0,30,,3385,20,,,0,70,,3376,20,,,0,30,,3381,20,,,0,70,,3372,20,,,0,30,,3382,20,,,0,70,,3377,20,,,0,30,,3383,20,,,0,70,,3368,20,,,0,30,,3386,20,,,0,70,,3369,20,,,0,30,,3387,20,,,0,70,,3370,20,,,0,30,,3378,20,,,0,70,,3371,20,,,0,30,,3379,20,,,0,70,,3374,20,,,0,30,,3380,20,,,0
501,'5475',706,,3320,18,,,0,30,,3330,18,,,0,70,,3321,20,,,0,30,,3342,20,,,0,70,,3323,20,,,0,30,,3331,20,,,0,70,,3324,20,,,0,30,,3332,20,,,0,70,,3325,20,,,0,30,,3333,20,,,0,70,,3322,20,,,0,30,,3334,20,,,0,70,,3327,20,,,0,30,,3335,20,,,0,70,,3326,20,,,0,30,,3336,20,,,0,70,,3328,20,,,0,30,,3343,20,,,0,70,,3329,20,,,0,30,,3341,20,,,0,70,,3337,20,,,0,30,,3338,20,,,0,70,,3339,20,,,0,30,,3340,20,,,0
501,'5501',706,,3344,18,,,0,30,,3354,18,,,0,70,,3345,20,,,0,34,,3366,20,,,0,66,,3347,20,,,0,30,,3355,20,,,0,70,,3348,20,,,0,30,,3356,20,,,0,70,,3349,20,,,0,30,,3357,20,,,0,70,,3346,20,,,0,30,,3358,20,,,0,70,,3351,20,,,0,30,,3359,20,,,0,70,,3350,20,,,0,30,,3360,20,,,0,70,,3352,20,,,0,40,,3367,36,0,11 12,0,60,,3353,20,,,0,33,,3365,20,,,0,67,,3361,20,,,0,30,,3362,20,,,0,70,,3363,20,,,0,30,,3364,20,,,0
501,'5504',1236,,3388,20,,,0,100,,3389,20,,,0,100,,3390,20,,,0,100,,3391,20,,,0
501,'5505',706,,3392,18,,,0,30,,3402,18,,,0,70,,3393,20,,,0,34,,3414,20,,,0,66,,3395,20,,,0,30,,3403,20,,,0,70,,3396,20,,,0,30,,3404,20,,,0,70,,3397,20,,,0,30,,3405,20,,,0,70,,3394,20,,,0,30,,3406,20,,,0,70,,3399,20,,,0,30,,3407,20,,,0,70,,3398,20,,,0,30,,3408,20,,,0,70,,3400,20,,,0,40,,3415,36,0,11 12,0,60,,3401,20,,,0,33,,3413,20,,,0,67,,3409,20,,,0,30,,3410,20,,,0,70,,3411,20,,,0,30,,3412,20,,,0
501,'5506',706,,3416,18,,,0,30,,3426,18,,,0,70,,3417,20,,,0,30,,3438,20,,,0,70,,3419,20,,,0,30,,3427,20,,,0,70,,3420,20,,,0,30,,3428,20,,,0,70,,3421,20,,,0,30,,3429,20,,,0,70,,3418,20,,,0,30,,3430,20,,,0,70,,3423,20,,,0,30,,3431,20,,,0,70,,3422,20,,,0,30,,3432,20,,,0,70,,3424,20,,,0,30,,3439,20,,,0,70,,3425,20,,,0,30,,3437,20,,,0,70,,3433,20,,,0,30,,3434,20,,,0,70,,3435,20,,,0,30,,3436,20,,,0
501,'5508',706,,3440,18,,,0,30,,3450,18,,,0,70,,3441,20,,,0,30,,3462,20,,,0,70,,3443,20,,,0,30,,3451,20,,,0,70,,3444,20,,,0,30,,3452,20,,,0,70,,3445,20,,,0,30,,3453,20,,,0,70,,3442,20,,,0,30,,3454,20,,,0,70,,3447,20,,,0,30,,3455,20,,,0,70,,3446,20,,,0,30,,3456,20,,,0,70,,3448,20,,,0,30,,3463,20,,,0,70,,3449,20,,,0,30,,3461,20,,,0,70,,3457,20,,,0,30,,3458,20,,,0,70,,3459,20,,,0,30,,3460,20,,,0
