400,'5414',815,,3052,17,,,0,100,,3055,17,,,0,100,,3049,17,,,0,100,,3050,17,,,0,100,,3053,17,,,0,100,,3054,17,,,0,100,,3051,17,,,0,100,,3056,17,,,0,100,,3057,17,,,0,100,,3058,17,,,0,110,,3060,2,,,0
400,'5475',715,,3023,17,,,0,100,,3028,17,,,0,100,,3029,17,,,0,100,,3030,17,,,0,100,,3032,17,,,0,100,,3033,17,,,0,100,,3034,17,,,0,100,,3035,17,,,0,100,,3031,17,,,0,100,,3026,17,,,0,100,,3027,17,,,0,110,,3024,2,,,0
400,'5501',715,,3036,17,,,0,100,,3041,17,,,0,100,,3042,17,,,0,100,,3043,17,,,0,100,,3045,17,,,0,100,,3046,17,,,0,100,,3047,17,,,0,100,,3048,17,,,0,100,,3044,17,,,0,100,,3039,17,,,0,100,,3040,17,,,0,110,,3037,2,,,0
400,'5505',715,,3061,17,,,0,100,,3066,17,,,0,100,,3067,17,,,0,100,,3068,17,,,0,100,,3070,17,,,0,100,,3071,17,,,0,100,,3072,17,,,0,100,,3073,17,,,0,100,,3069,17,,,0,100,,3064,17,,,0,100,,3065,17,,,0,110,,3062,2,,,0
400,'5506',715,,3074,17,,,0,100,,3079,17,,,0,100,,3080,17,,,0,100,,3081,17,,,0,100,,3083,17,,,0,100,,3084,17,,,0,100,,3085,17,,,0,100,,3086,17,,,0,100,,3082,17,,,0,100,,3077,17,,,0,100,,3078,17,,,0,110,,3075,2,,,0
400,'5508',715,,3087,17,,,0,100,,3092,17,,,0,100,,3093,17,,,0,100,,3094,17,,,0,100,,3096,17,,,0,100,,3097,17,,,0,100,,3098,17,,,0,100,,3099,17,,,0,100,,3095,17,,,0,100,,3090,17,,,0,100,,3091,17,,,0,110,,3088,2,,,0
1100,'5475',956,,3502,10,,,0,348,,3503,10,,,0
1100,'5501',956,,3505,10,,,0,348,,3506,10,,,0
1100,'5505',956,,3508,10,,,0,348,,3509,10,,,0
1100,'5506',956,,3511,10,,,0,348,,3512,10,,,0
