201,'5326',715,,1421,23,,,0,100,,1422,23,,,0,100,,1423,23,,,0,100,,1424,23,,,0,100,,1425,23,,,0,100,,1426,23,,,0,100,,1427,23,,,0,100,,1428,23,,,0,100,,1429,23,,,0,100,,1430,23,,,0,100,,1431,23,,,0,100,,1433,5,,,0
201,'5328',815,,1434,23,,,0,100,,1435,23,,,0,100,,1437,23,,,0,100,,1436,23,,,0,100,,1438,23,,,0,100,,1439,23,,,0,100,,1440,23,,,0,100,,1441,23,,,0,100,,1442,23,,,0,100,,1443,23,,,0,100,,1444,23,,,0
401,'5326',646,,1672,7,,,0,100,,1673,20,,,0,100,,1674,20,,,0,100,,1675,20,,,0,100,,1676,20,,,0,100,,1677,20,,,0,100,,1678,20,,,0,100,,1670,20,,,0,100,,1671,20,,,0,100,,1669,20,,,0,100,,1668,20,,,0,100,,1667,20,,,0
401,'5328',846,,1679,20,,,0,100,,1681,20,,,0,100,,1683,20,,,0,100,,1680,20,,,0,100,,1684,20,,,0,100,,1682,20,,,0,100,,1685,20,,,0,100,,1686,20,,,0,100,,1687,20,,,0,100,,1688,20,,,0
1100,'5326',1837,,1981,10,,,0
1101,'5326',1241,,1987,11,,,0,572,,1985,11,,,0
1501,'5326',1942,,2039,5,,,0,164,,2041,5,,,0
1501,'5328',1942,,2042,5,,,0,164,,2045,5,,,0
3001,'5326',747,,2127,12,,,0,310,,2128,10,,,0,185,,2131,10,,,0,295,,2129,12,,,0,170,,2130,10,,,0
3001,'5328',847,,2132,12,,,0,210,,2133,10,,,0,185,,2134,10,,,0,295,,2135,12,,,0,170,,2136,10,,,0
4001,'5326',945,,2143,5,,,0,604,,2144,5,,,0
