200,'5326',633,,1362,6,,,0,100,,1363,6,,,0,100,,1364,6,,,0,100,,1365,6,,,0,100,,1366,6,,,0,100,,1367,6,,,0,100,,1368,6,,,0,100,,1369,6,,,0,100,,1370,6,,,0,100,,1371,6,,,0,100,,1372,6,,,0,100,,1373,6,,,0
200,'5328',833,,1374,6,,,0,100,,1375,6,,,0,100,,1376,6,,,0,100,,1377,6,,,0,100,,1378,6,,,0,100,,1379,6,,,0,100,,1380,6,,,0,100,,1381,6,,,0,100,,1382,6,,,0,100,,1383,6,,,0
401,'5326',733,,1673,8,,,0,100,,1674,8,,,0,100,,1675,8,,,0,100,,1676,8,,,0,100,,1677,8,,,0,100,,1678,8,,,0,100,,1670,8,,,0,100,,1671,8,,,0,100,,1669,8,,,0,100,,1668,8,,,0,100,,1667,8,,,0,110,,1666,8,0,7 6,0
401,'5328',833,,1679,8,,,0,100,,1681,8,,,0,100,,1683,8,,,0,100,,1680,8,,,0,100,,1684,8,,,0,100,,1682,8,,,0,100,,1685,8,,,0,100,,1686,8,,,0,100,,1687,8,,,0,100,,1688,8,,,0,110,,1689,8,0,7 6,0
500,'5326',733,,1762,17,,,0,70,,1784,17,,,0,30,,1764,17,,,0,70,,1782,17,,,0,30,,1765,17,,,0,70,,1772,17,,,0,30,,1766,17,,,0,70,,1773,17,,,0,30,,1763,17,,,0,70,,1774,17,,,0,30,,1768,17,,,0,70,,1775,17,,,0,30,,1767,17,,,0,70,,1776,17,,,0,30,,1769,17,,,0,70,,1779,17,,,0,30,,1770,17,,,0,70,,1785,17,,,0,30,,1771,17,,,0,70,,1783,17,,,0,30,,1777,17,,,0,70,,1778,17,,,0,30,,1780,17,,,0,100,,1786,17,,,0,100,,1787,17,,,0,100,,1788,17,,,0,100,,1789,17,,,0,100,,1790,17,,,0
500,'5328',933,,1791,17,,,0,70,,1807,17,,,0,30,,1796,17,,,0,70,,1804,17,,,0,30,,1797,17,,,0,70,,1805,17,,,0,30,,1799,17,,,0,70,,1803,17,,,0,30,,1800,17,,,0,70,,1806,17,,,0,30,,1798,17,,,0,70,,1808,17,,,0,30,,1795,17,,,0,70,,1802,17,,,0,30,,1794,17,,,0,70,,1801,17,,,0,30,,1792,17,,,0,70,,1809,17,,,0,30,,1793,17,,,0,100,,1811,17,,,0,100,,1812,17,,,0,100,,1813,17,,,0,100,,1814,17,,,0,100,,1815,17,,,0
1000,'5326',644,,1952,6,,,0,162,,1953,6,,,0,123,,1956,6,,,0,305,,1954,6,,,0,407,,1955,6,,,0
1000,'5328',806,,1957,6,,,0,428,,1958,6,,,0,407,,1959,6,,,0
1500,'5326',2005,,2014,11,,,0,124,,2015,11,,,0,85,,2017,11,,,0
1500,'5328',2005,,2020,11,,,0,124,,2023,11,,,0,85,,2022,11,,,0
