100,'5475',645,,3972,33,,,0,100,,3973,33,,,0,100,,3974,25,,,0,100,,3975,33,,,0,100,,3976,33,,,0,100,,3977,33,,,0,100,,3978,33,,,0,100,,3979,33,,,0,100,,3980,33,,,0,100,,3981,33,,,0,100,,3982,33,,,0,100,,3983,33,,,0
100,'5505',645,,3985,33,,,0,100,,3986,33,,,0,100,,3987,25,,,0,100,,3988,33,,,0,100,,3989,33,,,0,100,,3990,33,,,0,100,,3991,33,,,0,100,,3992,33,,,0,100,,3993,33,,,0,100,,3994,33,,,0,100,,3995,33,,,0,100,,3996,33,,,0
100,'5506',645,,3998,33,,,0,100,,3999,33,,,0,100,,4000,25,,,0,100,,4001,33,,,0,100,,4002,33,,,0,100,,4003,33,,,0,100,,4004,33,,,0,100,,4005,33,,,0,100,,4006,33,,,0,100,,4007,33,,,0,100,,4008,33,,,0,100,,4009,33,,,0
100,'5508',645,,4011,33,,,0,100,,4012,33,,,0,100,,4013,25,,,0,100,,4014,33,,,0,100,,4015,33,,,0,100,,4016,33,,,0,100,,4017,33,,,0,100,,4018,33,,,0,100,,4019,33,,,0,100,,4020,33,,,0,100,,4021,33,,,0,100,,4022,33,,,0
100,'5681',645,,3883,33,,,0,100,,3884,33,,,0,100,,3885,25,,,0,100,,3886,33,,,0,100,,3887,33,,,0,100,,3888,33,,,0,100,,3889,33,,,0,100,,3890,33,,,0,100,,3891,33,,,0,100,,3892,33,,,0,100,,3893,33,,,0,100,,3894,33,,,0
100,'5682',645,,4024,33,,,0,100,,4025,33,,,0,100,,4026,25,,,0,100,,4027,33,,,0,100,,4028,33,,,0,100,,4029,33,,,0,100,,4030,33,,,0,100,,4031,33,,,0,100,,4032,33,,,0,100,,4033,33,,,0,100,,4034,33,,,0,100,,4035,33,,,0
100,'5683',845,,4037,25,,,0,100,,4039,33,,,0,100,,4043,33,,,0,100,,4047,33,,,0,100,,4040,33,,,0,100,,4038,33,,,0,100,,4044,33,,,0,100,,4042,33,,,0,100,,4041,33,,,0,100,,4046,33,,,0
400,'5414',809,,3052,11,,,0,100,,3055,11,,,0,100,,3049,11,,,0,100,,3050,11,,,0,100,,3053,11,,,0,100,,3054,11,,,0,100,,3051,11,,,0,100,,3056,11,,,0,100,,3057,11,,,0,100,,3058,11,,,0,100,,3059,11,0,7 6,0
400,'5475',709,,3023,11,,,0,100,,3028,11,,,0,100,,3029,11,,,0,100,,3030,11,,,0,100,,3032,11,,,0,100,,3033,11,,,0,100,,3034,11,,,0,100,,3035,11,,,0,100,,3031,11,,,0,100,,3026,11,,,0,100,,3027,11,,,0,100,,3025,11,0,7 6,0
400,'5501',709,,3036,11,,,0,100,,3041,11,,,0,100,,3042,11,,,0,100,,3043,11,,,0,100,,3045,11,,,0,100,,3046,11,,,0,100,,3047,11,,,0,100,,3048,11,,,0,100,,3044,11,,,0,100,,3039,11,,,0,100,,3040,11,,,0,100,,3038,11,0,7 6,0
400,'5505',709,,3061,11,,,0,100,,3066,11,,,0,100,,3067,11,,,0,100,,3068,11,,,0,100,,3070,11,,,0,100,,3071,11,,,0,100,,3072,11,,,0,100,,3073,11,,,0,100,,3069,11,,,0,100,,3064,11,,,0,100,,3065,11,,,0,100,,3063,11,0,7 6,0
400,'5506',709,,3074,11,,,0,100,,3079,11,,,0,100,,3080,11,,,0,100,,3081,11,,,0,100,,3083,11,,,0,100,,3084,11,,,0,100,,3085,11,,,0,100,,3086,11,,,0,100,,3082,11,,,0,100,,3077,11,,,0,100,,3078,11,,,0,100,,3076,11,0,7 6,0
400,'5508',709,,3087,11,,,0,100,,3092,11,,,0,100,,3093,11,,,0,100,,3094,11,,,0,100,,3096,11,,,0,100,,3097,11,,,0,100,,3098,11,,,0,100,,3099,11,,,0,100,,3095,11,,,0,100,,3090,11,,,0,100,,3091,11,,,0,100,,3089,11,0,7 6,0
1600,'5680',913,,3605,23,,,0,100,,3608,29,,,0,100,,3607,29,,,0,100,,3606,29,,,0,100,,3609,29,,,0,100,,3610,29,,,0,100,,3611,29,,,0,100,,3612,29,,,0,100,,3613,29,,,0
1600,'5684',913,,4124,23,,,0,100,,4127,29,,,0,100,,4126,29,,,0,100,,4125,29,,,0,100,,4128,29,,,0,100,,4129,29,,,0,100,,4130,29,,,0,100,,4131,29,,,0,100,,4132,29,,,0
3000,'5414',915,,3694,17,,,0,210,,3695,17,,,0,185,,3697,17,,,0,295,,3696,17,,,0,131,,3698,17,,,0
3000,'5475',815,,3685,17,,,0,310,,3684,17,,,0,185,,3688,17,,,0,295,,3686,17,,,0,131,,3687,17,,,0
3000,'5501',815,,3690,17,,,0,310,,3689,17,,,0,185,,3693,17,,,0,295,,3691,17,,,0,131,,3692,17,,,0
3000,'5505',815,,3700,17,,,0,310,,3699,17,,,0,185,,3703,17,,,0,295,,3701,17,,,0,131,,3702,17,,,0
3000,'5506',815,,3705,17,,,0,310,,3704,17,,,0,185,,3708,17,,,0,295,,3706,17,,,0,131,,3707,17,,,0
3000,'5508',815,,3710,17,,,0,310,,3709,17,,,0,185,,3713,17,,,0,295,,3711,17,,,0,131,,3712,17,,,0
7000,'5475',614,,4169,36,,,0,305,,4170,19,,,0,324,,4171,19,,,0,300,,4172,19,,,0
7000,'5505',614,,4173,36,,,0,305,,4174,19,,,0,324,,4175,19,,,0,300,,4176,19,,,0
7000,'5506',614,,4177,36,,,0,305,,4178,19,,,0,324,,4179,19,,,0,300,,4180,19,,,0
7000,'5681',614,,3780,36,,,0,305,,3781,19,,,0,324,,3782,19,,,0,300,,3783,19,,,0
7000,'5682',614,,4181,36,,,0,305,,4182,19,,,0,324,,4183,19,,,0,300,,4184,19,,,0
