100,'5475',618,,3972,4,,,0,100,,3973,4,,,0,200,,3975,4,,,0,100,,3976,4,,,0,100,,3977,4,,,0,100,,3978,4,,,0,100,,3979,4,,,0,100,,3980,4,,,0,100,,3981,4,,,0,100,,3982,4,,,0,100,,3983,4,,,0,100,,3984,4,0,5 6,0
100,'5505',618,,3985,4,,,0,100,,3986,4,,,0,200,,3988,4,,,0,100,,3989,4,,,0,100,,3990,4,,,0,100,,3991,4,,,0,100,,3992,4,,,0,100,,3993,4,,,0,100,,3994,4,,,0,100,,3995,4,,,0,100,,3996,4,,,0,100,,3997,4,0,5 6,0
100,'5506',618,,3998,4,,,0,100,,3999,4,,,0,200,,4001,4,,,0,100,,4002,4,,,0,100,,4003,4,,,0,100,,4004,4,,,0,100,,4005,4,,,0,100,,4006,4,,,0,100,,4007,4,,,0,100,,4008,4,,,0,100,,4009,4,,,0,100,,4010,4,0,5 6,0
100,'5508',618,,4011,4,,,0,100,,4012,4,,,0,200,,4014,4,,,0,100,,4015,4,,,0,100,,4016,4,,,0,100,,4017,4,,,0,100,,4018,4,,,0,100,,4019,4,,,0,100,,4020,4,,,0,100,,4021,4,,,0,100,,4022,4,,,0,100,,4023,4,0,5 6,0
100,'5681',618,,3883,4,,,0,100,,3884,4,,,0,200,,3886,4,,,0,100,,3887,4,,,0,100,,3888,4,,,0,100,,3889,4,,,0,100,,3890,4,,,0,100,,3891,4,,,0,100,,3892,4,,,0,100,,3893,4,,,0,100,,3894,4,,,0,100,,3895,4,0,5 6,0
100,'5682',618,,4024,4,,,0,100,,4025,4,,,0,200,,4027,4,,,0,100,,4028,4,,,0,100,,4029,4,,,0,100,,4030,4,,,0,100,,4031,4,,,0,100,,4032,4,,,0,100,,4033,4,,,0,100,,4034,4,,,0,100,,4035,4,,,0,100,,4036,4,0,5 6,0
100,'5683',918,,4039,4,,,0,100,,4043,4,,,0,100,,4047,4,,,0,100,,4040,4,,,0,100,,4038,4,,,0,100,,4044,4,,,0,100,,4042,4,,,0,100,,4041,4,,,0,100,,4046,4,,,0,100,,4045,4,0,5 6,0
501,'5414',907,,3373,20,,,0,30,,3384,20,,,0,70,,3375,22,,,0,30,,3385,22,,,0,70,,3376,22,,,0,30,,3381,22,,,0,70,,3372,22,,,0,30,,3382,22,,,0,70,,3377,22,,,0,30,,3383,22,,,0,70,,3368,22,,,0,30,,3386,22,,,0,70,,3369,22,,,0,30,,3387,22,,,0,70,,3370,22,,,0,30,,3378,22,,,0,70,,3371,22,,,0,30,,3379,22,,,0,70,,3374,22,,,0,30,,3380,22,,,0
501,'5475',707,,3320,20,,,0,30,,3330,20,,,0,70,,3321,22,,,0,30,,3342,22,,,0,70,,3323,22,,,0,30,,3331,22,,,0,70,,3324,22,,,0,30,,3332,22,,,0,70,,3325,22,,,0,30,,3333,22,,,0,70,,3322,22,,,0,30,,3334,22,,,0,70,,3327,22,,,0,30,,3335,22,,,0,70,,3326,22,,,0,30,,3336,22,,,0,70,,3328,22,,,0,30,,3343,22,,,0,70,,3329,22,,,0,30,,3341,22,,,0,70,,3337,22,,,0,30,,3338,22,,,0,70,,3339,22,,,0,30,,3340,22,,,0
501,'5501',707,,3344,20,,,0,30,,3354,20,,,0,70,,3345,22,,,0,34,,3366,22,,,0,66,,3347,22,,,0,30,,3355,22,,,0,70,,3348,22,,,0,30,,3356,22,,,0,70,,3349,22,,,0,30,,3357,22,,,0,70,,3346,22,,,0,30,,3358,22,,,0,70,,3351,22,,,0,30,,3359,22,,,0,70,,3350,22,,,0,30,,3360,22,,,0,70,,3352,22,,,0,40,,3367,38,0,11 12,0,60,,3353,22,,,0,33,,3365,22,,,0,67,,3361,22,,,0,30,,3362,22,,,0,70,,3363,22,,,0,30,,3364,22,,,0
501,'5504',1237,,3388,22,,,0,100,,3389,22,,,0,100,,3390,22,,,0,100,,3391,22,,,0
501,'5505',707,,3392,20,,,0,30,,3402,20,,,0,70,,3393,22,,,0,34,,3414,22,,,0,66,,3395,22,,,0,30,,3403,22,,,0,70,,3396,22,,,0,30,,3404,22,,,0,70,,3397,22,,,0,30,,3405,22,,,0,70,,3394,22,,,0,30,,3406,22,,,0,70,,3399,22,,,0,30,,3407,22,,,0,70,,3398,22,,,0,30,,3408,22,,,0,70,,3400,22,,,0,40,,3415,38,0,11 12,0,60,,3401,22,,,0,33,,3413,22,,,0,67,,3409,22,,,0,30,,3410,22,,,0,70,,3411,22,,,0,30,,3412,22,,,0
501,'5506',707,,3416,20,,,0,30,,3426,20,,,0,70,,3417,22,,,0,30,,3438,22,,,0,70,,3419,22,,,0,30,,3427,22,,,0,70,,3420,22,,,0,30,,3428,22,,,0,70,,3421,22,,,0,30,,3429,22,,,0,70,,3418,22,,,0,30,,3430,22,,,0,70,,3423,22,,,0,30,,3431,22,,,0,70,,3422,22,,,0,30,,3432,22,,,0,70,,3424,22,,,0,30,,3439,22,,,0,70,,3425,22,,,0,30,,3437,22,,,0,70,,3433,22,,,0,30,,3434,22,,,0,70,,3435,22,,,0,30,,3436,22,,,0
501,'5508',707,,3440,20,,,0,30,,3450,20,,,0,70,,3441,22,,,0,30,,3462,22,,,0,70,,3443,22,,,0,30,,3451,22,,,0,70,,3444,22,,,0,30,,3452,22,,,0,70,,3445,22,,,0,30,,3453,22,,,0,70,,3442,22,,,0,30,,3454,22,,,0,70,,3447,22,,,0,30,,3455,22,,,0,70,,3446,22,,,0,30,,3456,22,,,0,70,,3448,22,,,0,30,,3463,22,,,0,70,,3449,22,,,0,30,,3461,22,,,0,70,,3457,22,,,0,30,,3458,22,,,0,70,,3459,22,,,0,30,,3460,22,,,0
