100,'5414',846,,4037,28,,,0,100,,4039,36,,,0,100,,4043,36,,,0,100,,4047,36,,,0,100,,4040,36,,,0,100,,4038,36,,,0,100,,4044,36,,,0,100,,4042,36,,,0,100,,4041,36,,,0,100,,4046,36,,,0
100,'5475',646,,3972,36,,,0,100,,3973,36,,,0,100,,3974,28,,,0,100,,3975,36,,,0,100,,3976,36,,,0,100,,3977,36,,,0,100,,3978,36,,,0,100,,3979,36,,,0,100,,3980,36,,,0,100,,3981,36,,,0,100,,3982,36,,,0,100,,3983,36,,,0
100,'5501',646,,4024,36,,,0,100,,4025,36,,,0,100,,4026,28,,,0,100,,4027,36,,,0,100,,4028,36,,,0,100,,4029,36,,,0,100,,4030,36,,,0,100,,4031,36,,,0,100,,4032,36,,,0,100,,4033,36,,,0,100,,4034,36,,,0,100,,4035,36,,,0
100,'5505',646,,3985,36,,,0,100,,3986,36,,,0,100,,3987,28,,,0,100,,3988,36,,,0,100,,3989,36,,,0,100,,3990,36,,,0,100,,3991,36,,,0,100,,3992,36,,,0,100,,3993,36,,,0,100,,3994,36,,,0,100,,3995,36,,,0,100,,3996,36,,,0
100,'5506',646,,3998,36,,,0,100,,3999,36,,,0,100,,4000,28,,,0,100,,4001,36,,,0,100,,4002,36,,,0,100,,4003,36,,,0,100,,4004,36,,,0,100,,4005,36,,,0,100,,4006,36,,,0,100,,4007,36,,,0,100,,4008,36,,,0,100,,4009,36,,,0
100,'5508',646,,4011,36,,,0,100,,4012,36,,,0,100,,4013,28,,,0,100,,4014,36,,,0,100,,4015,36,,,0,100,,4016,36,,,0,100,,4017,36,,,0,100,,4018,36,,,0,100,,4019,36,,,0,100,,4020,36,,,0,100,,4021,36,,,0,100,,4022,36,,,0
1600,'5504',914,,4124,26,,,0,100,,4127,32,,,0,100,,4126,32,,,0,100,,4125,32,,,0,100,,4128,32,,,0,100,,4129,32,,,0,100,,4130,32,,,0,100,,4131,32,,,0,100,,4132,32,,,0
3000,'5414',916,,3694,20,,,0,210,,3695,20,,,0,185,,3697,20,,,0,295,,3696,20,,,0,131,,3698,20,,,0
3000,'5475',816,,3685,20,,,0,310,,3684,20,,,0,185,,3688,20,,,0,295,,3686,20,,,0,131,,3687,20,,,0
3000,'5501',816,,3690,20,,,0,310,,3689,20,,,0,185,,3693,20,,,0,295,,3691,20,,,0,131,,3692,20,,,0
3000,'5505',816,,3700,20,,,0,310,,3699,20,,,0,185,,3703,20,,,0,295,,3701,20,,,0,131,,3702,20,,,0
3000,'5506',816,,3705,20,,,0,310,,3704,20,,,0,185,,3708,20,,,0,295,,3706,20,,,0,131,,3707,20,,,0
3000,'5508',816,,3710,20,,,0,310,,3709,20,,,0,185,,3713,20,,,0,295,,3711,20,,,0,131,,3712,20,,,0
7000,'5475',615,,4169,39,,,0,305,,4170,22,,,0,324,,4171,22,,,0,300,,4172,22,,,0
7000,'5501',615,,4181,39,,,0,305,,4182,22,,,0,324,,4183,22,,,0,300,,4184,22,,,0
7000,'5505',615,,4173,39,,,0,305,,4174,22,,,0,324,,4175,22,,,0,300,,4176,22,,,0
7000,'5506',615,,4177,39,,,0,305,,4178,22,,,0,324,,4179,22,,,0,300,,4180,22,,,0
