201,'5475',705,,2795,16,,,0,100,,2796,16,,,0,100,,2797,16,,,0,100,,2798,16,,,0,100,,2799,16,,,0,100,,2800,16,,,0,100,,2801,16,,,0,100,,2802,16,,,0,100,,2803,16,,,0,100,,2804,16,,,0,100,,2805,16,,,0,100,,2806,16,0,7 6,0
201,'5501',705,,2808,16,,,0,100,,2809,16,,,0,100,,2810,16,,,0,100,,2811,16,,,0,100,,2812,16,,,0,100,,2813,16,,,0,100,,2814,16,,,0,100,,2815,16,,,0,100,,2816,16,,,0,100,,2817,16,,,0,100,,2818,16,,,0,100,,2819,16,0,7 6,0
201,'5503',805,,2821,16,,,0,100,,2822,16,,,0,100,,2823,16,,,0,100,,2824,16,,,0,100,,2825,16,,,0,100,,2826,16,,,0,100,,2827,16,,,0,100,,2828,16,,,0,100,,2829,16,,,0,100,,2830,16,,,0,100,,2831,16,,,0
201,'5505',705,,2832,16,,,0,100,,2833,16,,,0,100,,2834,16,,,0,100,,2835,16,,,0,100,,2836,16,,,0,100,,2837,16,,,0,100,,2838,16,,,0,100,,2839,16,,,0,100,,2840,16,,,0,100,,2841,16,,,0,100,,2842,16,,,0,100,,2843,16,0,7 6,0
201,'5506',705,,2845,16,,,0,100,,2846,16,,,0,100,,2847,16,,,0,100,,2848,16,,,0,100,,2849,16,,,0,100,,2850,16,,,0,100,,2851,16,,,0,100,,2852,16,,,0,100,,2853,16,,,0,100,,2854,16,,,0,100,,2855,16,,,0,100,,2856,16,0,7 6,0
201,'5508',705,,2858,16,,,0,100,,2859,16,,,0,100,,2860,16,,,0,100,,2861,16,,,0,100,,2862,16,,,0,100,,2863,16,,,0,100,,2864,16,,,0,100,,2865,16,,,0,100,,2866,16,,,0,100,,2867,16,,,0,100,,2868,16,,,0,100,,2869,16,0,7 6,0
500,'5210',1311,,2384,25,,,0,100,,2385,25,,,0,100,,2386,25,,,0,100,,2387,25,,,0
500,'5475',741,,3176,25,,,0,70,,3198,25,,,0,30,,3178,25,,,0,70,,3196,25,,,0,30,,3179,25,,,0,70,,3186,25,,,0,30,,3180,25,,,0,70,,3187,25,,,0,30,,3177,25,,,0,70,,3188,25,,,0,30,,3182,25,,,0,70,,3189,25,,,0,30,,3181,25,,,0,70,,3190,25,,,0,30,,3183,25,,,0,70,,3192,25,,,0,30,,3184,25,,,0,70,,3199,25,,,0,30,,3185,25,,,0,70,,3197,25,,,0,30,,3191,25,,,0,70,,3193,25,,,0,30,,3194,25,,,0
500,'5501',741,,3200,25,,,0,75,,3222,40,0,11 12,0,25,,3202,25,,,0,70,,3220,25,,,0,30,,3203,25,,,0,70,,3210,25,,,0,30,,3204,25,,,0,70,,3211,25,,,0,30,,3201,25,,,0,70,,3212,25,,,0,30,,3206,25,,,0,70,,3213,25,,,0,30,,3205,25,,,0,70,,3214,25,,,0,30,,3207,25,,,0,70,,3216,25,,,0,30,,3208,25,,,0,73,,3223,25,,,0,27,,3209,25,,,0,70,,3221,25,,,0,30,,3215,25,,,0,70,,3217,25,,,0,30,,3218,25,,,0
500,'5503',941,,3224,25,,,0,70,,3240,25,,,0,30,,3229,25,,,0,70,,3237,25,,,0,30,,3230,25,,,0,70,,3238,25,,,0,30,,3232,25,,,0,70,,3236,25,,,0,30,,3233,25,,,0,70,,3239,25,,,0,30,,3231,25,,,0,70,,3241,25,,,0,30,,3228,25,,,0,70,,3235,25,,,0,30,,3227,25,,,0,70,,3234,25,,,0,30,,3225,25,,,0,70,,3242,25,,,0,30,,3226,25,,,0
500,'5504',1311,,3244,25,,,0,100,,3245,25,,,0,100,,3246,25,,,0,100,,3247,25,,,0
500,'5505',741,,3248,25,,,0,75,,3270,40,0,11 12,0,25,,3250,25,,,0,70,,3268,25,,,0,30,,3251,25,,,0,70,,3258,25,,,0,30,,3252,25,,,0,70,,3259,25,,,0,30,,3249,25,,,0,70,,3260,25,,,0,30,,3254,25,,,0,70,,3261,25,,,0,30,,3253,25,,,0,70,,3262,25,,,0,30,,3255,25,,,0,70,,3264,25,,,0,30,,3256,25,,,0,73,,3271,25,,,0,27,,3257,25,,,0,70,,3269,25,,,0,30,,3263,25,,,0,70,,3265,25,,,0,30,,3266,25,,,0
500,'5506',741,,3272,25,,,0,70,,3294,25,,,0,30,,3274,25,,,0,70,,3292,25,,,0,30,,3275,25,,,0,70,,3282,25,,,0,30,,3276,25,,,0,70,,3283,25,,,0,30,,3273,25,,,0,70,,3284,25,,,0,30,,3278,25,,,0,70,,3285,25,,,0,30,,3277,25,,,0,70,,3286,25,,,0,30,,3279,25,,,0,70,,3288,25,,,0,30,,3280,25,,,0,70,,3295,25,,,0,30,,3281,25,,,0,70,,3293,25,,,0,30,,3287,25,,,0,70,,3289,25,,,0,30,,3290,25,,,0
500,'5508',741,,3296,25,,,0,70,,3318,25,,,0,30,,3298,25,,,0,70,,3316,25,,,0,30,,3299,25,,,0,70,,3306,25,,,0,30,,3300,25,,,0,70,,3307,25,,,0,30,,3297,25,,,0,70,,3308,25,,,0,30,,3302,25,,,0,70,,3309,25,,,0,30,,3301,25,,,0,70,,3310,25,,,0,30,,3303,25,,,0,70,,3312,25,,,0,30,,3304,25,,,0,70,,3319,25,,,0,30,,3305,25,,,0,70,,3317,25,,,0,30,,3311,25,,,0,70,,3313,25,,,0,30,,3314,25,,,0
