1100,'5475',1835,,3504,8,,,0
1100,'5501',1835,,3507,8,,,0
1100,'5505',1835,,3510,8,,,0
1100,'5506',1835,,3513,8,,,0
3001,'5414',846,,3724,10,,,0,210,,3725,8,,,0,185,,3726,8,,,0,295,,3727,10,,,0,170,,3728,8,,,0
3001,'5475',746,,3714,10,,,0,310,,3715,8,,,0,185,,3718,8,,,0,295,,3716,10,,,0,170,,3717,8,,,0
3001,'5501',746,,3719,10,,,0,310,,3720,8,,,0,185,,3723,8,,,0,295,,3721,10,,,0,170,,3722,8,,,0
3001,'5505',746,,3729,10,,,0,310,,3730,8,,,0,185,,3733,8,,,0,295,,3731,10,,,0,170,,3732,8,,,0
3001,'5506',746,,3734,10,,,0,310,,3735,8,,,0,185,,3738,8,,,0,295,,3736,10,,,0,170,,3737,8,,,0
3001,'5508',746,,3739,10,,,0,310,,3740,8,,,0,185,,3743,8,,,0,295,,3741,10,,,0,170,,3742,8,,,0
7001,'5475',841,,3792,9,0,14 15,0,296,,3793,7,0,14 15,0,365,,3794,9,0,14 15,0,305,,3795,7,,,0
7001,'5501',841,,3796,9,0,14 15,0,296,,3797,7,0,14 15,0,365,,3798,9,0,14 15,0,305,,3799,7,,,0
7001,'5505',841,,3800,9,0,14 15,0,296,,3801,7,0,14 15,0,365,,3802,9,0,14 15,0,305,,3803,7,,,0
7001,'5506',841,,3804,9,0,14 15,0,296,,3805,7,0,14 15,0,365,,3806,9,0,14 15,0,305,,3807,7,,,0
