200,'5414',849,,2749,27,,,0,100,,2750,27,,,0,100,,2751,27,,,0,100,,2752,27,,,0,100,,2753,27,,,0,100,,2754,27,,,0,100,,2755,27,,,0,100,,2756,27,,,0,100,,2757,27,,,0,100,,2758,27,,,0
200,'5475',649,,2725,27,,,0,100,,2726,27,,,0,100,,2727,27,,,0,100,,2728,27,,,0,100,,2729,27,,,0,100,,2730,27,,,0,100,,2731,27,,,0,100,,2732,27,,,0,100,,2733,27,,,0,100,,2734,27,,,0,100,,2735,27,,,0,100,,2736,27,,,0
200,'5501',649,,2737,27,,,0,100,,2738,27,,,0,100,,2739,27,,,0,100,,2740,27,,,0,100,,2741,27,,,0,100,,2742,27,,,0,100,,2743,27,,,0,100,,2744,27,,,0,100,,2745,27,,,0,100,,2746,27,,,0,100,,2747,27,,,0,100,,2748,27,,,0
200,'5505',649,,2759,27,,,0,100,,2760,27,,,0,100,,2761,27,,,0,100,,2762,27,,,0,100,,2763,27,,,0,100,,2764,27,,,0,100,,2765,27,,,0,100,,2766,27,,,0,100,,2767,27,,,0,100,,2768,27,,,0,100,,2769,27,,,0,100,,2770,27,,,0
200,'5506',649,,2771,27,,,0,100,,2772,27,,,0,100,,2773,27,,,0,100,,2774,27,,,0,100,,2775,27,,,0,100,,2776,27,,,0,100,,2777,27,,,0,100,,2778,27,,,0,100,,2779,27,,,0,100,,2780,27,,,0,100,,2781,27,,,0,100,,2782,27,,,0
200,'5508',649,,2783,27,,,0,100,,2784,27,,,0,100,,2785,27,,,0,100,,2786,27,,,0,100,,2787,27,,,0,100,,2788,27,,,0,100,,2789,27,,,0,100,,2790,27,,,0,100,,2791,27,,,0,100,,2792,27,,,0,100,,2793,27,,,0,100,,2794,27,,,0
500,'5501',803,,3222,20,0,11 12,0
500,'5505',803,,3270,20,0,11 12,0
501,'5501',1521,,3367,12,0,11 12,0
501,'5505',1521,,3415,12,0,11 12,0
