3000,'5414',940,,3694,26,,,0,214,,3695,28,,,0,181,,3697,26,,,0,295,,3696,26,,,0,174,,3698,28,,,0
3000,'5475',840,,3685,26,,,0,314,,3684,28,,,0,181,,3688,26,,,0,295,,3686,26,,,0,174,,3687,28,,,0
3000,'5501',840,,3690,26,,,0,314,,3689,28,,,0,181,,3693,26,,,0,295,,3691,26,,,0,174,,3692,28,,,0
3000,'5505',840,,3700,26,,,0,314,,3699,28,,,0,181,,3703,26,,,0,295,,3701,26,,,0,174,,3702,28,,,0
3000,'5506',840,,3705,26,,,0,314,,3704,28,,,0,181,,3708,26,,,0,295,,3706,26,,,0,174,,3707,28,,,0
3000,'5508',840,,3710,26,,,0,314,,3709,28,,,0,181,,3713,26,,,0,295,,3711,26,,,0,174,,3712,28,,,0
3001,'5414',818,,3724,3,,,0,215,,3725,3,,,0,185,,3726,3,,,0,290,,3727,3,,,0,135,,3728,3,,,0
3001,'5475',718,,3714,3,,,0,315,,3715,3,,,0,185,,3718,3,,,0,290,,3716,3,,,0,135,,3717,3,,,0
3001,'5501',718,,3719,3,,,0,315,,3720,3,,,0,185,,3723,3,,,0,290,,3721,3,,,0,135,,3722,3,,,0
3001,'5505',718,,3729,3,,,0,315,,3730,3,,,0,185,,3733,3,,,0,290,,3731,3,,,0,135,,3732,3,,,0
3001,'5506',718,,3734,3,,,0,315,,3735,3,,,0,185,,3738,3,,,0,290,,3736,3,,,0,135,,3737,3,,,0
3001,'5508',718,,3739,3,,,0,315,,3740,3,,,0,185,,3743,3,,,0,290,,3741,3,,,0,135,,3742,3,,,0
7001,'5475',827,,4185,6,0,14 15,0,296,,4186,4,0,14 15,0,325,,4187,6,0,14 15,0,305,,4188,4,,,0
7001,'5501',827,,4197,6,0,14 15,0,296,,4198,4,0,14 15,0,325,,4199,6,0,14 15,0,305,,4200,4,,,0
7001,'5505',827,,4189,6,0,14 15,0,296,,4190,4,0,14 15,0,325,,4191,6,0,14 15,0,305,,4192,4,,,0
7001,'5506',827,,4193,6,0,14 15,0,296,,4194,4,0,14 15,0,325,,4195,6,0,14 15,0,305,,4196,4,,,0
