100,'5326',824,,1245,1,,,0
100,'5328',824,,1256,1,,,0
101,'5326',824,,1306,38,4,,0
101,'5328',824,,1327,15,4,,0
300,'5326',652,,1482,3,,,0,100,,1483,3,0,11 12,0,100,,1484,3,,,0,100,,1485,3,,,0,100,,1487,3,,,0,100,,1486,3,,,0,100,,1488,3,,,0,100,,1489,3,,,0,100,,1490,3,,,0,100,,1491,3,,,0,100,,1492,3,,,0,100,,1493,3,,,0
300,'5328',852,,1496,3,,,0,100,,1497,3,,,0,100,,1495,3,,,0,100,,1498,3,,,0,100,,1499,3,,,0,100,,1500,3,,,0,100,,1501,3,,,0,100,,1502,3,,,0,100,,1503,3,,,0,100,,1504,3,,,0
500,'5326',722,7,1762,8,,,0,30,7,1784,8,,,0,70,7,1764,8,,,0,30,7,1782,8,,,0,70,7,1765,8,,,0,30,7,1772,8,,,0,70,7,1766,8,,,0,30,7,1773,8,,,0,70,7,1763,8,,,0,30,7,1774,8,,,0,70,7,1768,8,,,0,30,7,1775,8,,,0,70,7,1767,8,,,0,30,7,1776,8,,,0,70,7,1769,8,,,0,30,7,1779,8,,,0,70,7,1770,8,,,0,30,7,1785,8,,,0,70,7,1771,8,,,0,30,7,1783,8,,,0,70,7,1777,8,,,0,30,7,1778,8,,,0,70,7,1780,8,,,0,23,,1781,8,4,,0,77,7,1786,8,,,0,100,7,1787,8,,,0,100,7,1788,8,,,0,100,7,1789,8,,,0,100,7,1790,8,,,0
500,'5328',922,7,1791,8,,,0,30,7,1807,8,,,0,70,7,1796,8,,,0,30,7,1804,8,,,0,70,7,1797,8,,,0,30,7,1805,8,,,0,70,7,1799,8,,,0,30,7,1803,8,,,0,70,7,1800,8,,,0,30,7,1806,8,,,0,70,7,1798,8,,,0,30,7,1808,8,,,0,70,7,1795,8,,,0,30,7,1802,8,,,0,70,7,1794,8,,,0,30,7,1801,8,,,0,70,7,1792,8,,,0,30,7,1809,8,,,0,70,7,1793,8,,,0,23,,1810,8,4,,0,77,7,1811,8,,,0,100,7,1812,8,,,0,100,7,1813,8,,,0,100,7,1814,8,,,0,100,7,1815,8,,,0
4000,'5326',820,,2140,8,4,,0,516,,2139,8,4,,0
5000,'5327',855,,2150,8,,,0
7000,'5326',559,,2157,14,,,0
