301,'5414',843,,2974,20,,,0,100,,2973,27,,,0,100,,2976,27,,,0,100,,2975,27,,,0,100,,2977,27,,,0,100,,2978,27,,,0,100,,2979,27,,,0,100,,2980,27,,,0,100,,2981,27,,,0,100,,2983,27,,,0
301,'5475',643,,2947,17,,,0,100,,2948,27,,,0,100,,2949,20,,,0,100,,2950,27,,,0,100,,2951,27,,,0,100,,2952,27,,,0,100,,2953,27,,,0,100,,2954,27,,,0,100,,2955,27,,,0,100,,2956,27,,,0,100,,2957,27,,,0,100,,2958,27,,,0
301,'5501',643,,2960,17,,,0,100,,2961,27,,,0,100,,2962,20,,,0,100,,2963,27,,,0,100,,2964,27,,,0,100,,2965,27,,,0,100,,2966,27,,,0,100,,2967,27,,,0,100,,2968,27,,,0,100,,2969,27,,,0,100,,2970,27,,,0,100,,2971,27,,,0
301,'5505',643,,2984,17,,,0,100,,2985,27,,,0,100,,2986,20,,,0,100,,2987,27,,,0,100,,2988,27,,,0,100,,2989,27,,,0,100,,2990,27,,,0,100,,2991,27,,,0,100,,2992,27,,,0,100,,2993,27,,,0,100,,2994,27,,,0,100,,2995,27,,,0
301,'5506',643,,2997,17,,,0,100,,2998,27,,,0,100,,2999,20,,,0,100,,3000,27,,,0,100,,3001,27,,,0,100,,3002,27,,,0,100,,3003,27,,,0,100,,3004,27,,,0,100,,3005,27,,,0,100,,3006,27,,,0,100,,3007,27,,,0,100,,3008,27,,,0
301,'5508',643,,3010,17,,,0,100,,3011,27,,,0,100,,3012,20,,,0,100,,3013,27,,,0,100,,3014,27,,,0,100,,3015,27,,,0,100,,3016,27,,,0,100,,3017,27,,,0,100,,3018,27,,,0,100,,3019,27,,,0,100,,3020,27,,,0,100,,3021,27,,,0
501,'5414',901,,3373,13,,,0,30,,3384,13,,,0,70,,3375,15,,,0,30,,3385,15,,,0,70,,3376,15,,,0,30,,3381,15,,,0,70,,3372,15,,,0,30,,3382,15,,,0,70,,3377,15,,,0,30,,3383,15,,,0,70,,3368,15,,,0,30,,3386,15,,,0,70,,3369,15,,,0,30,,3387,15,,,0,70,,3370,15,,,0,30,,3378,15,,,0,70,,3371,15,,,0,30,,3379,15,,,0,70,,3374,15,,,0,30,,3380,15,,,0
501,'5475',701,,3320,13,,,0,30,,3330,13,,,0,70,,3321,15,,,0,30,,3342,15,,,0,70,,3323,15,,,0,30,,3331,15,,,0,70,,3324,15,,,0,30,,3332,15,,,0,70,,3325,15,,,0,30,,3333,15,,,0,70,,3322,15,,,0,30,,3334,15,,,0,70,,3327,15,,,0,30,,3335,15,,,0,70,,3326,15,,,0,30,,3336,15,,,0,70,,3328,15,,,0,30,,3343,15,,,0,70,,3329,15,,,0,30,,3341,15,,,0,70,,3337,15,,,0,30,,3338,15,,,0,70,,3339,15,,,0,30,,3340,15,,,0
501,'5501',701,,3344,13,,,0,30,,3354,13,,,0,70,,3345,15,,,0,34,,3366,15,,,0,66,,3347,15,,,0,30,,3355,15,,,0,70,,3348,15,,,0,30,,3356,15,,,0,70,,3349,15,,,0,30,,3357,15,,,0,70,,3346,15,,,0,30,,3358,15,,,0,70,,3351,15,,,0,30,,3359,15,,,0,70,,3350,15,,,0,30,,3360,15,,,0,70,,3352,15,,,0,40,,3367,31,0,11 12,0,60,,3353,15,,,0,33,,3365,15,,,0,67,,3361,15,,,0,30,,3362,15,,,0,70,,3363,15,,,0,30,,3364,15,,,0
501,'5504',1231,,3388,15,,,0,100,,3389,15,,,0,100,,3390,15,,,0,100,,3391,15,,,0
501,'5505',701,,3392,13,,,0,30,,3402,13,,,0,70,,3393,15,,,0,34,,3414,15,,,0,66,,3395,15,,,0,30,,3403,15,,,0,70,,3396,15,,,0,30,,3404,15,,,0,70,,3397,15,,,0,30,,3405,15,,,0,70,,3394,15,,,0,30,,3406,15,,,0,70,,3399,15,,,0,30,,3407,15,,,0,70,,3398,15,,,0,30,,3408,15,,,0,70,,3400,15,,,0,40,,3415,31,0,11 12,0,60,,3401,15,,,0,33,,3413,15,,,0,67,,3409,15,,,0,30,,3410,15,,,0,70,,3411,15,,,0,30,,3412,15,,,0
501,'5506',701,,3416,13,,,0,30,,3426,13,,,0,70,,3417,15,,,0,30,,3438,15,,,0,70,,3419,15,,,0,30,,3427,15,,,0,70,,3420,15,,,0,30,,3428,15,,,0,70,,3421,15,,,0,30,,3429,15,,,0,70,,3418,15,,,0,30,,3430,15,,,0,70,,3423,15,,,0,30,,3431,15,,,0,70,,3422,15,,,0,30,,3432,15,,,0,70,,3424,15,,,0,30,,3439,15,,,0,70,,3425,15,,,0,30,,3437,15,,,0,70,,3433,15,,,0,30,,3434,15,,,0,70,,3435,15,,,0,30,,3436,15,,,0
501,'5508',701,,3440,13,,,0,30,,3450,13,,,0,70,,3441,15,,,0,30,,3462,15,,,0,70,,3443,15,,,0,30,,3451,15,,,0,70,,3444,15,,,0,30,,3452,15,,,0,70,,3445,15,,,0,30,,3453,15,,,0,70,,3442,15,,,0,30,,3454,15,,,0,70,,3447,15,,,0,30,,3455,15,,,0,70,,3446,15,,,0,30,,3456,15,,,0,70,,3448,15,,,0,30,,3463,15,,,0,70,,3449,15,,,0,30,,3461,15,,,0,70,,3457,15,,,0,30,,3458,15,,,0,70,,3459,15,,,0,30,,3460,15,,,0
1500,'5414',1906,,3546,28,0,13,0,124,,3548,28,0,13,0,123,,3550,28,0,13,0,85,,3552,28,0,13,0
1500,'5475',1906,,3527,2,0,13,0,124,,3529,28,0,13,0,123,,3531,28,0,13,0,85,,3533,28,0,13,0,181,,3536,28,0,13,0,124,,3534,28,0,13,0
1500,'5501',1906,,3539,2,0,13,0,124,,3541,28,0,13,0,123,,3543,28,0,13,0,85,,3545,28,0,13,0
1500,'5505',1906,,3554,2,0,13,0,124,,3556,28,0,13,0,123,,3558,28,0,13,0,85,,3560,28,0,13,0
1500,'5506',1906,,3562,2,0,13,0,124,,3564,28,0,13,0,123,,3566,28,0,13,0,85,,3568,28,0,13,0
1500,'5508',1906,,3570,2,0,13,0,124,,3572,28,0,13,0,123,,3574,28,0,13,0,85,,3576,28,0,13,0
1601,'5504',943,,4134,23,,,0,100,,4136,23,,,0,100,,4135,23,,,0,100,,4137,23,,,0,100,,4139,23,,,0,100,,4138,23,,,0,100,,4140,23,,,0,100,,4141,23,,,0,100,,4142,23,,,0
2001,'5475',642,,3644,2,0,16 17,0,164,,3645,2,0,16 17,0,295,,3646,2,0,8 9,0,435,,3648,2,0,8 9,0,170,,3647,2,0,8 9,0
2001,'5501',642,,3649,2,0,16 17,0,164,,3650,2,0,16 17,0,295,,3651,2,0,8 9,0,435,,3653,2,0,8 9,0,170,,3652,2,0,8 9,0
2001,'5505',642,,3654,2,0,16 17,0,164,,3655,2,0,16 17,0,295,,3656,2,0,8 9,0,435,,3658,2,0,8 9,0,170,,3657,2,0,8 9,0
2001,'5506',642,,3659,2,0,16 17,0,164,,3660,2,0,16 17,0,295,,3661,2,0,8 9,0,435,,3663,2,0,8 9,0,170,,3662,2,0,8 9,0
1000100,'5475',1901,,3808,2,,,0,30,,3819,2,,,0,70,,3817,2,,,0,30,,3818,2,,,0,70,,3814,2,,,0,30,,3816,2,,,0,70,,3815,2,,,0,30,,3813,2,,,0,170,,3810,2,,,0,30,,3812,2,,,0,70,,3809,2,,,0,30,,3811,2,,,0
