201,'5414',826,,2821,33,,,0,100,,2822,33,,,0,100,,2823,33,,,0,100,,2824,33,,,0,100,,2825,33,,,0,100,,2826,33,,,0,100,,2827,33,,,0,100,,2828,33,,,0,100,,2829,33,,,0,100,,2830,33,,,0,100,,2831,33,,,0
201,'5475',726,,2795,33,,,0,100,,2796,33,,,0,100,,2797,33,,,0,100,,2798,33,,,0,100,,2799,33,,,0,100,,2800,33,,,0,100,,2801,33,,,0,100,,2802,33,,,0,100,,2803,33,,,0,100,,2804,33,,,0,100,,2805,33,,,0,100,,2807,15,,,0
201,'5501',726,,2808,33,,,0,100,,2809,33,,,0,100,,2810,33,,,0,100,,2811,33,,,0,100,,2812,33,,,0,100,,2813,33,,,0,100,,2814,33,,,0,100,,2815,33,,,0,100,,2816,33,,,0,100,,2817,33,,,0,100,,2818,33,,,0,100,,2820,15,,,0
201,'5505',726,,2832,33,,,0,100,,2833,33,,,0,100,,2834,33,,,0,100,,2835,33,,,0,100,,2836,33,,,0,100,,2837,33,,,0,100,,2838,33,,,0,100,,2839,33,,,0,100,,2840,33,,,0,100,,2841,33,,,0,100,,2842,33,,,0,100,,2844,15,,,0
201,'5506',726,,2845,33,,,0,100,,2846,33,,,0,100,,2847,33,,,0,100,,2848,33,,,0,100,,2849,33,,,0,100,,2850,33,,,0,100,,2851,33,,,0,100,,2852,33,,,0,100,,2853,33,,,0,100,,2854,33,,,0,100,,2855,33,,,0,100,,2857,15,,,0
201,'5508',726,,2858,33,,,0,100,,2859,33,,,0,100,,2860,33,,,0,100,,2861,33,,,0,100,,2862,33,,,0,100,,2863,33,,,0,100,,2864,33,,,0,100,,2865,33,,,0,100,,2866,33,,,0,100,,2867,33,,,0,100,,2868,33,,,0,100,,2870,15,,,0
401,'5414',852,,3126,26,,,0,100,,3128,26,,,0,100,,3129,26,,,0,100,,3127,26,,,0,100,,3131,26,,,0,100,,3130,26,,,0,100,,3132,26,,,0,100,,3133,26,,,0,100,,3134,26,,,0,100,,3135,26,,,0
401,'5475',652,,3106,13,,,0,100,,3107,26,,,0,100,,3108,26,,,0,100,,3109,26,,,0,100,,3110,26,,,0,100,,3111,26,,,0,100,,3112,26,,,0,100,,3104,26,,,0,100,,3105,26,,,0,100,,3102,26,,,0,100,,3101,26,,,0,100,,3103,26,,,0
401,'5501',652,,3119,13,,,0,100,,3120,26,,,0,100,,3121,26,,,0,100,,3122,26,,,0,100,,3123,26,,,0,100,,3124,26,,,0,100,,3125,26,,,0,100,,3117,26,,,0,100,,3118,26,,,0,100,,3115,26,,,0,100,,3114,26,,,0,100,,3116,26,,,0
401,'5505',652,,3143,13,,,0,100,,3144,26,,,0,100,,3145,26,,,0,100,,3146,26,,,0,100,,3147,26,,,0,100,,3148,26,,,0,100,,3149,26,,,0,100,,3141,26,,,0,100,,3142,26,,,0,100,,3139,26,,,0,100,,3138,26,,,0,100,,3140,26,,,0
401,'5506',652,,3156,13,,,0,100,,3157,26,,,0,100,,3158,26,,,0,100,,3159,26,,,0,100,,3160,26,,,0,100,,3161,26,,,0,100,,3162,26,,,0,100,,3154,26,,,0,100,,3155,26,,,0,100,,3152,26,,,0,100,,3151,26,,,0,100,,3153,26,,,0
401,'5508',652,,3169,13,,,0,100,,3170,26,,,0,100,,3171,26,,,0,100,,3172,26,,,0,100,,3173,26,,,0,100,,3174,26,,,0,100,,3175,26,,,0,100,,3167,26,,,0,100,,3168,26,,,0,100,,3165,26,,,0,100,,3164,26,,,0,100,,3166,26,,,0
1001,'5414',918,,3491,25,,,0,434,,3492,25,,,0,402,,3493,25,,,0
1001,'5475',753,,3483,25,,,0,165,,3484,25,,,0,434,,3485,25,,,0,402,,3486,25,,,0
1001,'5501',753,,3487,25,,,0,165,,3488,25,,,0,434,,3489,25,,,0,402,,3490,25,,,0
1001,'5505',753,,3494,25,,,0,165,,3495,25,,,0,434,,3496,25,,,0,402,,3497,25,,,0
1001,'5506',753,,3498,25,,,0,165,,3499,25,,,0,434,,3500,25,,,0,402,,3501,25,,,0
1100,'5475',1002,,3502,15,,,0,308,,3503,15,,,0
1100,'5501',1002,,3505,15,,,0,308,,3506,15,,,0
1100,'5505',1002,,3508,15,,,0,308,,3509,15,,,0
1100,'5506',1002,,3511,15,,,0,308,,3512,15,,,0
1501,'5414',1950,,3589,15,,,0,164,,3592,15,,,0
1501,'5475',1950,,3578,15,,,0,164,,3580,15,,,0,388,,3583,15,,,0,125,,3581,15,0,14 15,0
1501,'5501',1950,,3586,15,,,0,164,,3588,15,,,0
1501,'5505',1950,,3594,15,,,0,164,,3596,15,,,0
1501,'5506',1950,,3598,15,,,0,164,,3600,15,,,0
1501,'5508',1950,,3602,15,,,0,164,,3604,15,,,0
7001,'5475',855,,4185,27,0,14 15,0,296,,4186,25,0,14 15,0,365,,4187,27,0,14 15,0,302,,4188,25,,,0
7001,'5505',855,,4189,27,0,14 15,0,296,,4190,25,0,14 15,0,365,,4191,27,0,14 15,0,302,,4192,25,,,0
7001,'5506',855,,4193,27,0,14 15,0,296,,4194,25,0,14 15,0,365,,4195,27,0,14 15,0,302,,4196,25,,,0
7001,'5681',855,,3796,27,0,14 15,0,296,,3797,25,0,14 15,0,365,,3798,27,0,14 15,0,302,,3799,25,,,0
7001,'5682',855,,4197,27,0,14 15,0,296,,4198,25,0,14 15,0,365,,4199,27,0,14 15,0,302,,4200,25,,,0
