200,'5475',649,,2725,26,,,0,100,,2726,26,,,0,100,,2727,26,,,0,100,,2728,26,,,0,100,,2729,26,,,0,100,,2730,26,,,0,100,,2731,26,,,0,100,,2732,26,,,0,100,,2733,26,,,0,100,,2734,26,,,0,100,,2735,26,,,0,100,,2736,26,,,0
200,'5501',649,,2737,26,,,0,100,,2738,26,,,0,100,,2739,26,,,0,100,,2740,26,,,0,100,,2741,26,,,0,100,,2742,26,,,0,100,,2743,26,,,0,100,,2744,26,,,0,100,,2745,26,,,0,100,,2746,26,,,0,100,,2747,26,,,0,100,,2748,26,,,0
200,'5503',849,,2749,26,,,0,100,,2750,26,,,0,100,,2751,26,,,0,100,,2752,26,,,0,100,,2753,26,,,0,100,,2754,26,,,0,100,,2755,26,,,0,100,,2756,26,,,0,100,,2757,26,,,0,100,,2758,26,,,0
200,'5505',649,,2759,26,,,0,100,,2760,26,,,0,100,,2761,26,,,0,100,,2762,26,,,0,100,,2763,26,,,0,100,,2764,26,,,0,100,,2765,26,,,0,100,,2766,26,,,0,100,,2767,26,,,0,100,,2768,26,,,0,100,,2769,26,,,0,100,,2770,26,,,0
200,'5506',649,,2771,26,,,0,100,,2772,26,,,0,100,,2773,26,,,0,100,,2774,26,,,0,100,,2775,26,,,0,100,,2776,26,,,0,100,,2777,26,,,0,100,,2778,26,,,0,100,,2779,26,,,0,100,,2780,26,,,0,100,,2781,26,,,0,100,,2782,26,,,0
200,'5508',649,,2783,26,,,0,100,,2784,26,,,0,100,,2785,26,,,0,100,,2786,26,,,0,100,,2787,26,,,0,100,,2788,26,,,0,100,,2789,26,,,0,100,,2790,26,,,0,100,,2791,26,,,0,100,,2792,26,,,0,100,,2793,26,,,0,100,,2794,26,,,0
500,'5501',803,,3222,19,0,11 12,0
500,'5505',803,,3270,19,0,11 12,0
501,'5501',1521,,3367,11,0,11 12,0
501,'5505',1521,,3415,11,0,11 12,0
