200,'5326',632,,1362,5,,,0,100,,1363,5,,,0,100,,1364,5,,,0,100,,1365,5,,,0,100,,1366,5,,,0,100,,1367,5,,,0,100,,1368,5,,,0,100,,1369,5,,,0,100,,1370,5,,,0,100,,1371,5,,,0,100,,1372,5,,,0,100,,1373,5,,,0
200,'5328',832,,1374,5,,,0,100,,1375,5,,,0,100,,1376,5,,,0,100,,1377,5,,,0,100,,1378,5,,,0,100,,1379,5,,,0,100,,1380,5,,,0,100,,1381,5,,,0,100,,1382,5,,,0,100,,1383,5,,,0
400,'5326',702,,1604,5,,,0,100,,1609,5,,,0,100,,1611,5,,,0,100,,1612,5,,,0,100,,1613,5,,,0,100,,1614,5,,,0,100,,1615,5,,,0,100,,1616,5,,,0,100,,1610,5,,,0,100,,1607,5,,,0,100,,1608,5,,,0,100,,1606,5,0,7 6,0
400,'5328',802,,1620,5,,,0,100,,1623,5,,,0,100,,1617,5,,,0,100,,1618,5,,,0,100,,1621,5,,,0,100,,1622,5,,,0,100,,1619,5,,,0,100,,1624,5,,,0,100,,1625,5,,,0,100,,1626,5,,,0,100,,1627,5,0,7 6,0
1000,'5326',643,,1952,5,,,0,162,,1953,5,,,0,123,,1956,5,,,0,305,,1954,5,,,0,407,,1955,5,,,0
1000,'5328',805,,1957,5,,,0,428,,1958,5,,,0,407,,1959,5,,,0
1101,'5326',1235,,1987,5,,,0,572,,1985,5,,,0
1500,'5326',2003,,2014,10,,,0,124,,2015,10,,,0,85,,2017,10,,,0
1500,'5328',2003,,2020,10,,,0,124,,2023,10,,,0,85,,2022,10,,,0
7000,'5326',605,,2157,21,,,0,305,,2158,4,,,0,324,,2159,4,,,0,300,,2160,4,,,0
