101,'5414',854,,4117,7,,,0,100,,4119,7,,,0,100,,4113,7,,,0,100,,4115,7,,,0,100,,4118,7,,,0,100,,4116,7,,,0,100,,4120,7,,,0,100,,4114,7,,,0,100,,4121,7,,,0,100,,4122,7,,,0
101,'5475',654,,4049,7,,,0,100,,4050,7,,,0,100,,4051,7,,,0,100,,4052,7,,,0,100,,4054,7,,,0,100,,4053,7,,,0,100,,4056,7,,,0,100,,4055,7,,,0,100,,4057,7,,,0,100,,4058,7,,,0,100,,4059,7,,,0,100,,4060,7,,,0
101,'5501',654,,4101,7,,,0,100,,4102,7,,,0,100,,4103,7,,,0,100,,4104,7,,,0,100,,4106,7,,,0,100,,4105,7,,,0,100,,4108,7,,,0,100,,4107,7,,,0,100,,4109,7,,,0,100,,4110,7,,,0,100,,4111,7,,,0,100,,4112,7,,,0
101,'5505',654,,4062,7,,,0,100,,4063,7,,,0,100,,4064,7,,,0,100,,4065,7,,,0,100,,4067,7,,,0,100,,4066,7,,,0,100,,4069,7,,,0,100,,4068,7,,,0,100,,4070,7,,,0,100,,4071,7,,,0,100,,4072,7,,,0,100,,4073,7,,,0
101,'5506',654,,4075,7,,,0,100,,4076,7,,,0,100,,4077,7,,,0,100,,4078,7,,,0,100,,4080,7,,,0,100,,4079,7,,,0,100,,4082,7,,,0,100,,4081,7,,,0,100,,4083,7,,,0,100,,4084,7,,,0,100,,4085,7,,,0,100,,4086,7,,,0
101,'5508',654,,4088,7,,,0,100,,4089,7,,,0,100,,4090,7,,,0,100,,4091,7,,,0,100,,4093,7,,,0,100,,4092,7,,,0,100,,4095,7,,,0,100,,4094,7,,,0,100,,4096,7,,,0,100,,4097,7,,,0,100,,4098,7,,,0,100,,4099,7,,,0
400,'5414',813,,3052,15,,,0,100,,3055,15,,,0,100,,3049,15,,,0,100,,3050,15,,,0,100,,3053,15,,,0,100,,3054,15,,,0,100,,3051,15,,,0,100,,3056,15,,,0,100,,3057,15,,,0,100,,3058,15,,,0,100,,3059,15,0,7 6,0
400,'5475',713,,3023,15,,,0,100,,3028,15,,,0,100,,3029,15,,,0,100,,3030,15,,,0,100,,3032,15,,,0,100,,3033,15,,,0,100,,3034,15,,,0,100,,3035,15,,,0,100,,3031,15,,,0,100,,3026,15,,,0,100,,3027,15,,,0,100,,3025,15,0,7 6,0
400,'5501',713,,3036,15,,,0,100,,3041,15,,,0,100,,3042,15,,,0,100,,3043,15,,,0,100,,3045,15,,,0,100,,3046,15,,,0,100,,3047,15,,,0,100,,3048,15,,,0,100,,3044,15,,,0,100,,3039,15,,,0,100,,3040,15,,,0,100,,3038,15,0,7 6,0
400,'5505',713,,3061,15,,,0,100,,3066,15,,,0,100,,3067,15,,,0,100,,3068,15,,,0,100,,3070,15,,,0,100,,3071,15,,,0,100,,3072,15,,,0,100,,3073,15,,,0,100,,3069,15,,,0,100,,3064,15,,,0,100,,3065,15,,,0,100,,3063,15,0,7 6,0
400,'5506',713,,3074,15,,,0,100,,3079,15,,,0,100,,3080,15,,,0,100,,3081,15,,,0,100,,3083,15,,,0,100,,3084,15,,,0,100,,3085,15,,,0,100,,3086,15,,,0,100,,3082,15,,,0,100,,3077,15,,,0,100,,3078,15,,,0,100,,3076,15,0,7 6,0
400,'5508',713,,3087,15,,,0,100,,3092,15,,,0,100,,3093,15,,,0,100,,3094,15,,,0,100,,3096,15,,,0,100,,3097,15,,,0,100,,3098,15,,,0,100,,3099,15,,,0,100,,3095,15,,,0,100,,3090,15,,,0,100,,3091,15,,,0,100,,3089,15,0,7 6,0
1001,'5414',910,,3491,15,,,0,434,,3492,15,,,0,403,,3493,15,,,0
1001,'5475',746,,3483,15,,,0,164,,3484,15,,,0,434,,3485,15,,,0,403,,3486,15,,,0
1001,'5501',746,,3487,15,,,0,164,,3488,15,,,0,434,,3489,15,,,0,403,,3490,15,,,0
1001,'5505',746,,3494,15,,,0,164,,3495,15,,,0,434,,3496,15,,,0,403,,3497,15,,,0
1001,'5506',746,,3498,15,,,0,164,,3499,15,,,0,434,,3500,15,,,0,403,,3501,15,,,0
