100,'5414',837,,3820,16,,,0,100,,3822,24,,,0,100,,3826,24,,,0,100,,3830,24,,,0,100,,3823,24,,,0,100,,3821,24,,,0,100,,3827,24,,,0,100,,3825,24,,,0,100,,3824,24,,,0,100,,3829,24,,,0
100,'5475',637,,3831,24,,,0,100,,3832,24,,,0,100,,3833,16,,,0,100,,3834,24,,,0,100,,3835,24,,,0,100,,3836,24,,,0,100,,3837,24,,,0,100,,3838,24,,,0,100,,3839,24,,,0,100,,3840,24,,,0,100,,3841,24,,,0,100,,3842,24,,,0
100,'5505',637,,3844,24,,,0,100,,3845,24,,,0,100,,3846,16,,,0,100,,3847,24,,,0,100,,3848,24,,,0,100,,3849,24,,,0,100,,3850,24,,,0,100,,3851,24,,,0,100,,3852,24,,,0,100,,3853,24,,,0,100,,3854,24,,,0,100,,3855,24,,,0
100,'5506',637,,3857,24,,,0,100,,3858,24,,,0,100,,3859,16,,,0,100,,3860,24,,,0,100,,3861,24,,,0,100,,3862,24,,,0,100,,3863,24,,,0,100,,3864,24,,,0,100,,3865,24,,,0,100,,3866,24,,,0,100,,3867,24,,,0,100,,3868,24,,,0
100,'5508',637,,3870,24,,,0,100,,3871,24,,,0,100,,3872,16,,,0,100,,3873,24,,,0,100,,3874,24,,,0,100,,3875,24,,,0,100,,3876,24,,,0,100,,3877,24,,,0,100,,3878,24,,,0,100,,3879,24,,,0,100,,3880,24,,,0,100,,3881,24,,,0
100,'5625',637,,3883,24,,,0,100,,3884,24,,,0,100,,3885,16,,,0,100,,3886,24,,,0,100,,3887,24,,,0,100,,3888,24,,,0,100,,3889,24,,,0,100,,3890,24,,,0,100,,3891,24,,,0,100,,3892,24,,,0,100,,3893,24,,,0,100,,3894,24,,,0
300,'5414',815,,2898,26,0,11 12,0,91,,2899,18,,,0,100,,2900,18,,,0,100,,2897,18,,,0,100,,2901,18,,,0,100,,2902,18,,,0,100,,2903,18,,,0,100,,2904,18,,,0,100,,2905,18,,,0,100,,2906,18,,,0,100,,2907,18,,,0
300,'5475',706,,2871,18,,,0,109,,2872,32,0,11 12,0,91,,2873,18,,,0,100,,2874,18,,,0,100,,2876,18,,,0,100,,2875,18,,,0,100,,2877,18,,,0,100,,2878,18,,,0,100,,2879,18,,,0,100,,2880,18,,,0,100,,2881,18,,,0,100,,2882,18,0,7 6,0
300,'5501',706,,2884,18,,,0,109,,2885,32,0,11 12,0,91,,2886,18,,,0,100,,2887,18,,,0,100,,2889,18,,,0,100,,2888,18,,,0,100,,2890,18,,,0,100,,2891,18,,,0,100,,2892,18,,,0,100,,2893,18,,,0,100,,2894,18,,,0,100,,2895,18,0,7 6,0
300,'5505',706,,2908,18,,,0,109,,2909,32,0,11 12,0,91,,2910,18,,,0,100,,2911,18,,,0,100,,2913,18,,,0,100,,2912,18,,,0,100,,2914,18,,,0,100,,2915,18,,,0,100,,2916,18,,,0,100,,2917,18,,,0,100,,2918,18,,,0,100,,2919,18,0,7 6,0
300,'5506',706,,2921,18,,,0,109,,2922,32,0,11 12,0,91,,2923,18,,,0,100,,2924,18,,,0,100,,2926,18,,,0,100,,2925,18,,,0,100,,2927,18,,,0,100,,2928,18,,,0,100,,2929,18,,,0,100,,2930,18,,,0,100,,2931,18,,,0,100,,2932,18,0,7 6,0
300,'5508',706,,2934,18,,,0,109,,2935,32,0,11 12,0,91,,2936,18,,,0,100,,2937,18,,,0,100,,2939,18,,,0,100,,2938,18,,,0,100,,2940,18,,,0,100,,2941,18,,,0,100,,2942,18,,,0,100,,2943,18,,,0,100,,2944,18,,,0,100,,2945,18,0,7 6,0
1501,'5414',1936,,3590,34,0,7,0,164,,3591,34,0,7,0
1501,'5475',1936,,3577,34,0,7,0,164,,3579,34,0,7,0,348,,3584,34,0,7,0,164,,3582,34,0,7,0
1501,'5501',1936,,3585,34,0,7,0,164,,3587,34,0,7,0
1501,'5505',1936,,3593,34,0,7,0,164,,3595,34,0,7,0
1501,'5506',1936,,3597,34,0,7,0,164,,3599,34,0,7,0
1501,'5508',1936,,3601,34,0,7,0,164,,3603,34,0,7,0
1600,'5504',908,,3605,14,0,16 18,0,100,,3608,20,,,0,100,,3607,20,,,0,100,,3606,20,,,0,100,,3609,20,,,0,100,,3610,20,,,0,100,,3611,20,,,0,100,,3612,20,,,0,100,,3613,20,,,0
7000,'5475',609,,3776,27,,,0,305,,3777,10,,,0,324,,3778,10,,,0,300,,3779,10,,,0
7000,'5501',609,,3780,27,,,0,305,,3781,10,,,0,324,,3782,10,,,0,300,,3783,10,,,0
7000,'5505',609,,3784,27,,,0,305,,3785,10,,,0,324,,3786,10,,,0,300,,3787,10,,,0
7000,'5506',609,,3788,27,,,0,305,,3789,10,,,0,324,,3790,10,,,0,300,,3791,10,,,0
