300,'5414',809,,2898,16,0,11 12,0
300,'5475',809,,2872,22,0,11 12,0
300,'5501',809,,2885,22,0,11 12,0
300,'5505',809,,2909,22,0,11 12,0
300,'5506',809,,2922,22,0,11 12,0
300,'5508',809,,2935,22,0,11 12,0
400,'5414',826,,3052,36,,,0,100,,3055,36,,,0,100,,3049,36,,,0,100,,3050,36,,,0,100,,3053,36,,,0,100,,3054,36,,,0,100,,3051,36,,,0,100,,3056,36,,,0,100,,3057,36,,,0,100,,3058,36,,,0,110,,3060,21,,,0
400,'5475',726,,3023,36,,,0,100,,3028,36,,,0,100,,3029,36,,,0,100,,3030,36,,,0,100,,3032,36,,,0,100,,3033,36,,,0,100,,3034,36,,,0,100,,3035,36,,,0,100,,3031,36,,,0,100,,3026,36,,,0,100,,3027,36,,,0,110,,3024,21,,,0
400,'5501',726,,3036,36,,,0,100,,3041,36,,,0,100,,3042,36,,,0,100,,3043,36,,,0,100,,3045,36,,,0,100,,3046,36,,,0,100,,3047,36,,,0,100,,3048,36,,,0,100,,3044,36,,,0,100,,3039,36,,,0,100,,3040,36,,,0,110,,3037,21,,,0
400,'5505',726,,3061,36,,,0,100,,3066,36,,,0,100,,3067,36,,,0,100,,3068,36,,,0,100,,3070,36,,,0,100,,3071,36,,,0,100,,3072,36,,,0,100,,3073,36,,,0,100,,3069,36,,,0,100,,3064,36,,,0,100,,3065,36,,,0,110,,3062,21,,,0
400,'5506',726,,3074,36,,,0,100,,3079,36,,,0,100,,3080,36,,,0,100,,3081,36,,,0,100,,3083,36,,,0,100,,3084,36,,,0,100,,3085,36,,,0,100,,3086,36,,,0,100,,3082,36,,,0,100,,3077,36,,,0,100,,3078,36,,,0,110,,3075,21,,,0
400,'5508',726,,3087,36,,,0,100,,3092,36,,,0,100,,3093,36,,,0,100,,3094,36,,,0,100,,3096,36,,,0,100,,3097,36,,,0,100,,3098,36,,,0,100,,3099,36,,,0,100,,3095,36,,,0,100,,3090,36,,,0,100,,3091,36,,,0,110,,3088,21,,,0
