101,'5475',702,,2650,13,,,0,100,,2651,13,,,0,100,,2652,13,,,0,100,,2653,13,,,0,100,,2655,13,,,0,100,,2654,13,,,0,100,,2657,13,,,0,100,,2656,13,,,0,100,,2658,13,,,0,100,,2659,13,,,0,100,,2660,13,,,0,100,,2661,13,,,0
101,'5501',702,,2663,13,,,0,100,,2664,13,,,0,100,,2665,13,,,0,100,,2666,13,,,0,100,,2668,13,,,0,100,,2667,13,,,0,100,,2670,13,,,0,100,,2669,13,,,0,100,,2671,13,,,0,100,,2672,13,,,0,100,,2673,13,,,0,100,,2674,13,,,0
101,'5503',902,,2679,13,,,0,100,,2681,13,,,0,100,,2675,13,,,0,100,,2677,13,,,0,100,,2680,13,,,0,100,,2678,13,,,0,100,,2682,13,,,0,100,,2676,13,,,0,100,,2683,13,,,0,100,,2684,13,,,0
101,'5505',702,,2687,13,,,0,100,,2688,13,,,0,100,,2689,13,,,0,100,,2690,13,,,0,100,,2692,13,,,0,100,,2691,13,,,0,100,,2694,13,,,0,100,,2693,13,,,0,100,,2695,13,,,0,100,,2696,13,,,0,100,,2697,13,,,0,100,,2698,13,,,0
101,'5506',702,,2700,13,,,0,100,,2701,13,,,0,100,,2702,13,,,0,100,,2703,13,,,0,100,,2705,13,,,0,100,,2704,13,,,0,100,,2707,13,,,0,100,,2706,13,,,0,100,,2708,13,,,0,100,,2709,13,,,0,100,,2710,13,,,0,100,,2711,13,,,0
101,'5508',702,,2713,13,,,0,100,,2714,13,,,0,100,,2715,13,,,0,100,,2716,13,,,0,100,,2718,13,,,0,100,,2717,13,,,0,100,,2720,13,,,0,100,,2719,13,,,0,100,,2721,13,,,0,100,,2722,13,,,0,100,,2723,13,,,0,100,,2724,13,,,0
301,'5475',632,,2947,5,,,0,100,,2948,15,,,0,100,,2949,8,,,0,100,,2950,15,,,0,100,,2951,15,,,0,100,,2952,15,,,0,100,,2953,15,,,0,100,,2954,15,,,0,100,,2955,15,,,0,100,,2956,15,,,0,100,,2957,15,,,0,100,,2958,15,,,0
301,'5501',632,,2960,5,,,0,100,,2961,15,,,0,100,,2962,8,,,0,100,,2963,15,,,0,100,,2964,15,,,0,100,,2965,15,,,0,100,,2966,15,,,0,100,,2967,15,,,0,100,,2968,15,,,0,100,,2969,15,,,0,100,,2970,15,,,0,100,,2971,15,,,0
301,'5503',832,,2974,8,,,0,100,,2973,15,,,0,100,,2976,15,,,0,100,,2975,15,,,0,100,,2977,15,,,0,100,,2978,15,,,0,100,,2979,15,,,0,100,,2980,15,,,0,100,,2981,15,,,0,100,,2983,15,,,0
301,'5505',632,,2984,5,,,0,100,,2985,15,,,0,100,,2986,8,,,0,100,,2987,15,,,0,100,,2988,15,,,0,100,,2989,15,,,0,100,,2990,15,,,0,100,,2991,15,,,0,100,,2992,15,,,0,100,,2993,15,,,0,100,,2994,15,,,0,100,,2995,15,,,0
301,'5506',632,,2997,5,,,0,100,,2998,15,,,0,100,,2999,8,,,0,100,,3000,15,,,0,100,,3001,15,,,0,100,,3002,15,,,0,100,,3003,15,,,0,100,,3004,15,,,0,100,,3005,15,,,0,100,,3006,15,,,0,100,,3007,15,,,0,100,,3008,15,,,0
301,'5508',632,,3010,5,,,0,100,,3011,15,,,0,100,,3012,8,,,0,100,,3013,15,,,0,100,,3014,15,,,0,100,,3015,15,,,0,100,,3016,15,,,0,100,,3017,15,,,0,100,,3018,15,,,0,100,,3019,15,,,0,100,,3020,15,,,0,100,,3021,15,,,0
1500,'5475',1851,,3526,5,0,14 15,0,164,,3529,5,0,13,0,124,,3531,5,0,13,0,85,,3533,5,0,13,0,179,,3536,5,0,13,0,124,,3534,5,0,13,0
1500,'5501',1851,,3538,5,0,14 15,0,164,,3541,5,0,13,0,124,,3543,5,0,13,0,85,,3545,5,0,13,0
1500,'5503',1851,,3546,5,0,13,0,164,,3548,5,0,13,0,124,,3550,5,0,13,0,85,,3552,5,0,13,0
1500,'5505',1851,,3553,5,0,14 15,0,164,,3556,5,0,13,0,124,,3558,5,0,13,0,85,,3560,5,0,13,0
1500,'5506',1851,,3561,5,0,14 15,0,164,,3564,5,0,13,0,124,,3566,5,0,13,0,85,,3568,5,0,13,0
1500,'5508',1851,,3569,5,0,14 15,0,164,,3572,5,0,13,0,124,,3574,5,0,13,0,85,,3576,5,0,13,0
7001,'5475',846,,3792,18,0,14 15,0,296,,3793,16,0,14 15,0,365,,3794,18,0,14 15,0,305,,3795,16,,,0
7001,'5501',846,,3796,18,0,14 15,0,296,,3797,16,0,14 15,0,365,,3798,18,0,14 15,0,305,,3799,16,,,0
7001,'5505',846,,3800,18,0,14 15,0,296,,3801,16,0,14 15,0,365,,3802,18,0,14 15,0,305,,3803,16,,,0
7001,'5506',846,,3804,18,0,14 15,0,296,,3805,16,0,14 15,0,365,,3806,18,0,14 15,0,305,,3807,16,,,0
