200,'5414',843,,2749,16,,,0,100,,2750,16,,,0,100,,2751,16,,,0,100,,2752,16,,,0,100,,2753,16,,,0,100,,2754,16,,,0,100,,2755,16,,,0,100,,2756,16,,,0,100,,2757,16,,,0,100,,2758,16,,,0
200,'5475',643,,2725,16,,,0,100,,2726,16,,,0,100,,2727,16,,,0,100,,2728,16,,,0,100,,2729,16,,,0,100,,2730,16,,,0,100,,2731,16,,,0,100,,2732,16,,,0,100,,2733,16,,,0,100,,2734,16,,,0,100,,2735,16,,,0,100,,2736,16,,,0
200,'5501',643,,2737,16,,,0,100,,2738,16,,,0,100,,2739,16,,,0,100,,2740,16,,,0,100,,2741,16,,,0,100,,2742,16,,,0,100,,2743,16,,,0,100,,2744,16,,,0,100,,2745,16,,,0,100,,2746,16,,,0,100,,2747,16,,,0,100,,2748,16,,,0
200,'5505',643,,2759,16,,,0,100,,2760,16,,,0,100,,2761,16,,,0,100,,2762,16,,,0,100,,2763,16,,,0,100,,2764,16,,,0,100,,2765,16,,,0,100,,2766,16,,,0,100,,2767,16,,,0,100,,2768,16,,,0,100,,2769,16,,,0,100,,2770,16,,,0
200,'5506',643,,2771,16,,,0,100,,2772,16,,,0,100,,2773,16,,,0,100,,2774,16,,,0,100,,2775,16,,,0,100,,2776,16,,,0,100,,2777,16,,,0,100,,2778,16,,,0,100,,2779,16,,,0,100,,2780,16,,,0,100,,2781,16,,,0,100,,2782,16,,,0
200,'5508',643,,2783,16,,,0,100,,2784,16,,,0,100,,2785,16,,,0,100,,2786,16,,,0,100,,2787,16,,,0,100,,2788,16,,,0,100,,2789,16,,,0,100,,2790,16,,,0,100,,2791,16,,,0,100,,2792,16,,,0,100,,2793,16,,,0,100,,2794,16,,,0
1100,'5475',956,,3502,8,,,0,348,,3503,8,,,0
1100,'5501',956,,3505,8,,,0,348,,3506,8,,,0
1100,'5505',956,,3508,8,,,0,348,,3509,8,,,0
1100,'5506',956,,3511,8,,,0,348,,3512,8,,,0
1500,'5414',2013,,3547,21,,,0,124,,3549,21,,,0,85,,3551,21,,,0
1500,'5475',2013,,3528,21,,,0,124,,3530,21,,,0,85,,3532,21,,,0,80,,3537,21,,,0,223,,3535,21,,,0
1500,'5501',2013,,3540,21,,,0,124,,3542,21,,,0,85,,3544,21,,,0
1500,'5505',2013,,3555,21,,,0,124,,3557,21,,,0,85,,3559,21,,,0
1500,'5506',2013,,3563,21,,,0,124,,3565,21,,,0,85,,3567,21,,,0
1500,'5508',2013,,3571,21,,,0,124,,3573,21,,,0,85,,3575,21,,,0
4000,'5475',843,,3745,28,4,,0,516,,3744,28,4,,0
4000,'5501',843,,3747,28,4,,0,516,,3746,28,4,,0
4000,'5505',843,,3749,28,4,,0,516,,3748,28,4,,0
4000,'5506',843,,3752,28,4,,0,516,,3751,28,4,,0
7001,'5475',844,,3792,12,0,14 15,0,296,,3793,10,0,14 15,0,365,,3794,12,0,14 15,0,305,,3795,10,,,0
7001,'5501',844,,3796,12,0,14 15,0,296,,3797,10,0,14 15,0,365,,3798,12,0,14 15,0,305,,3799,10,,,0
7001,'5505',844,,3800,12,0,14 15,0,296,,3801,10,0,14 15,0,365,,3802,12,0,14 15,0,305,,3803,10,,,0
7001,'5506',844,,3804,12,0,14 15,0,296,,3805,10,0,14 15,0,365,,3806,12,0,14 15,0,305,,3807,10,,,0
