300,'5475',818,,2872,36,0,11 12,0
300,'5501',818,,2885,36,0,11 12,0
300,'5503',818,,2898,30,0,11 12,0
300,'5505',818,,2909,36,0,11 12,0
300,'5506',818,,2922,36,0,11 12,0
300,'5508',818,,2935,36,0,11 12,0
500,'5210',1309,,2384,22,,,0,100,,2385,22,,,0,100,,2386,22,,,0,100,,2387,22,,,0
500,'5475',739,,3176,22,,,0,70,,3198,22,,,0,30,,3178,22,,,0,70,,3196,22,,,0,30,,3179,22,,,0,70,,3186,22,,,0,30,,3180,22,,,0,70,,3187,22,,,0,30,,3177,22,,,0,70,,3188,22,,,0,30,,3182,22,,,0,70,,3189,22,,,0,30,,3181,22,,,0,70,,3190,22,,,0,30,,3183,22,,,0,70,,3192,22,,,0,30,,3184,22,,,0,70,,3199,22,,,0,30,,3185,22,,,0,70,,3197,22,,,0,30,,3191,22,,,0,70,,3193,22,,,0,30,,3194,22,,,0
500,'5501',739,,3200,22,,,0,76,,3222,37,0,11 12,0,24,,3202,22,,,0,70,,3220,22,,,0,30,,3203,22,,,0,70,,3210,22,,,0,30,,3204,22,,,0,70,,3211,22,,,0,30,,3201,22,,,0,70,,3212,22,,,0,30,,3206,22,,,0,70,,3213,22,,,0,30,,3205,22,,,0,70,,3214,22,,,0,30,,3207,22,,,0,70,,3216,22,,,0,30,,3208,22,,,0,73,,3223,22,,,0,27,,3209,22,,,0,70,,3221,22,,,0,30,,3215,22,,,0,70,,3217,22,,,0,30,,3218,22,,,0
500,'5503',939,,3224,22,,,0,70,,3240,22,,,0,30,,3229,22,,,0,70,,3237,22,,,0,30,,3230,22,,,0,70,,3238,22,,,0,30,,3232,22,,,0,70,,3236,22,,,0,30,,3233,22,,,0,70,,3239,22,,,0,30,,3231,22,,,0,70,,3241,22,,,0,30,,3228,22,,,0,70,,3235,22,,,0,30,,3227,22,,,0,70,,3234,22,,,0,30,,3225,22,,,0,70,,3242,22,,,0,30,,3226,22,,,0
500,'5504',1309,,3244,22,,,0,100,,3245,22,,,0,100,,3246,22,,,0,100,,3247,22,,,0
500,'5505',739,,3248,22,,,0,76,,3270,37,0,11 12,0,24,,3250,22,,,0,70,,3268,22,,,0,30,,3251,22,,,0,70,,3258,22,,,0,30,,3252,22,,,0,70,,3259,22,,,0,30,,3249,22,,,0,70,,3260,22,,,0,30,,3254,22,,,0,70,,3261,22,,,0,30,,3253,22,,,0,70,,3262,22,,,0,30,,3255,22,,,0,70,,3264,22,,,0,30,,3256,22,,,0,73,,3271,22,,,0,27,,3257,22,,,0,70,,3269,22,,,0,30,,3263,22,,,0,70,,3265,22,,,0,30,,3266,22,,,0
500,'5506',739,,3272,22,,,0,70,,3294,22,,,0,30,,3274,22,,,0,70,,3292,22,,,0,30,,3275,22,,,0,70,,3282,22,,,0,30,,3276,22,,,0,70,,3283,22,,,0,30,,3273,22,,,0,70,,3284,22,,,0,30,,3278,22,,,0,70,,3285,22,,,0,30,,3277,22,,,0,70,,3286,22,,,0,30,,3279,22,,,0,70,,3288,22,,,0,30,,3280,22,,,0,70,,3295,22,,,0,30,,3281,22,,,0,70,,3293,22,,,0,30,,3287,22,,,0,70,,3289,22,,,0,30,,3290,22,,,0
500,'5508',739,,3296,22,,,0,70,,3318,22,,,0,30,,3298,22,,,0,70,,3316,22,,,0,30,,3299,22,,,0,70,,3306,22,,,0,30,,3300,22,,,0,70,,3307,22,,,0,30,,3297,22,,,0,70,,3308,22,,,0,30,,3302,22,,,0,70,,3309,22,,,0,30,,3301,22,,,0,70,,3310,22,,,0,30,,3303,22,,,0,70,,3312,22,,,0,30,,3304,22,,,0,70,,3319,22,,,0,30,,3305,22,,,0,70,,3317,22,,,0,30,,3311,22,,,0,70,,3313,22,,,0,30,,3314,22,,,0
1000100,'5475',1914,,3808,25,,,0,30,,3819,25,,,0,70,,3817,25,,,0,30,,3818,25,,,0,70,,3814,25,,,0,30,,3816,25,,,0,70,,3815,25,,,0,30,,3813,25,,,0,170,,3810,25,,,0,30,,3812,25,,,0,70,,3809,25,,,0,30,,3811,25,,,0
