3000,'5475',832,,3685,23,,,0,314,,3684,25,,,0,181,,3688,23,,,0,295,,3686,23,,,0,134,,3687,25,,,0
3000,'5501',832,,3690,23,,,0,314,,3689,25,,,0,181,,3693,23,,,0,295,,3691,23,,,0,134,,3692,25,,,0
3000,'5503',932,,3694,23,,,0,214,,3695,25,,,0,181,,3697,23,,,0,295,,3696,23,,,0,134,,3698,25,,,0
3000,'5505',832,,3700,23,,,0,314,,3699,25,,,0,181,,3703,23,,,0,295,,3701,23,,,0,134,,3702,25,,,0
3000,'5506',832,,3705,23,,,0,314,,3704,25,,,0,181,,3708,23,,,0,295,,3706,23,,,0,134,,3707,25,,,0
3000,'5508',832,,3710,23,,,0,314,,3709,25,,,0,181,,3713,23,,,0,295,,3711,23,,,0,134,,3712,25,,,0
3001,'5475',724,,3714,5,,,0,315,,3715,5,,,0,185,,3718,5,,,0,290,,3716,5,,,0,135,,3717,5,,,0
3001,'5501',724,,3719,5,,,0,315,,3720,5,,,0,185,,3723,5,,,0,290,,3721,5,,,0,135,,3722,5,,,0
3001,'5503',824,,3724,5,,,0,215,,3725,5,,,0,185,,3726,5,,,0,290,,3727,5,,,0,135,,3728,5,,,0
3001,'5505',724,,3729,5,,,0,315,,3730,5,,,0,185,,3733,5,,,0,290,,3731,5,,,0,135,,3732,5,,,0
3001,'5506',724,,3734,5,,,0,315,,3735,5,,,0,185,,3738,5,,,0,290,,3736,5,,,0,135,,3737,5,,,0
3001,'5508',724,,3739,5,,,0,315,,3740,5,,,0,185,,3743,5,,,0,290,,3741,5,,,0,135,,3742,5,,,0
