300,'5414',810,,2898,17,0,11 12,0
300,'5475',810,,2872,23,0,11 12,0
300,'5501',810,,2885,23,0,11 12,0
300,'5505',810,,2909,23,0,11 12,0
300,'5506',810,,2922,23,0,11 12,0
300,'5508',810,,2935,23,0,11 12,0
400,'5414',827,,3052,37,,,0,100,,3055,37,,,0,100,,3049,37,,,0,100,,3050,37,,,0,100,,3053,37,,,0,100,,3054,37,,,0,100,,3051,37,,,0,100,,3056,37,,,0,100,,3057,37,,,0,100,,3058,37,,,0,110,,3060,22,,,0
400,'5475',727,,3023,37,,,0,100,,3028,37,,,0,100,,3029,37,,,0,100,,3030,37,,,0,100,,3032,37,,,0,100,,3033,37,,,0,100,,3034,37,,,0,100,,3035,37,,,0,100,,3031,37,,,0,100,,3026,37,,,0,100,,3027,37,,,0,110,,3024,22,,,0
400,'5501',727,,3036,37,,,0,100,,3041,37,,,0,100,,3042,37,,,0,100,,3043,37,,,0,100,,3045,37,,,0,100,,3046,37,,,0,100,,3047,37,,,0,100,,3048,37,,,0,100,,3044,37,,,0,100,,3039,37,,,0,100,,3040,37,,,0,110,,3037,22,,,0
400,'5505',727,,3061,37,,,0,100,,3066,37,,,0,100,,3067,37,,,0,100,,3068,37,,,0,100,,3070,37,,,0,100,,3071,37,,,0,100,,3072,37,,,0,100,,3073,37,,,0,100,,3069,37,,,0,100,,3064,37,,,0,100,,3065,37,,,0,110,,3062,22,,,0
400,'5506',727,,3074,37,,,0,100,,3079,37,,,0,100,,3080,37,,,0,100,,3081,37,,,0,100,,3083,37,,,0,100,,3084,37,,,0,100,,3085,37,,,0,100,,3086,37,,,0,100,,3082,37,,,0,100,,3077,37,,,0,100,,3078,37,,,0,110,,3075,22,,,0
400,'5508',727,,3087,37,,,0,100,,3092,37,,,0,100,,3093,37,,,0,100,,3094,37,,,0,100,,3096,37,,,0,100,,3097,37,,,0,100,,3098,37,,,0,100,,3099,37,,,0,100,,3095,37,,,0,100,,3090,37,,,0,100,,3091,37,,,0,110,,3088,22,,,0
