'5210',20260906,1,20260907,1
'5475',20261231,1
'5501',20260908,1,20260909,1,20260910,1,20260911,1,20260914,1,20260915,1,20260916,1,20260917,1,20260918,1,20260921,1,20260922,1,20260923,1,20260924,1,20260925,1,20260928,1,20260929,1,20261001,1,20261002,1,20261005,1,20261006,1,20261007,1,20261008,1,20261009,1,20261013,1,20261014,1,20261015,1,20261016,1,20261019,1,20261020,1,20261021,1,20261022,1,20261023,1,20261026,1,20261027,1,20261028,1,20261029,1,20261030,1,20261102,1,20261103,1,20261104,1,20261105,1,20261106,1,20261109,1,20261110,1,20261112,1,20261113,1,20261116,1,20261117,1,20261118,1,20261119,1,20261120,1,20261123,1,20261124,1,20261125,1,20261126,1,20261130,1,20261201,1,20261202,1,20261203,1,20261207,1,20261208,1,20261209,1,20261210,1,20261214,1,20261215,1,20261216,1,20261217,1,20270104,1,20270105,1,20270106,1,20270107,1,20270108,1,20270111,1,20270112,1,20270113,1,20270114,1,20270115,1,20270118,1,20270119,1,20270120,1,20270121,1,20270122,1,20270125,1,20270126,1,20270127,1,20270128,1,20270129,1,20270201,1,20270202,1,20270203,1,20270204,1,20270205,1,20270208,1,20270209,1,20270210,1,20270211,1,20270212,1,20270216,1,20270217,1,20270218,1,20270219,1,20270222,1,20270223,1,20270224,1,20270225,1,20270226,1,20270301,1,20270302,1,20270303,1,20270304,1,20270305,1,20270308,1,20270309,1,20270310,1,20270311,1,20270312,1,20270330,1,20270331,1,20270401,1,20270402,1,20270405,1,20270406,1,20270407,1,20270408,1,20270409,1,20270412,1,20270413,1,20270414,1,20270415,1,20270416,1,20270419,1,20270420,1,20270421,1,20270422,1,20270423,1,20270426,1,20270427,1,20270428,1,20270429,1,20270430,1,20270503,1,20270504,1,20270505,1,20270506,1,20270507,1,20270510,1,20270511,1,20270512,1,20270513,1,20270514,1,20270517,1,20270518,1,20270519,1,20270520,1,20270521,1,20270525,1,20270526,1,20270527,1,20270528,1,20270531,1,20270601,1,20270602,1,20270603,1,20270604,1,20270607,1,20270608,1,20270609,1,20270610,1,20270611,1,20270614,1,20270615,1,20270616,1,20270617,1,20270618,1,20270621,1,20270622,1,20270623,1,20270624,1,20270625,1,20270628,1,20270629,1,20270630,1,20270701,1,20270702,1,20270705,1,20270706,1,20270707,1,20270708,1,20270709,1,20270712,1,20270713,1,20270714,1,20270715,1,20270716,1,20270719,1,20270720,1,20270721,1,20270722,1,20270723,1,20270726,1,20270727,1,20270728,1,20270729,1,20270730,1,20270802,1,20270803,1,20270804,1,20270805,1,20270806,1,20270809,1,20270810,1,20270811,1,20270812,1,20270813,1,20270816,1,20270817,1,20270818,1,20270819,1,20270820,1,20270823,1,20270824,1,20270825,1,20270826,1,20270827,1,20270830,1,20270831,1,20270901,1,20270902,1,20270903,1,20270906,1
'5502',20260909,1,20260911,1,20260914,1,20260916,1,20260918,1,20260921,1,20260923,1,20260925,1,20260928,1,20261002,1,20261005,1,20261007,1,20261009,1,20261014,1,20261016,1,20261019,1,20261021,1,20261023,1,20261026,1,20261028,1,20261030,1,20261102,1,20261104,1,20261106,1,20261109,1,20261113,1,20261116,1,20261118,1,20261120,1,20261123,1,20261125,1,20261130,1,20261202,1,20261207,1,20261209,1,20261214,1,20261216,1,20270104,1,20270106,1,20270108,1,20270111,1,20270113,1,20270115,1,20270118,1,20270120,1,20270122,1,20270125,1,20270127,1,20270129,1,20270201,1,20270203,1,20270205,1,20270208,1,20270210,1,20270212,1,20270217,1,20270219,1,20270222,1,20270224,1,20270226,1,20270301,1,20270303,1,20270305,1,20270308,1,20270310,1,20270312,1,20270331,1,20270402,1,20270405,1,20270407,1,20270409,1,20270412,1,20270414,1,20270416,1,20270419,1,20270421,1,20270423,1,20270426,1,20270428,1,20270430,1,20270503,1,20270505,1,20270507,1,20270510,1,20270512,1,20270514,1,20270517,1,20270519,1,20270521,1,20270526,1,20270528,1,20270531,1,20270602,1,20270604,1,20270607,1,20270609,1,20270611,1,20270614,1,20270616,1,20270618,1,20270621,1,20270623,1,20270625,1,20270628,1,20270630,1,20270702,1,20270705,1,20270707,1,20270709,1,20270712,1,20270714,1,20270716,1,20270719,1,20270721,1,20270723,1,20270726,1,20270728,1,20270730,1,20270802,1,20270804,1,20270806,1,20270809,1,20270811,1,20270813,1,20270816,1,20270818,1,20270820,1,20270823,1,20270825,1,20270827,1,20270830,1,20270901,1,20270903,1,20270906,1
'5503',20260912,1,20260919,1,20260926,1,20261003,1,20261010,1,20261017,1,20261024,1,20261031,1,20261107,1,20261114,1,20261121,1,20261128,1,20261205,1,20261212,1,20261219,1,20270102,1,20270109,1,20270116,1,20270123,1,20270130,1,20270206,1,20270213,1,20270220,1,20270227,1,20270306,1,20270313,1,20270320,1,20270327,1,20270403,1,20270410,1,20270417,1,20270424,1,20270501,1,20270508,1,20270515,1,20270522,1,20270529,1,20270605,1,20270612,1,20270619,1,20270626,1,20270703,1,20270710,1,20270717,1,20270724,1,20270731,1,20270807,1,20270814,1,20270821,1,20270828,1,20270904,1
'5504',20260913,1,20260920,1,20260927,1,20260930,1,20261004,1,20261011,1,20261012,1,20261018,1,20261025,1,20261101,1,20261108,1,20261111,1,20261115,1,20261122,1,20261129,1,20261206,1,20261213,1,20261220,1,20261226,1,20261227,1,20270101,1,20270103,1,20270110,1,20270117,1,20270124,1,20270131,1,20270207,1,20270214,1,20270215,1,20270221,1,20270228,1,20270307,1,20270314,1,20270321,1,20270326,1,20270328,1,20270404,1,20270411,1,20270418,1,20270425,1,20270502,1,20270509,1,20270516,1,20270523,1,20270524,1,20270530,1,20270606,1,20270613,1,20270620,1,20270627,1,20270704,1,20270711,1,20270718,1,20270725,1,20270801,1,20270808,1,20270815,1,20270822,1,20270829,1,20270905,1
'5505',20261127,1,20261204,1,20261211,1,20261218,1
'5506',20261221,1,20261222,1,20261223,1,20261224,1,20261228,1,20261229,1,20261230,1,20270315,1,20270316,1,20270317,1,20270318,1,20270319,1,20270322,1,20270323,1,20270324,1,20270325,1
'5507',20261221,1,20261223,1,20261228,1,20261230,1,20270315,1,20270317,1,20270319,1,20270322,1,20270324,1
'5508',20270329,1
