200,'5326',630,,1362,2,,,0,100,,1363,2,,,0,100,,1364,2,,,0,100,,1365,2,,,0,100,,1366,2,,,0,100,,1367,2,,,0,100,,1368,2,,,0,100,,1369,2,,,0,100,,1370,2,,,0,100,,1371,2,,,0,100,,1372,2,,,0,100,,1373,2,,,0
200,'5328',830,,1374,2,,,0,100,,1375,2,,,0,100,,1376,2,,,0,100,,1377,2,,,0,100,,1378,2,,,0,100,,1379,2,,,0,100,,1380,2,,,0,100,,1381,2,,,0,100,,1382,2,,,0,100,,1383,2,,,0
400,'5326',700,,1604,2,,,0,100,,1609,2,,,0,100,,1611,2,,,0,100,,1612,2,,,0,100,,1613,2,,,0,100,,1614,2,,,0,100,,1615,2,,,0,100,,1616,2,,,0,100,,1610,2,,,0,100,,1607,2,,,0,100,,1608,2,,,0,100,,1606,2,0,7 6,0
400,'5328',800,,1620,2,,,0,100,,1623,2,,,0,100,,1617,2,,,0,100,,1618,2,,,0,100,,1621,2,,,0,100,,1622,2,,,0,100,,1619,2,,,0,100,,1624,2,,,0,100,,1625,2,,,0,100,,1626,2,,,0,100,,1627,2,0,7 6,0
1000,'5326',641,,1952,2,,,0,162,,1953,2,,,0,123,,1956,2,,,0,305,,1954,2,,,0,407,,1955,2,,,0
1000,'5328',803,,1957,2,,,0,428,,1958,2,,,0,407,,1959,2,,,0
1101,'5326',1233,,1987,2,,,0,572,,1985,2,,,0
1500,'5326',2001,,2014,7,,,0,124,,2015,7,,,0,85,,2017,7,,,0
1500,'5328',2001,,2020,7,,,0,124,,2023,7,,,0,85,,2022,7,,,0
7000,'5326',603,,2157,18,,,0,305,,2158,1,,,0,324,,2159,1,,,0,300,,2160,1,,,0
