301,'5414',844,,2974,22,,,0,100,,2973,29,,,0,100,,2976,29,,,0,100,,2975,29,,,0,100,,2977,29,,,0,100,,2978,29,,,0,100,,2979,29,,,0,100,,2980,29,,,0,100,,2981,29,,,0,100,,2983,29,,,0
301,'5475',644,,2947,19,,,0,100,,2948,29,,,0,100,,2949,22,,,0,100,,2950,29,,,0,100,,2951,29,,,0,100,,2952,29,,,0,100,,2953,29,,,0,100,,2954,29,,,0,100,,2955,29,,,0,100,,2956,29,,,0,100,,2957,29,,,0,100,,2958,29,,,0
301,'5501',644,,2960,19,,,0,100,,2961,29,,,0,100,,2962,22,,,0,100,,2963,29,,,0,100,,2964,29,,,0,100,,2965,29,,,0,100,,2966,29,,,0,100,,2967,29,,,0,100,,2968,29,,,0,100,,2969,29,,,0,100,,2970,29,,,0,100,,2971,29,,,0
301,'5505',644,,2984,19,,,0,100,,2985,29,,,0,100,,2986,22,,,0,100,,2987,29,,,0,100,,2988,29,,,0,100,,2989,29,,,0,100,,2990,29,,,0,100,,2991,29,,,0,100,,2992,29,,,0,100,,2993,29,,,0,100,,2994,29,,,0,100,,2995,29,,,0
301,'5506',644,,2997,19,,,0,100,,2998,29,,,0,100,,2999,22,,,0,100,,3000,29,,,0,100,,3001,29,,,0,100,,3002,29,,,0,100,,3003,29,,,0,100,,3004,29,,,0,100,,3005,29,,,0,100,,3006,29,,,0,100,,3007,29,,,0,100,,3008,29,,,0
301,'5508',644,,3010,19,,,0,100,,3011,29,,,0,100,,3012,22,,,0,100,,3013,29,,,0,100,,3014,29,,,0,100,,3015,29,,,0,100,,3016,29,,,0,100,,3017,29,,,0,100,,3018,29,,,0,100,,3019,29,,,0,100,,3020,29,,,0,100,,3021,29,,,0
501,'5414',903,,3373,15,,,0,30,,3384,15,,,0,70,,3375,17,,,0,30,,3385,17,,,0,70,,3376,17,,,0,30,,3381,17,,,0,70,,3372,17,,,0,30,,3382,17,,,0,70,,3377,17,,,0,30,,3383,17,,,0,70,,3368,17,,,0,30,,3386,17,,,0,70,,3369,17,,,0,30,,3387,17,,,0,70,,3370,17,,,0,30,,3378,17,,,0,70,,3371,17,,,0,30,,3379,17,,,0,70,,3374,17,,,0,30,,3380,17,,,0
501,'5475',703,,3320,15,,,0,30,,3330,15,,,0,70,,3321,17,,,0,30,,3342,17,,,0,70,,3323,17,,,0,30,,3331,17,,,0,70,,3324,17,,,0,30,,3332,17,,,0,70,,3325,17,,,0,30,,3333,17,,,0,70,,3322,17,,,0,30,,3334,17,,,0,70,,3327,17,,,0,30,,3335,17,,,0,70,,3326,17,,,0,30,,3336,17,,,0,70,,3328,17,,,0,30,,3343,17,,,0,70,,3329,17,,,0,30,,3341,17,,,0,70,,3337,17,,,0,30,,3338,17,,,0,70,,3339,17,,,0,30,,3340,17,,,0
501,'5501',703,,3344,15,,,0,30,,3354,15,,,0,70,,3345,17,,,0,34,,3366,17,,,0,66,,3347,17,,,0,30,,3355,17,,,0,70,,3348,17,,,0,30,,3356,17,,,0,70,,3349,17,,,0,30,,3357,17,,,0,70,,3346,17,,,0,30,,3358,17,,,0,70,,3351,17,,,0,30,,3359,17,,,0,70,,3350,17,,,0,30,,3360,17,,,0,70,,3352,17,,,0,40,,3367,33,0,11 12,0,60,,3353,17,,,0,33,,3365,17,,,0,67,,3361,17,,,0,30,,3362,17,,,0,70,,3363,17,,,0,30,,3364,17,,,0
501,'5504',1233,,3388,17,,,0,100,,3389,17,,,0,100,,3390,17,,,0,100,,3391,17,,,0
501,'5505',703,,3392,15,,,0,30,,3402,15,,,0,70,,3393,17,,,0,34,,3414,17,,,0,66,,3395,17,,,0,30,,3403,17,,,0,70,,3396,17,,,0,30,,3404,17,,,0,70,,3397,17,,,0,30,,3405,17,,,0,70,,3394,17,,,0,30,,3406,17,,,0,70,,3399,17,,,0,30,,3407,17,,,0,70,,3398,17,,,0,30,,3408,17,,,0,70,,3400,17,,,0,40,,3415,33,0,11 12,0,60,,3401,17,,,0,33,,3413,17,,,0,67,,3409,17,,,0,30,,3410,17,,,0,70,,3411,17,,,0,30,,3412,17,,,0
501,'5506',703,,3416,15,,,0,30,,3426,15,,,0,70,,3417,17,,,0,30,,3438,17,,,0,70,,3419,17,,,0,30,,3427,17,,,0,70,,3420,17,,,0,30,,3428,17,,,0,70,,3421,17,,,0,30,,3429,17,,,0,70,,3418,17,,,0,30,,3430,17,,,0,70,,3423,17,,,0,30,,3431,17,,,0,70,,3422,17,,,0,30,,3432,17,,,0,70,,3424,17,,,0,30,,3439,17,,,0,70,,3425,17,,,0,30,,3437,17,,,0,70,,3433,17,,,0,30,,3434,17,,,0,70,,3435,17,,,0,30,,3436,17,,,0
501,'5508',703,,3440,15,,,0,30,,3450,15,,,0,70,,3441,17,,,0,30,,3462,17,,,0,70,,3443,17,,,0,30,,3451,17,,,0,70,,3444,17,,,0,30,,3452,17,,,0,70,,3445,17,,,0,30,,3453,17,,,0,70,,3442,17,,,0,30,,3454,17,,,0,70,,3447,17,,,0,30,,3455,17,,,0,70,,3446,17,,,0,30,,3456,17,,,0,70,,3448,17,,,0,30,,3463,17,,,0,70,,3449,17,,,0,30,,3461,17,,,0,70,,3457,17,,,0,30,,3458,17,,,0,70,,3459,17,,,0,30,,3460,17,,,0
