400,'5414',816,,3052,19,,,0,100,,3055,19,,,0,100,,3049,19,,,0,100,,3050,19,,,0,100,,3053,19,,,0,100,,3054,19,,,0,100,,3051,19,,,0,100,,3056,19,,,0,100,,3057,19,,,0,100,,3058,19,,,0,110,,3060,4,,,0
400,'5475',716,,3023,19,,,0,100,,3028,19,,,0,100,,3029,19,,,0,100,,3030,19,,,0,100,,3032,19,,,0,100,,3033,19,,,0,100,,3034,19,,,0,100,,3035,19,,,0,100,,3031,19,,,0,100,,3026,19,,,0,100,,3027,19,,,0,110,,3024,4,,,0
400,'5501',716,,3036,19,,,0,100,,3041,19,,,0,100,,3042,19,,,0,100,,3043,19,,,0,100,,3045,19,,,0,100,,3046,19,,,0,100,,3047,19,,,0,100,,3048,19,,,0,100,,3044,19,,,0,100,,3039,19,,,0,100,,3040,19,,,0,110,,3037,4,,,0
400,'5505',716,,3061,19,,,0,100,,3066,19,,,0,100,,3067,19,,,0,100,,3068,19,,,0,100,,3070,19,,,0,100,,3071,19,,,0,100,,3072,19,,,0,100,,3073,19,,,0,100,,3069,19,,,0,100,,3064,19,,,0,100,,3065,19,,,0,110,,3062,4,,,0
400,'5506',716,,3074,19,,,0,100,,3079,19,,,0,100,,3080,19,,,0,100,,3081,19,,,0,100,,3083,19,,,0,100,,3084,19,,,0,100,,3085,19,,,0,100,,3086,19,,,0,100,,3082,19,,,0,100,,3077,19,,,0,100,,3078,19,,,0,110,,3075,4,,,0
400,'5508',716,,3087,19,,,0,100,,3092,19,,,0,100,,3093,19,,,0,100,,3094,19,,,0,100,,3096,19,,,0,100,,3097,19,,,0,100,,3098,19,,,0,100,,3099,19,,,0,100,,3095,19,,,0,100,,3090,19,,,0,100,,3091,19,,,0,110,,3088,4,,,0
1100,'5475',958,,3502,12,,,0,348,,3503,12,,,0
1100,'5501',958,,3505,12,,,0,348,,3506,12,,,0
1100,'5505',958,,3508,12,,,0,348,,3509,12,,,0
1100,'5506',958,,3511,12,,,0,348,,3512,12,,,0
