3000,'5475',836,,3685,24,,,0,7,,3685,27,4,,0,307,,3684,26,,,0,7,,3684,29,4,,0,174,,3688,24,,,0,7,,3688,27,4,,0,288,,3686,24,,,0,7,,3686,27,4,,0,167,,3687,26,,,0,7,,3687,29,4,,0
3000,'5501',836,,3690,24,,,0,7,,3690,27,4,,0,307,,3689,26,,,0,7,,3689,29,4,,0,174,,3693,24,,,0,7,,3693,27,4,,0,288,,3691,24,,,0,7,,3691,27,4,,0,167,,3692,26,,,0,7,,3692,29,4,,0
3000,'5503',936,,3694,24,,,0,7,,3694,27,4,,0,207,,3695,26,,,0,7,,3695,29,4,,0,174,,3697,24,,,0,7,,3697,27,4,,0,288,,3696,24,,,0,7,,3696,27,4,,0,167,,3698,26,,,0,7,,3698,29,4,,0
3000,'5505',836,,3700,24,,,0,7,,3700,27,4,,0,307,,3699,26,,,0,7,,3699,29,4,,0,174,,3703,24,,,0,7,,3703,27,4,,0,288,,3701,24,,,0,7,,3701,27,4,,0,167,,3702,26,,,0,7,,3702,29,4,,0
3000,'5506',836,,3705,24,,,0,7,,3705,27,4,,0,307,,3704,26,,,0,7,,3704,29,4,,0,174,,3708,24,,,0,7,,3708,27,4,,0,288,,3706,24,,,0,7,,3706,27,4,,0,167,,3707,26,,,0,7,,3707,29,4,,0
3000,'5508',836,,3710,24,,,0,7,,3710,27,4,,0,307,,3709,26,,,0,7,,3709,29,4,,0,174,,3713,24,,,0,7,,3713,27,4,,0,288,,3711,24,,,0,7,,3711,27,4,,0,167,,3712,26,,,0,7,,3712,29,4,,0
3001,'5475',715,,3714,1,,,0,315,,3715,1,,,0,185,,3718,1,,,0,290,,3716,1,,,0,135,,3717,1,,,0
3001,'5501',715,,3719,1,,,0,315,,3720,1,,,0,185,,3723,1,,,0,290,,3721,1,,,0,135,,3722,1,,,0
3001,'5503',815,,3724,1,,,0,215,,3725,1,,,0,185,,3726,1,,,0,290,,3727,1,,,0,135,,3728,1,,,0
3001,'5505',715,,3729,1,,,0,315,,3730,1,,,0,185,,3733,1,,,0,290,,3731,1,,,0,135,,3732,1,,,0
3001,'5506',715,,3734,1,,,0,315,,3735,1,,,0,185,,3738,1,,,0,290,,3736,1,,,0,135,,3737,1,,,0
3001,'5508',715,,3739,1,,,0,315,,3740,1,,,0,185,,3743,1,,,0,290,,3741,1,,,0,135,,3742,1,,,0
