4000,'5475',714,,3745,1,,,0,516,,3744,1,,,0
4000,'5501',714,,3747,1,,,0,516,,3746,1,,,0
4000,'5505',714,,3749,1,,,0,115,,3750,1,,,0,401,,3748,1,,,0
4000,'5506',714,,3752,1,,,0,516,,3751,1,,,0
4001,'5475',1117,,3753,26,4,,0,604,,3754,26,4,,0
4001,'5501',1117,,3755,26,4,,0,604,,3756,26,4,,0
4001,'5505',1117,,3757,26,4,,0,315,,3759,11,4,,0,289,,3758,26,4,,0
4001,'5506',1117,,3760,26,4,,0,604,,3761,26,4,,0
4100,'5475',714,,3763,8,4,,0,516,,3762,8,4,,0
4100,'5501',714,,3765,8,4,,0,516,,3764,8,4,,0
4100,'5505',714,,3767,8,4,,0,516,,3766,8,4,,0
4100,'5506',714,,3769,8,4,,0,516,,3768,8,4,,0
