3001,'5414',826,,3724,6,,,0,215,,3725,6,,,0,185,,3726,6,,,0,290,,3727,6,,,0,135,,3728,6,,,0
3001,'5475',726,,3714,6,,,0,315,,3715,6,,,0,185,,3718,6,,,0,290,,3716,6,,,0,135,,3717,6,,,0
3001,'5501',726,,3719,6,,,0,315,,3720,6,,,0,185,,3723,6,,,0,290,,3721,6,,,0,135,,3722,6,,,0
3001,'5505',726,,3729,6,,,0,315,,3730,6,,,0,185,,3733,6,,,0,290,,3731,6,,,0,135,,3732,6,,,0
3001,'5506',726,,3734,6,,,0,315,,3735,6,,,0,185,,3738,6,,,0,290,,3736,6,,,0,135,,3737,6,,,0
3001,'5508',726,,3739,6,,,0,315,,3740,6,,,0,185,,3743,6,,,0,290,,3741,6,,,0,135,,3742,6,,,0
7001,'5475',828,,4185,7,0,14 15,0,296,,4186,5,0,14 15,0,325,,4187,7,0,14 15,0,305,,4188,5,,,0
7001,'5505',828,,4189,7,0,14 15,0,296,,4190,5,0,14 15,0,325,,4191,7,0,14 15,0,305,,4192,5,,,0
7001,'5506',828,,4193,7,0,14 15,0,296,,4194,5,0,14 15,0,325,,4195,7,0,14 15,0,305,,4196,5,,,0
7001,'5681',828,,3796,7,0,14 15,0,296,,3797,5,0,14 15,0,325,,3798,7,0,14 15,0,305,,3799,5,,,0
7001,'5682',828,,4197,7,0,14 15,0,296,,4198,5,0,14 15,0,325,,4199,7,0,14 15,0,305,,4200,5,,,0
