300,'5414',807,,2898,13,0,11 12,0
300,'5475',807,,2872,19,0,11 12,0
300,'5501',807,,2885,19,0,11 12,0
300,'5505',807,,2909,19,0,11 12,0
300,'5506',807,,2922,19,0,11 12,0
300,'5508',807,,2935,19,0,11 12,0
400,'5414',824,,3052,33,,,0,100,,3055,33,,,0,100,,3049,33,,,0,100,,3050,33,,,0,100,,3053,33,,,0,100,,3054,33,,,0,100,,3051,33,,,0,100,,3056,33,,,0,100,,3057,33,,,0,100,,3058,33,,,0,110,,3060,18,,,0
400,'5475',724,,3023,33,,,0,100,,3028,33,,,0,100,,3029,33,,,0,100,,3030,33,,,0,100,,3032,33,,,0,100,,3033,33,,,0,100,,3034,33,,,0,100,,3035,33,,,0,100,,3031,33,,,0,100,,3026,33,,,0,100,,3027,33,,,0,110,,3024,18,,,0
400,'5501',724,,3036,33,,,0,100,,3041,33,,,0,100,,3042,33,,,0,100,,3043,33,,,0,100,,3045,33,,,0,100,,3046,33,,,0,100,,3047,33,,,0,100,,3048,33,,,0,100,,3044,33,,,0,100,,3039,33,,,0,100,,3040,33,,,0,110,,3037,18,,,0
400,'5505',724,,3061,33,,,0,100,,3066,33,,,0,100,,3067,33,,,0,100,,3068,33,,,0,100,,3070,33,,,0,100,,3071,33,,,0,100,,3072,33,,,0,100,,3073,33,,,0,100,,3069,33,,,0,100,,3064,33,,,0,100,,3065,33,,,0,110,,3062,18,,,0
400,'5506',724,,3074,33,,,0,100,,3079,33,,,0,100,,3080,33,,,0,100,,3081,33,,,0,100,,3083,33,,,0,100,,3084,33,,,0,100,,3085,33,,,0,100,,3086,33,,,0,100,,3082,33,,,0,100,,3077,33,,,0,100,,3078,33,,,0,110,,3075,18,,,0
400,'5508',724,,3087,33,,,0,100,,3092,33,,,0,100,,3093,33,,,0,100,,3094,33,,,0,100,,3096,33,,,0,100,,3097,33,,,0,100,,3098,33,,,0,100,,3099,33,,,0,100,,3095,33,,,0,100,,3090,33,,,0,100,,3091,33,,,0,110,,3088,18,,,0
