1501,'5414',1920,,3590,9,0,7,0,124,,3591,9,0,7,0
1501,'5475',1920,,3577,9,0,7,0,124,,3579,9,0,7,0,388,,3584,9,0,7,0,124,,3582,9,0,7,0
1501,'5501',1920,,3585,9,0,7,0,124,,3587,9,0,7,0
1501,'5505',1920,,3593,9,0,7,0,124,,3595,9,0,7,0
1501,'5506',1920,,3597,9,0,7,0,124,,3599,9,0,7,0
1501,'5508',1920,,3601,9,0,7,0,124,,3603,9,0,7,0
2000,'5475',750,,3624,18,0,8 9,0,170,,3625,18,0,8 9,0,300,,3626,18,0,8 9,0,429,,3628,10,0,10,0,170,,3627,10,0,10,0
2000,'5501',750,,3629,18,0,8 9,0,170,,3630,18,0,8 9,0,300,,3631,18,0,8 9,0,429,,3633,10,0,10,0,170,,3632,10,0,10,0
2000,'5505',750,,3634,18,0,8 9,0,170,,3635,18,0,8 9,0,300,,3636,18,0,8 9,0,429,,3638,10,0,10,0,170,,3637,10,0,10,0
2000,'5506',750,,3639,18,0,8 9,0,170,,3640,18,0,8 9,0,300,,3641,18,0,8 9,0,429,,3643,10,0,10,0,170,,3642,10,0,10,0
7001,'5475',1830,,4188,39,,,0
7001,'5501',1830,,4200,39,,,0
7001,'5505',1830,,4192,39,,,0
7001,'5506',1830,,4196,39,,,0
