100,'4528',644,,2169,30,,,0,100,,2170,30,,,0,100,,2171,23,,,0,100,,2172,30,,,0,100,,2173,30,,,0,100,,2174,30,,,0,100,,2175,30,,,0,100,,2176,30,,,0,100,,2177,30,,,0,100,,2178,30,,,0,100,,2179,30,,,0,100,,2180,30,,,0
100,'4532',844,,2182,23,,,0,100,,2184,30,,,0,100,,2189,30,,,0,100,,2192,30,,,0,100,,2185,30,,,0,100,,2183,30,,,0,100,,2187,30,,,0,100,,2188,30,,,0,100,,2186,30,,,0,100,,2191,30,,,0
201,'4528',714,,2239,21,,,0,100,,2240,21,,,0,100,,2241,21,,,0,100,,2242,21,,,0,100,,2243,21,,,0,100,,2244,21,,,0,100,,2245,21,,,0,100,,2246,21,,,0,100,,2247,21,,,0,100,,2248,21,,,0,100,,2249,21,,,0,100,,2251,3,,,0
201,'4532',814,,2252,21,,,0,100,,2253,21,,,0,100,,2254,21,,,0,100,,2255,21,,,0,100,,2256,21,,,0,100,,2257,21,,,0,100,,2258,21,,,0,100,,2259,21,,,0,100,,2260,21,,,0,100,,2261,21,,,0,100,,2262,21,,,0
1101,'4528',1240,,2477,9,,,0,572,,2475,9,,,0
1501,'4528',1941,,2494,3,,,0,164,,2496,3,,,0
1501,'4532',1941,,2497,3,,,0,164,,2500,3,,,0
1600,'5210',912,,2501,21,,,0,100,,2504,27,,,0,100,,2503,27,,,0,100,,2502,27,,,0,100,,2505,27,,,0,100,,2506,27,,,0,100,,2507,27,,,0,100,,2508,27,,,0,100,,2509,27,,,0,100,,2511,27,,,0
4001,'4528',944,,2559,3,,,0,604,,2560,3,,,0
7000,'4528',613,,2565,34,,,0,305,,2566,17,,,0,324,,2567,17,,,0,300,,2568,17,,,0
