400,'5414',815,,3052,18,,,0,100,,3055,18,,,0,100,,3049,18,,,0,100,,3050,18,,,0,100,,3053,18,,,0,100,,3054,18,,,0,100,,3051,18,,,0,100,,3056,18,,,0,100,,3057,18,,,0,100,,3058,18,,,0,110,,3060,3,,,0
400,'5475',715,,3023,18,,,0,100,,3028,18,,,0,100,,3029,18,,,0,100,,3030,18,,,0,100,,3032,18,,,0,100,,3033,18,,,0,100,,3034,18,,,0,100,,3035,18,,,0,100,,3031,18,,,0,100,,3026,18,,,0,100,,3027,18,,,0,110,,3024,3,,,0
400,'5501',715,,3036,18,,,0,100,,3041,18,,,0,100,,3042,18,,,0,100,,3043,18,,,0,100,,3045,18,,,0,100,,3046,18,,,0,100,,3047,18,,,0,100,,3048,18,,,0,100,,3044,18,,,0,100,,3039,18,,,0,100,,3040,18,,,0,110,,3037,3,,,0
400,'5505',715,,3061,18,,,0,100,,3066,18,,,0,100,,3067,18,,,0,100,,3068,18,,,0,100,,3070,18,,,0,100,,3071,18,,,0,100,,3072,18,,,0,100,,3073,18,,,0,100,,3069,18,,,0,100,,3064,18,,,0,100,,3065,18,,,0,110,,3062,3,,,0
400,'5506',715,,3074,18,,,0,100,,3079,18,,,0,100,,3080,18,,,0,100,,3081,18,,,0,100,,3083,18,,,0,100,,3084,18,,,0,100,,3085,18,,,0,100,,3086,18,,,0,100,,3082,18,,,0,100,,3077,18,,,0,100,,3078,18,,,0,110,,3075,3,,,0
400,'5508',715,,3087,18,,,0,100,,3092,18,,,0,100,,3093,18,,,0,100,,3094,18,,,0,100,,3096,18,,,0,100,,3097,18,,,0,100,,3098,18,,,0,100,,3099,18,,,0,100,,3095,18,,,0,100,,3090,18,,,0,100,,3091,18,,,0,110,,3088,3,,,0
1100,'5475',957,,3502,11,,,0,348,,3503,11,,,0
1100,'5501',957,,3505,11,,,0,348,,3506,11,,,0
1100,'5505',957,,3508,11,,,0,348,,3509,11,,,0
1100,'5506',957,,3511,11,,,0,348,,3512,11,,,0
