101,'5475',704,,4049,17,,,0,100,,4050,17,,,0,100,,4051,17,,,0,100,,4052,17,,,0,100,,4054,17,,,0,100,,4053,17,,,0,100,,4056,17,,,0,100,,4055,17,,,0,100,,4057,17,,,0,100,,4058,17,,,0,100,,4059,17,,,0,100,,4060,17,,,0
101,'5505',704,,4062,17,,,0,100,,4063,17,,,0,100,,4064,17,,,0,100,,4065,17,,,0,100,,4067,17,,,0,100,,4066,17,,,0,100,,4069,17,,,0,100,,4068,17,,,0,100,,4070,17,,,0,100,,4071,17,,,0,100,,4072,17,,,0,100,,4073,17,,,0
101,'5506',704,,4075,17,,,0,100,,4076,17,,,0,100,,4077,17,,,0,100,,4078,17,,,0,100,,4080,17,,,0,100,,4079,17,,,0,100,,4082,17,,,0,100,,4081,17,,,0,100,,4083,17,,,0,100,,4084,17,,,0,100,,4085,17,,,0,100,,4086,17,,,0
101,'5508',704,,4088,17,,,0,100,,4089,17,,,0,100,,4090,17,,,0,100,,4091,17,,,0,100,,4093,17,,,0,100,,4092,17,,,0,100,,4095,17,,,0,100,,4094,17,,,0,100,,4096,17,,,0,100,,4097,17,,,0,100,,4098,17,,,0,100,,4099,17,,,0
101,'5681',704,,3960,17,,,0,100,,3961,17,,,0,100,,3962,17,,,0,100,,3963,17,,,0,100,,3965,17,,,0,100,,3964,17,,,0,100,,3967,17,,,0,100,,3966,17,,,0,100,,3968,17,,,0,100,,3969,17,,,0,100,,3970,17,,,0,100,,3971,17,,,0
101,'5682',704,,4101,17,,,0,100,,4102,17,,,0,100,,4103,17,,,0,100,,4104,17,,,0,100,,4106,17,,,0,100,,4105,17,,,0,100,,4108,17,,,0,100,,4107,17,,,0,100,,4109,17,,,0,100,,4110,17,,,0,100,,4111,17,,,0,100,,4112,17,,,0
101,'5683',904,,4117,17,,,0,100,,4119,17,,,0,100,,4113,17,,,0,100,,4115,17,,,0,100,,4118,17,,,0,100,,4116,17,,,0,100,,4120,17,,,0,100,,4114,17,,,0,100,,4121,17,,,0,100,,4122,17,,,0
301,'5414',834,,2974,12,,,0,100,,2973,19,,,0,100,,2976,19,,,0,100,,2975,19,,,0,100,,2977,19,,,0,100,,2978,19,,,0,100,,2979,19,,,0,100,,2980,19,,,0,100,,2981,19,,,0,100,,2983,19,,,0
301,'5475',634,,2947,9,,,0,100,,2948,19,,,0,100,,2949,12,,,0,100,,2950,19,,,0,100,,2951,19,,,0,100,,2952,19,,,0,100,,2953,19,,,0,100,,2954,19,,,0,100,,2955,19,,,0,100,,2956,19,,,0,100,,2957,19,,,0,100,,2958,19,,,0
301,'5501',634,,2960,9,,,0,100,,2961,19,,,0,100,,2962,12,,,0,100,,2963,19,,,0,100,,2964,19,,,0,100,,2965,19,,,0,100,,2966,19,,,0,100,,2967,19,,,0,100,,2968,19,,,0,100,,2969,19,,,0,100,,2970,19,,,0,100,,2971,19,,,0
301,'5505',634,,2984,9,,,0,100,,2985,19,,,0,100,,2986,12,,,0,100,,2987,19,,,0,100,,2988,19,,,0,100,,2989,19,,,0,100,,2990,19,,,0,100,,2991,19,,,0,100,,2992,19,,,0,100,,2993,19,,,0,100,,2994,19,,,0,100,,2995,19,,,0
301,'5506',634,,2997,9,,,0,100,,2998,19,,,0,100,,2999,12,,,0,100,,3000,19,,,0,100,,3001,19,,,0,100,,3002,19,,,0,100,,3003,19,,,0,100,,3004,19,,,0,100,,3005,19,,,0,100,,3006,19,,,0,100,,3007,19,,,0,100,,3008,19,,,0
301,'5508',634,,3010,9,,,0,100,,3011,19,,,0,100,,3012,12,,,0,100,,3013,19,,,0,100,,3014,19,,,0,100,,3015,19,,,0,100,,3016,19,,,0,100,,3017,19,,,0,100,,3018,19,,,0,100,,3019,19,,,0,100,,3020,19,,,0,100,,3021,19,,,0
1500,'5414',1853,,3546,9,0,13,0,164,,3548,9,0,13,0,124,,3550,9,0,13,0,85,,3552,9,0,13,0
1500,'5475',1853,,3526,9,0,14 15,0,164,,3529,9,0,13,0,124,,3531,9,0,13,0,85,,3533,9,0,13,0,179,,3536,9,0,13,0,124,,3534,9,0,13,0
1500,'5501',1853,,3538,9,0,14 15,0,164,,3541,9,0,13,0,124,,3543,9,0,13,0,85,,3545,9,0,13,0
1500,'5505',1853,,3553,9,0,14 15,0,164,,3556,9,0,13,0,124,,3558,9,0,13,0,85,,3560,9,0,13,0
1500,'5506',1853,,3561,9,0,14 15,0,164,,3564,9,0,13,0,124,,3566,9,0,13,0,85,,3568,9,0,13,0
1500,'5508',1853,,3569,9,0,14 15,0,164,,3572,9,0,13,0,124,,3574,9,0,13,0,85,,3576,9,0,13,0
7001,'5475',849,,4185,22,0,14 15,0,296,,4186,20,0,14 15,0,365,,4187,22,0,14 15,0,305,,4188,20,,,0
7001,'5505',849,,4189,22,0,14 15,0,296,,4190,20,0,14 15,0,365,,4191,22,0,14 15,0,305,,4192,20,,,0
7001,'5506',849,,4193,22,0,14 15,0,296,,4194,20,0,14 15,0,365,,4195,22,0,14 15,0,305,,4196,20,,,0
7001,'5681',849,,3796,22,0,14 15,0,296,,3797,20,0,14 15,0,365,,3798,22,0,14 15,0,305,,3799,20,,,0
7001,'5682',849,,4197,22,0,14 15,0,296,,4198,20,0,14 15,0,365,,4199,22,0,14 15,0,305,,4200,20,,,0
