500,'5414',931,,3224,14,,,0,70,,3240,14,,,0,30,,3229,14,,,0,70,,3237,14,,,0,30,,3230,14,,,0,70,,3238,14,,,0,30,,3232,14,,,0,70,,3236,14,,,0,30,,3233,14,,,0,70,,3239,14,,,0,30,,3231,14,,,0,70,,3241,14,,,0,30,,3228,14,,,0,70,,3235,14,,,0,30,,3227,14,,,0,70,,3234,14,,,0,30,,3225,14,,,0,70,,3242,14,,,0,30,,3226,14,,,0
500,'5475',731,,3176,14,,,0,70,,3198,14,,,0,30,,3178,14,,,0,70,,3196,14,,,0,30,,3179,14,,,0,70,,3186,14,,,0,30,,3180,14,,,0,70,,3187,14,,,0,30,,3177,14,,,0,70,,3188,14,,,0,30,,3182,14,,,0,70,,3189,14,,,0,30,,3181,14,,,0,70,,3190,14,,,0,30,,3183,14,,,0,70,,3192,14,,,0,30,,3184,14,,,0,70,,3199,14,,,0,30,,3185,14,,,0,70,,3197,14,,,0,30,,3191,14,,,0,70,,3193,14,,,0,30,,3194,14,,,0
500,'5501',731,,3200,14,,,0,70,,3222,14,0,11 12,0,30,,3202,14,,,0,70,,3220,14,,,0,30,,3203,14,,,0,70,,3210,14,,,0,30,,3204,14,,,0,70,,3211,14,,,0,30,,3201,14,,,0,70,,3212,14,,,0,30,,3206,14,,,0,70,,3213,14,,,0,30,,3205,14,,,0,70,,3214,14,,,0,30,,3207,14,,,0,70,,3216,14,,,0,30,,3208,14,,,0,73,,3223,14,,,0,27,,3209,14,,,0,70,,3221,14,,,0,30,,3215,14,,,0,70,,3217,14,,,0,30,,3218,14,,,0
500,'5504',1301,,3244,14,,,0,100,,3245,14,,,0,100,,3246,14,,,0,100,,3247,14,,,0
500,'5505',731,,3248,14,,,0,70,,3270,14,0,11 12,0,30,,3250,14,,,0,70,,3268,14,,,0,30,,3251,14,,,0,70,,3258,14,,,0,30,,3252,14,,,0,70,,3259,14,,,0,30,,3249,14,,,0,70,,3260,14,,,0,30,,3254,14,,,0,70,,3261,14,,,0,30,,3253,14,,,0,70,,3262,14,,,0,30,,3255,14,,,0,70,,3264,14,,,0,30,,3256,14,,,0,73,,3271,14,,,0,27,,3257,14,,,0,70,,3269,14,,,0,30,,3263,14,,,0,70,,3265,14,,,0,30,,3266,14,,,0
500,'5506',731,,3272,14,,,0,70,,3294,14,,,0,30,,3274,14,,,0,70,,3292,14,,,0,30,,3275,14,,,0,70,,3282,14,,,0,30,,3276,14,,,0,70,,3283,14,,,0,30,,3273,14,,,0,70,,3284,14,,,0,30,,3278,14,,,0,70,,3285,14,,,0,30,,3277,14,,,0,70,,3286,14,,,0,30,,3279,14,,,0,70,,3288,14,,,0,30,,3280,14,,,0,70,,3295,14,,,0,30,,3281,14,,,0,70,,3293,14,,,0,30,,3287,14,,,0,70,,3289,14,,,0,30,,3290,14,,,0
500,'5508',731,,3296,14,,,0,70,,3318,14,,,0,30,,3298,14,,,0,70,,3316,14,,,0,30,,3299,14,,,0,70,,3306,14,,,0,30,,3300,14,,,0,70,,3307,14,,,0,30,,3297,14,,,0,70,,3308,14,,,0,30,,3302,14,,,0,70,,3309,14,,,0,30,,3301,14,,,0,70,,3310,14,,,0,30,,3303,14,,,0,70,,3312,14,,,0,30,,3304,14,,,0,70,,3319,14,,,0,30,,3305,14,,,0,70,,3317,14,,,0,30,,3311,14,,,0,70,,3313,14,,,0,30,,3314,14,,,0
1501,'5414',1926,,3590,16,0,7,0,124,,3591,16,0,7,0
1501,'5475',1926,,3577,16,0,7,0,124,,3579,16,0,7,0,388,,3584,16,0,7,0,164,,3582,16,0,7,0
1501,'5501',1926,,3585,16,0,7,0,124,,3587,16,0,7,0
1501,'5505',1926,,3593,16,0,7,0,124,,3595,16,0,7,0
1501,'5506',1926,,3597,16,0,7,0,124,,3599,16,0,7,0
1501,'5508',1926,,3601,16,0,7,0,124,,3603,16,0,7,0
1600,'5504',901,,4124,3,,,0,100,,4127,9,,,0,100,,4126,9,,,0,100,,4125,9,,,0,100,,4128,9,,,0,100,,4129,9,,,0,100,,4130,9,,,0,100,,4131,9,,,0,100,,4132,9,,,0
1000100,'5475',1909,,3808,18,,,0,30,,3819,18,,,0,70,,3817,18,,,0,30,,3818,18,,,0,70,,3814,18,,,0,30,,3816,18,,,0,70,,3815,18,,,0,30,,3813,18,,,0,170,,3810,18,,,0,30,,3812,18,,,0,70,,3809,18,,,0,30,,3811,18,,,0
