3000,'5475',838,,3685,25,,,0,314,,3684,27,,,0,181,,3688,25,,,0,295,,3686,25,,,0,174,,3687,27,,,0
3000,'5501',838,,3690,25,,,0,314,,3689,27,,,0,181,,3693,25,,,0,295,,3691,25,,,0,174,,3692,27,,,0
3000,'5503',938,,3694,25,,,0,214,,3695,27,,,0,181,,3697,25,,,0,295,,3696,25,,,0,174,,3698,27,,,0
3000,'5505',838,,3700,25,,,0,314,,3699,27,,,0,181,,3703,25,,,0,295,,3701,25,,,0,174,,3702,27,,,0
3000,'5506',838,,3705,25,,,0,314,,3704,27,,,0,181,,3708,25,,,0,295,,3706,25,,,0,174,,3707,27,,,0
3000,'5508',838,,3710,25,,,0,314,,3709,27,,,0,181,,3713,25,,,0,295,,3711,25,,,0,174,,3712,27,,,0
3001,'5475',716,,3714,2,,,0,315,,3715,2,,,0,185,,3718,2,,,0,290,,3716,2,,,0,135,,3717,2,,,0
3001,'5501',716,,3719,2,,,0,315,,3720,2,,,0,185,,3723,2,,,0,290,,3721,2,,,0,135,,3722,2,,,0
3001,'5503',816,,3724,2,,,0,215,,3725,2,,,0,185,,3726,2,,,0,290,,3727,2,,,0,135,,3728,2,,,0
3001,'5505',716,,3729,2,,,0,315,,3730,2,,,0,185,,3733,2,,,0,290,,3731,2,,,0,135,,3732,2,,,0
3001,'5506',716,,3734,2,,,0,315,,3735,2,,,0,185,,3738,2,,,0,290,,3736,2,,,0,135,,3737,2,,,0
3001,'5508',716,,3739,2,,,0,315,,3740,2,,,0,185,,3743,2,,,0,290,,3741,2,,,0,135,,3742,2,,,0
