500,'5414',931,,3224,13,,,0,70,,3240,13,,,0,30,,3229,13,,,0,70,,3237,13,,,0,30,,3230,13,,,0,70,,3238,13,,,0,30,,3232,13,,,0,70,,3236,13,,,0,30,,3233,13,,,0,70,,3239,13,,,0,30,,3231,13,,,0,70,,3241,13,,,0,30,,3228,13,,,0,70,,3235,13,,,0,30,,3227,13,,,0,70,,3234,13,,,0,30,,3225,13,,,0,70,,3242,13,,,0,30,,3226,13,,,0
500,'5475',731,,3176,13,,,0,70,,3198,13,,,0,30,,3178,13,,,0,70,,3196,13,,,0,30,,3179,13,,,0,70,,3186,13,,,0,30,,3180,13,,,0,70,,3187,13,,,0,30,,3177,13,,,0,70,,3188,13,,,0,30,,3182,13,,,0,70,,3189,13,,,0,30,,3181,13,,,0,70,,3190,13,,,0,30,,3183,13,,,0,70,,3192,13,,,0,30,,3184,13,,,0,70,,3199,13,,,0,30,,3185,13,,,0,70,,3197,13,,,0,30,,3191,13,,,0,70,,3193,13,,,0,30,,3194,13,,,0
500,'5501',731,,3200,13,,,0,70,,3222,13,0,11 12,0,30,,3202,13,,,0,70,,3220,13,,,0,30,,3203,13,,,0,70,,3210,13,,,0,30,,3204,13,,,0,70,,3211,13,,,0,30,,3201,13,,,0,70,,3212,13,,,0,30,,3206,13,,,0,70,,3213,13,,,0,30,,3205,13,,,0,70,,3214,13,,,0,30,,3207,13,,,0,70,,3216,13,,,0,30,,3208,13,,,0,73,,3223,13,,,0,27,,3209,13,,,0,70,,3221,13,,,0,30,,3215,13,,,0,70,,3217,13,,,0,30,,3218,13,,,0
500,'5504',1301,,3244,13,,,0,100,,3245,13,,,0,100,,3246,13,,,0,100,,3247,13,,,0
500,'5505',731,,3248,13,,,0,70,,3270,13,0,11 12,0,30,,3250,13,,,0,70,,3268,13,,,0,30,,3251,13,,,0,70,,3258,13,,,0,30,,3252,13,,,0,70,,3259,13,,,0,30,,3249,13,,,0,70,,3260,13,,,0,30,,3254,13,,,0,70,,3261,13,,,0,30,,3253,13,,,0,70,,3262,13,,,0,30,,3255,13,,,0,70,,3264,13,,,0,30,,3256,13,,,0,73,,3271,13,,,0,27,,3257,13,,,0,70,,3269,13,,,0,30,,3263,13,,,0,70,,3265,13,,,0,30,,3266,13,,,0
500,'5506',731,,3272,13,,,0,70,,3294,13,,,0,30,,3274,13,,,0,70,,3292,13,,,0,30,,3275,13,,,0,70,,3282,13,,,0,30,,3276,13,,,0,70,,3283,13,,,0,30,,3273,13,,,0,70,,3284,13,,,0,30,,3278,13,,,0,70,,3285,13,,,0,30,,3277,13,,,0,70,,3286,13,,,0,30,,3279,13,,,0,70,,3288,13,,,0,30,,3280,13,,,0,70,,3295,13,,,0,30,,3281,13,,,0,70,,3293,13,,,0,30,,3287,13,,,0,70,,3289,13,,,0,30,,3290,13,,,0
500,'5508',731,,3296,13,,,0,70,,3318,13,,,0,30,,3298,13,,,0,70,,3316,13,,,0,30,,3299,13,,,0,70,,3306,13,,,0,30,,3300,13,,,0,70,,3307,13,,,0,30,,3297,13,,,0,70,,3308,13,,,0,30,,3302,13,,,0,70,,3309,13,,,0,30,,3301,13,,,0,70,,3310,13,,,0,30,,3303,13,,,0,70,,3312,13,,,0,30,,3304,13,,,0,70,,3319,13,,,0,30,,3305,13,,,0,70,,3317,13,,,0,30,,3311,13,,,0,70,,3313,13,,,0,30,,3314,13,,,0
1501,'5414',1926,,3590,15,0,7,0,124,,3591,15,0,7,0
1501,'5475',1926,,3577,15,0,7,0,124,,3579,15,0,7,0,387,,3584,15,0,7,0,164,,3582,15,0,7,0
1501,'5501',1926,,3585,15,0,7,0,124,,3587,15,0,7,0
1501,'5505',1926,,3593,15,0,7,0,124,,3595,15,0,7,0
1501,'5506',1926,,3597,15,0,7,0,124,,3599,15,0,7,0
1501,'5508',1926,,3601,15,0,7,0,124,,3603,15,0,7,0
1600,'5504',901,,4124,2,,,0,100,,4127,8,,,0,100,,4126,8,,,0,100,,4125,8,,,0,100,,4128,8,,,0,100,,4129,8,,,0,100,,4130,8,,,0,100,,4131,8,,,0,100,,4132,8,,,0
1000100,'5475',1909,,3808,17,,,0,30,,3819,17,,,0,70,,3817,17,,,0,30,,3818,17,,,0,70,,3814,17,,,0,30,,3816,17,,,0,70,,3815,17,,,0,30,,3813,17,,,0,170,,3810,17,,,0,30,,3812,17,,,0,70,,3809,17,,,0,30,,3811,17,,,0
