3000,'5475',830,,3685,22,,,0,314,,3684,24,,,0,181,,3688,22,,,0,295,,3686,22,,,0,134,,3687,24,,,0
3000,'5501',830,,3690,22,,,0,314,,3689,24,,,0,181,,3693,22,,,0,295,,3691,22,,,0,134,,3692,24,,,0
3000,'5503',930,,3694,22,,,0,214,,3695,24,,,0,181,,3697,22,,,0,295,,3696,22,,,0,134,,3698,24,,,0
3000,'5505',830,,3700,22,,,0,314,,3699,24,,,0,181,,3703,22,,,0,295,,3701,22,,,0,134,,3702,24,,,0
3000,'5506',830,,3705,22,,,0,314,,3704,24,,,0,181,,3708,22,,,0,295,,3706,22,,,0,134,,3707,24,,,0
3000,'5508',830,,3710,22,,,0,314,,3709,24,,,0,181,,3713,22,,,0,295,,3711,22,,,0,134,,3712,24,,,0
7000,'5475',632,,3776,41,,,0,304,,3777,24,,,0,364,,3778,24,,,0,300,,3779,24,,,0
7000,'5501',632,,3780,41,,,0,304,,3781,24,,,0,364,,3782,24,,,0,300,,3783,24,,,0
7000,'5505',632,,3784,41,,,0,304,,3785,24,,,0,364,,3786,24,,,0,300,,3787,24,,,0
7000,'5506',632,,3788,41,,,0,304,,3789,24,,,0,364,,3790,24,,,0,300,,3791,24,,,0
