2100,'5475',715,,3665,7,,,0,130,,3664,16,,,0,300,,3667,16,,,0,469,,3668,7,,,0,130,,3666,7,,,0
2100,'5501',715,,3670,7,,,0,130,,3669,16,,,0,300,,3672,16,,,0,469,,3673,7,,,0,130,,3671,7,,,0
2100,'5505',715,,3675,7,,,0,130,,3674,16,,,0,300,,3677,16,,,0,469,,3678,7,,,0,130,,3676,7,,,0
2100,'5506',715,,3680,7,,,0,130,,3679,16,,,0,300,,3682,16,,,0,469,,3683,7,,,0,130,,3681,7,,,0
4000,'5475',803,,3745,5,,,0,516,,3744,5,,,0
4000,'5501',803,,3747,5,,,0,516,,3746,5,,,0
4000,'5505',803,,3749,5,,,0,115,,3750,5,,,0,401,,3748,5,,,0
4000,'5506',803,,3752,5,,,0,516,,3751,5,,,0
4001,'5475',1023,,3753,22,,,0,604,,3754,22,,,0
4001,'5501',1023,,3755,22,,,0,604,,3756,22,,,0
4001,'5505',1023,,3757,22,,,0,327,,3759,7,,,0,277,,3758,22,,,0
4001,'5506',1023,,3760,22,,,0,604,,3761,22,,,0
