101,'5414',901,,3900,11,,,0,100,,3902,11,,,0,100,,3896,11,,,0,100,,3898,11,,,0,100,,3901,11,,,0,100,,3899,11,,,0,100,,3903,11,,,0,100,,3897,11,,,0,100,,3904,11,,,0,100,,3905,11,,,0
101,'5475',701,,3908,11,,,0,100,,3909,11,,,0,100,,3910,11,,,0,100,,3911,11,,,0,100,,3913,11,,,0,100,,3912,11,,,0,100,,3915,11,,,0,100,,3914,11,,,0,100,,3916,11,,,0,100,,3917,11,,,0,100,,3918,11,,,0,100,,3919,11,,,0
101,'5505',701,,3921,11,,,0,100,,3922,11,,,0,100,,3923,11,,,0,100,,3924,11,,,0,100,,3926,11,,,0,100,,3925,11,,,0,100,,3928,11,,,0,100,,3927,11,,,0,100,,3929,11,,,0,100,,3930,11,,,0,100,,3931,11,,,0,100,,3932,11,,,0
101,'5506',701,,3934,11,,,0,100,,3935,11,,,0,100,,3936,11,,,0,100,,3937,11,,,0,100,,3939,11,,,0,100,,3938,11,,,0,100,,3941,11,,,0,100,,3940,11,,,0,100,,3942,11,,,0,100,,3943,11,,,0,100,,3944,11,,,0,100,,3945,11,,,0
101,'5508',701,,3947,11,,,0,100,,3948,11,,,0,100,,3949,11,,,0,100,,3950,11,,,0,100,,3952,11,,,0,100,,3951,11,,,0,100,,3954,11,,,0,100,,3953,11,,,0,100,,3955,11,,,0,100,,3956,11,,,0,100,,3957,11,,,0,100,,3958,11,,,0
101,'5625',701,,3960,11,,,0,100,,3961,11,,,0,100,,3962,11,,,0,100,,3963,11,,,0,100,,3965,11,,,0,100,,3964,11,,,0,100,,3967,11,,,0,100,,3966,11,,,0,100,,3968,11,,,0,100,,3969,11,,,0,100,,3970,11,,,0,100,,3971,11,,,0
301,'5414',831,,2974,6,,,0,100,,2973,13,,,0,100,,2976,13,,,0,100,,2975,13,,,0,100,,2977,13,,,0,100,,2978,13,,,0,100,,2979,13,,,0,100,,2980,13,,,0,100,,2981,13,,,0,100,,2983,13,,,0
301,'5475',631,,2947,3,,,0,100,,2948,13,,,0,100,,2949,6,,,0,100,,2950,13,,,0,100,,2951,13,,,0,100,,2952,13,,,0,100,,2953,13,,,0,100,,2954,13,,,0,100,,2955,13,,,0,100,,2956,13,,,0,100,,2957,13,,,0,100,,2958,13,,,0
301,'5501',631,,2960,3,,,0,100,,2961,13,,,0,100,,2962,6,,,0,100,,2963,13,,,0,100,,2964,13,,,0,100,,2965,13,,,0,100,,2966,13,,,0,100,,2967,13,,,0,100,,2968,13,,,0,100,,2969,13,,,0,100,,2970,13,,,0,100,,2971,13,,,0
301,'5505',631,,2984,3,,,0,100,,2985,13,,,0,100,,2986,6,,,0,100,,2987,13,,,0,100,,2988,13,,,0,100,,2989,13,,,0,100,,2990,13,,,0,100,,2991,13,,,0,100,,2992,13,,,0,100,,2993,13,,,0,100,,2994,13,,,0,100,,2995,13,,,0
301,'5506',631,,2997,3,,,0,100,,2998,13,,,0,100,,2999,6,,,0,100,,3000,13,,,0,100,,3001,13,,,0,100,,3002,13,,,0,100,,3003,13,,,0,100,,3004,13,,,0,100,,3005,13,,,0,100,,3006,13,,,0,100,,3007,13,,,0,100,,3008,13,,,0
301,'5508',631,,3010,3,,,0,100,,3011,13,,,0,100,,3012,6,,,0,100,,3013,13,,,0,100,,3014,13,,,0,100,,3015,13,,,0,100,,3016,13,,,0,100,,3017,13,,,0,100,,3018,13,,,0,100,,3019,13,,,0,100,,3020,13,,,0,100,,3021,13,,,0
1500,'5414',1850,,3546,3,0,13,0,164,,3548,3,0,13,0,124,,3550,3,0,13,0,85,,3552,3,0,13,0
1500,'5475',1850,,3526,3,0,14 15,0,164,,3529,3,0,13,0,124,,3531,3,0,13,0,85,,3533,3,0,13,0,179,,3536,3,0,13,0,124,,3534,3,0,13,0
1500,'5501',1850,,3538,3,0,14 15,0,164,,3541,3,0,13,0,124,,3543,3,0,13,0,85,,3545,3,0,13,0
1500,'5505',1850,,3553,3,0,14 15,0,164,,3556,3,0,13,0,124,,3558,3,0,13,0,85,,3560,3,0,13,0
1500,'5506',1850,,3561,3,0,14 15,0,164,,3564,3,0,13,0,124,,3566,3,0,13,0,85,,3568,3,0,13,0
1500,'5508',1850,,3569,3,0,14 15,0,164,,3572,3,0,13,0,124,,3574,3,0,13,0,85,,3576,3,0,13,0
7001,'5475',846,,3792,16,0,14 15,0,296,,3793,14,0,14 15,0,365,,3794,16,0,14 15,0,305,,3795,14,,,0
7001,'5501',846,,3796,16,0,14 15,0,296,,3797,14,0,14 15,0,365,,3798,16,0,14 15,0,305,,3799,14,,,0
7001,'5505',846,,3800,16,0,14 15,0,296,,3801,14,0,14 15,0,365,,3802,16,0,14 15,0,305,,3803,14,,,0
7001,'5506',846,,3804,16,0,14 15,0,296,,3805,14,0,14 15,0,365,,3806,16,0,14 15,0,305,,3807,14,,,0
