100,'5414',848,,2599,32,4,,0,100,,2601,40,4,,0,100,,2605,40,4,,0,100,,2609,40,4,,0,100,,2602,40,4,,0,100,,2600,40,4,,0,100,,2606,40,4,,0,100,,2604,40,4,,0,100,,2603,40,4,,0,100,,2608,40,4,,0
100,'5475',648,,2573,40,4,,0,100,,2574,40,4,,0,100,,2575,32,4,,0,100,,2576,40,4,,0,100,,2577,40,4,,0,100,,2578,40,4,,0,100,,2579,40,4,,0,100,,2580,40,4,,0,100,,2581,40,4,,0,100,,2582,40,4,,0,100,,2583,40,4,,0,100,,2584,40,4,,0
100,'5501',648,,2586,40,4,,0,100,,2587,40,4,,0,100,,2588,32,4,,0,100,,2589,40,4,,0,100,,2590,40,4,,0,100,,2591,40,4,,0,100,,2592,40,4,,0,100,,2593,40,4,,0,100,,2594,40,4,,0,100,,2595,40,4,,0,100,,2596,40,4,,0,100,,2597,40,4,,0
100,'5505',648,,2610,40,4,,0,100,,2611,40,4,,0,100,,2612,32,4,,0,100,,2613,40,4,,0,100,,2614,40,4,,0,100,,2615,40,4,,0,100,,2616,40,4,,0,100,,2617,40,4,,0,100,,2618,40,4,,0,100,,2619,40,4,,0,100,,2620,40,4,,0,100,,2621,40,4,,0
100,'5506',648,,2623,40,4,,0,100,,2624,40,4,,0,100,,2625,32,4,,0,100,,2626,40,4,,0,100,,2627,40,4,,0,100,,2628,40,4,,0,100,,2629,40,4,,0,100,,2630,40,4,,0,100,,2631,40,4,,0,100,,2632,40,4,,0,100,,2633,40,4,,0,100,,2634,40,4,,0
100,'5508',648,,2636,40,4,,0,100,,2637,40,4,,0,100,,2638,32,4,,0,100,,2639,40,4,,0,100,,2640,40,4,,0,100,,2641,40,4,,0,100,,2642,40,4,,0,100,,2643,40,4,,0,100,,2644,40,4,,0,100,,2645,40,4,,0,100,,2646,40,4,,0,100,,2647,40,4,,0
101,'5414',848,,2679,1,,,0,100,,2681,1,,,0,100,,2675,1,,,0,100,,2677,1,,,0,100,,2680,1,,,0,100,,2678,1,,,0,100,,2682,1,,,0,100,,2676,1,,,0,100,,2683,1,,,0,100,,2684,1,,,0
101,'5475',648,,2650,1,,,0,100,,2651,1,,,0,100,,2652,1,,,0,100,,2653,1,,,0,100,,2655,1,,,0,100,,2654,1,,,0,100,,2657,1,,,0,100,,2656,1,,,0,100,,2658,1,,,0,100,,2659,1,,,0,100,,2660,1,,,0,100,,2661,1,,,0
101,'5501',648,,2663,1,,,0,100,,2664,1,,,0,100,,2665,1,,,0,100,,2666,1,,,0,100,,2668,1,,,0,100,,2667,1,,,0,100,,2670,1,,,0,100,,2669,1,,,0,100,,2671,1,,,0,100,,2672,1,,,0,100,,2673,1,,,0,100,,2674,1,,,0
101,'5505',648,,2687,1,,,0,100,,2688,1,,,0,100,,2689,1,,,0,100,,2690,1,,,0,100,,2692,1,,,0,100,,2691,1,,,0,100,,2694,1,,,0,100,,2693,1,,,0,100,,2695,1,,,0,100,,2696,1,,,0,100,,2697,1,,,0,100,,2698,1,,,0
101,'5506',648,,2700,1,,,0,100,,2701,1,,,0,100,,2702,1,,,0,100,,2703,1,,,0,100,,2705,1,,,0,100,,2704,1,,,0,100,,2707,1,,,0,100,,2706,1,,,0,100,,2708,1,,,0,100,,2709,1,,,0,100,,2710,1,,,0,100,,2711,1,,,0
101,'5508',648,,2713,1,,,0,100,,2714,1,,,0,100,,2715,1,,,0,100,,2716,1,,,0,100,,2718,1,,,0,100,,2717,1,,,0,100,,2720,1,,,0,100,,2719,1,,,0,100,,2721,1,,,0,100,,2722,1,,,0,100,,2723,1,,,0,100,,2724,1,,,0
1600,'5504',917,,3605,30,0,16 18,0,100,,3608,36,,,0,100,,3607,36,,,0,100,,3606,36,,,0,100,,3609,36,,,0,100,,3610,36,,,0,100,,3611,36,,,0,100,,3612,36,,,0,100,,3613,36,,,0
1000100,'5475',1918,,3808,33,,,0,30,,3819,33,,,0,70,,3817,33,,,0,30,,3818,33,,,0,70,,3814,33,,,0,30,,3816,33,,,0,70,,3815,33,,,0,30,,3813,33,,,0,170,,3810,33,,,0,30,,3812,33,,,0,70,,3809,33,,,0,30,,3811,33,,,0
