201,'5414',824,,2821,32,,,0,100,,2822,32,,,0,100,,2823,32,,,0,100,,2824,32,,,0,100,,2825,32,,,0,100,,2826,32,,,0,100,,2827,32,,,0,100,,2828,32,,,0,100,,2829,32,,,0,100,,2830,32,,,0,100,,2831,32,,,0
201,'5475',724,,2795,32,,,0,100,,2796,32,,,0,100,,2797,32,,,0,100,,2798,32,,,0,100,,2799,32,,,0,100,,2800,32,,,0,100,,2801,32,,,0,100,,2802,32,,,0,100,,2803,32,,,0,100,,2804,32,,,0,100,,2805,32,,,0,100,,2807,14,,,0
201,'5501',724,,2808,32,,,0,100,,2809,32,,,0,100,,2810,32,,,0,100,,2811,32,,,0,100,,2812,32,,,0,100,,2813,32,,,0,100,,2814,32,,,0,100,,2815,32,,,0,100,,2816,32,,,0,100,,2817,32,,,0,100,,2818,32,,,0,100,,2820,14,,,0
201,'5505',724,,2832,32,,,0,100,,2833,32,,,0,100,,2834,32,,,0,100,,2835,32,,,0,100,,2836,32,,,0,100,,2837,32,,,0,100,,2838,32,,,0,100,,2839,32,,,0,100,,2840,32,,,0,100,,2841,32,,,0,100,,2842,32,,,0,100,,2844,14,,,0
201,'5506',724,,2845,32,,,0,100,,2846,32,,,0,100,,2847,32,,,0,100,,2848,32,,,0,100,,2849,32,,,0,100,,2850,32,,,0,100,,2851,32,,,0,100,,2852,32,,,0,100,,2853,32,,,0,100,,2854,32,,,0,100,,2855,32,,,0,100,,2857,14,,,0
201,'5508',724,,2858,32,,,0,100,,2859,32,,,0,100,,2860,32,,,0,100,,2861,32,,,0,100,,2862,32,,,0,100,,2863,32,,,0,100,,2864,32,,,0,100,,2865,32,,,0,100,,2866,32,,,0,100,,2867,32,,,0,100,,2868,32,,,0,100,,2870,14,,,0
401,'5414',850,,3126,25,,,0,100,,3128,25,,,0,100,,3129,25,,,0,100,,3127,25,,,0,100,,3131,25,,,0,100,,3130,25,,,0,100,,3132,25,,,0,100,,3133,25,,,0,100,,3134,25,,,0,100,,3135,25,,,0
401,'5475',650,,3106,12,,,0,100,,3107,25,,,0,100,,3108,25,,,0,100,,3109,25,,,0,100,,3110,25,,,0,100,,3111,25,,,0,100,,3112,25,,,0,100,,3104,25,,,0,100,,3105,25,,,0,100,,3102,25,,,0,100,,3101,25,,,0,100,,3103,25,,,0
401,'5501',650,,3119,12,,,0,100,,3120,25,,,0,100,,3121,25,,,0,100,,3122,25,,,0,100,,3123,25,,,0,100,,3124,25,,,0,100,,3125,25,,,0,100,,3117,25,,,0,100,,3118,25,,,0,100,,3115,25,,,0,100,,3114,25,,,0,100,,3116,25,,,0
401,'5505',650,,3143,12,,,0,100,,3144,25,,,0,100,,3145,25,,,0,100,,3146,25,,,0,100,,3147,25,,,0,100,,3148,25,,,0,100,,3149,25,,,0,100,,3141,25,,,0,100,,3142,25,,,0,100,,3139,25,,,0,100,,3138,25,,,0,100,,3140,25,,,0
401,'5506',650,,3156,12,,,0,100,,3157,25,,,0,100,,3158,25,,,0,100,,3159,25,,,0,100,,3160,25,,,0,100,,3161,25,,,0,100,,3162,25,,,0,100,,3154,25,,,0,100,,3155,25,,,0,100,,3152,25,,,0,100,,3151,25,,,0,100,,3153,25,,,0
401,'5508',650,,3169,12,,,0,100,,3170,25,,,0,100,,3171,25,,,0,100,,3172,25,,,0,100,,3173,25,,,0,100,,3174,25,,,0,100,,3175,25,,,0,100,,3167,25,,,0,100,,3168,25,,,0,100,,3165,25,,,0,100,,3164,25,,,0,100,,3166,25,,,0
1100,'5475',1000,,3502,14,,,0,308,,3503,14,,,0
1100,'5501',1000,,3505,14,,,0,308,,3506,14,,,0
1100,'5505',1000,,3508,14,,,0,308,,3509,14,,,0
1100,'5506',1000,,3511,14,,,0,308,,3512,14,,,0
1501,'5414',1949,,3589,14,,,0,164,,3592,14,,,0
1501,'5475',1949,,3578,14,,,0,164,,3580,14,,,0,388,,3583,14,,,0,125,,3581,14,0,14 15,0
1501,'5501',1949,,3586,14,,,0,164,,3588,14,,,0
1501,'5505',1949,,3594,14,,,0,164,,3596,14,,,0
1501,'5506',1949,,3598,14,,,0,164,,3600,14,,,0
1501,'5508',1949,,3602,14,,,0,164,,3604,14,,,0
7001,'5475',854,,4185,26,0,14 15,0,296,,4186,24,0,14 15,0,365,,4187,26,0,14 15,0,302,,4188,24,,,0
7001,'5505',854,,4189,26,0,14 15,0,296,,4190,24,0,14 15,0,365,,4191,26,0,14 15,0,302,,4192,24,,,0
7001,'5506',854,,4193,26,0,14 15,0,296,,4194,24,0,14 15,0,365,,4195,26,0,14 15,0,302,,4196,24,,,0
7001,'5681',854,,3796,26,0,14 15,0,296,,3797,24,0,14 15,0,365,,3798,26,0,14 15,0,302,,3799,24,,,0
7001,'5682',854,,4197,26,0,14 15,0,296,,4198,24,0,14 15,0,365,,4199,26,0,14 15,0,302,,4200,24,,,0
