100,'5475',643,,3972,28,,,0,100,,3973,28,,,0,100,,3974,20,,,0,100,,3975,28,,,0,100,,3976,28,,,0,100,,3977,28,,,0,100,,3978,28,,,0,100,,3979,28,,,0,100,,3980,28,,,0,100,,3981,28,,,0,100,,3982,28,,,0,100,,3983,28,,,0
100,'5505',643,,3985,28,,,0,100,,3986,28,,,0,100,,3987,20,,,0,100,,3988,28,,,0,100,,3989,28,,,0,100,,3990,28,,,0,100,,3991,28,,,0,100,,3992,28,,,0,100,,3993,28,,,0,100,,3994,28,,,0,100,,3995,28,,,0,100,,3996,28,,,0
100,'5506',643,,3998,28,,,0,100,,3999,28,,,0,100,,4000,20,,,0,100,,4001,28,,,0,100,,4002,28,,,0,100,,4003,28,,,0,100,,4004,28,,,0,100,,4005,28,,,0,100,,4006,28,,,0,100,,4007,28,,,0,100,,4008,28,,,0,100,,4009,28,,,0
100,'5508',643,,4011,28,,,0,100,,4012,28,,,0,100,,4013,20,,,0,100,,4014,28,,,0,100,,4015,28,,,0,100,,4016,28,,,0,100,,4017,28,,,0,100,,4018,28,,,0,100,,4019,28,,,0,100,,4020,28,,,0,100,,4021,28,,,0,100,,4022,28,,,0
100,'5681',643,,3883,28,,,0,100,,3884,28,,,0,100,,3885,20,,,0,100,,3886,28,,,0,100,,3887,28,,,0,100,,3888,28,,,0,100,,3889,28,,,0,100,,3890,28,,,0,100,,3891,28,,,0,100,,3892,28,,,0,100,,3893,28,,,0,100,,3894,28,,,0
100,'5682',643,,4024,28,,,0,100,,4025,28,,,0,100,,4026,20,,,0,100,,4027,28,,,0,100,,4028,28,,,0,100,,4029,28,,,0,100,,4030,28,,,0,100,,4031,28,,,0,100,,4032,28,,,0,100,,4033,28,,,0,100,,4034,28,,,0,100,,4035,28,,,0
100,'5683',843,,4037,20,,,0,100,,4039,28,,,0,100,,4043,28,,,0,100,,4047,28,,,0,100,,4040,28,,,0,100,,4038,28,,,0,100,,4044,28,,,0,100,,4042,28,,,0,100,,4041,28,,,0,100,,4046,28,,,0
201,'5414',803,,2821,13,,,0,100,,2822,13,,,0,100,,2823,13,,,0,100,,2824,13,,,0,100,,2825,13,,,0,100,,2826,13,,,0,100,,2827,13,,,0,100,,2828,13,,,0,100,,2829,13,,,0,100,,2830,13,,,0,100,,2831,13,,,0
201,'5475',703,,2795,13,,,0,100,,2796,13,,,0,100,,2797,13,,,0,100,,2798,13,,,0,100,,2799,13,,,0,100,,2800,13,,,0,100,,2801,13,,,0,100,,2802,13,,,0,100,,2803,13,,,0,100,,2804,13,,,0,100,,2805,13,,,0,100,,2806,13,0,7 6,0
201,'5501',703,,2808,13,,,0,100,,2809,13,,,0,100,,2810,13,,,0,100,,2811,13,,,0,100,,2812,13,,,0,100,,2813,13,,,0,100,,2814,13,,,0,100,,2815,13,,,0,100,,2816,13,,,0,100,,2817,13,,,0,100,,2818,13,,,0,100,,2819,13,0,7 6,0
201,'5505',703,,2832,13,,,0,100,,2833,13,,,0,100,,2834,13,,,0,100,,2835,13,,,0,100,,2836,13,,,0,100,,2837,13,,,0,100,,2838,13,,,0,100,,2839,13,,,0,100,,2840,13,,,0,100,,2841,13,,,0,100,,2842,13,,,0,100,,2843,13,0,7 6,0
201,'5506',703,,2845,13,,,0,100,,2846,13,,,0,100,,2847,13,,,0,100,,2848,13,,,0,100,,2849,13,,,0,100,,2850,13,,,0,100,,2851,13,,,0,100,,2852,13,,,0,100,,2853,13,,,0,100,,2854,13,,,0,100,,2855,13,,,0,100,,2856,13,0,7 6,0
201,'5508',703,,2858,13,,,0,100,,2859,13,,,0,100,,2860,13,,,0,100,,2861,13,,,0,100,,2862,13,,,0,100,,2863,13,,,0,100,,2864,13,,,0,100,,2865,13,,,0,100,,2866,13,,,0,100,,2867,13,,,0,100,,2868,13,,,0,100,,2869,13,0,7 6,0
1501,'5414',1940,,3590,38,0,7,0,164,,3591,38,0,7,0
1501,'5475',1940,,3577,38,0,7,0,164,,3579,38,0,7,0,348,,3584,38,0,7,0,164,,3582,38,0,7,0
1501,'5501',1940,,3585,38,0,7,0,164,,3587,38,0,7,0
1501,'5505',1940,,3593,38,0,7,0,164,,3595,38,0,7,0
1501,'5506',1940,,3597,38,0,7,0,164,,3599,38,0,7,0
1501,'5508',1940,,3601,38,0,7,0,164,,3603,38,0,7,0
1600,'5680',911,,3605,18,,,0,100,,3608,24,,,0,100,,3607,24,,,0,100,,3606,24,,,0,100,,3609,24,,,0,100,,3610,24,,,0,100,,3611,24,,,0,100,,3612,24,,,0,100,,3613,24,,,0
1600,'5684',911,,4124,18,,,0,100,,4127,24,,,0,100,,4126,24,,,0,100,,4125,24,,,0,100,,4128,24,,,0,100,,4129,24,,,0,100,,4130,24,,,0,100,,4131,24,,,0,100,,4132,24,,,0
7000,'5475',612,,4169,31,,,0,305,,4170,14,,,0,324,,4171,14,,,0,300,,4172,14,,,0
7000,'5505',612,,4173,31,,,0,305,,4174,14,,,0,324,,4175,14,,,0,300,,4176,14,,,0
7000,'5506',612,,4177,31,,,0,305,,4178,14,,,0,324,,4179,14,,,0,300,,4180,14,,,0
7000,'5681',612,,3780,31,,,0,305,,3781,14,,,0,324,,3782,14,,,0,300,,3783,14,,,0
7000,'5682',612,,4181,31,,,0,305,,4182,14,,,0,324,,4183,14,,,0,300,,4184,14,,,0
