1000,'5475',711,,3464,34,4,,0,124,,3465,34,4,,0,470,,3466,34,4,,0,407,,3467,34,4,,0
1000,'5501',711,,3468,34,4,,0,124,,3469,34,4,,0,470,,3470,34,4,,0,407,,3471,34,4,,0
1000,'5503',835,,3472,34,4,,0,470,,3473,34,4,,0,407,,3474,34,4,,0
1000,'5505',711,,3475,34,4,,0,124,,3476,34,4,,0,470,,3477,34,4,,0,407,,3478,34,4,,0
1000,'5506',711,,3479,34,4,,0,124,,3480,34,4,,0,470,,3481,34,4,,0,407,,3482,34,4,,0
1001,'5475',717,,3483,1,,,0,123,,3484,1,,,0,474,,3485,1,,,0,403,,3486,1,,,0
1001,'5501',717,,3487,1,,,0,123,,3488,1,,,0,474,,3489,1,,,0,403,,3490,1,,,0
1001,'5503',840,,3491,1,,,0,474,,3492,1,,,0,403,,3493,1,,,0
1001,'5505',717,,3494,1,,,0,123,,3495,1,,,0,474,,3496,1,,,0,403,,3497,1,,,0
1001,'5506',717,,3498,1,,,0,123,,3499,1,,,0,474,,3500,1,,,0,403,,3501,1,,,0
