200,'5326',647,,1362,24,,,0,100,,1363,24,,,0,100,,1364,24,,,0,100,,1365,24,,,0,100,,1366,24,,,0,100,,1367,24,,,0,100,,1368,24,,,0,100,,1369,24,,,0,100,,1370,24,,,0,100,,1371,24,,,0,100,,1372,24,,,0,100,,1373,24,,,0
200,'5328',847,,1374,24,,,0,100,,1375,24,,,0,100,,1376,24,,,0,100,,1377,24,,,0,100,,1378,24,,,0,100,,1379,24,,,0,100,,1380,24,,,0,100,,1381,24,,,0,100,,1382,24,,,0,100,,1383,24,,,0
400,'5326',718,,1604,24,,,0,100,,1609,24,,,0,100,,1611,24,,,0,100,,1612,24,,,0,100,,1613,24,,,0,100,,1614,24,,,0,100,,1615,24,,,0,100,,1616,24,,,0,100,,1610,24,,,0,100,,1607,24,,,0,100,,1608,24,,,0,110,,1605,9,,,0
400,'5328',818,,1620,24,,,0,100,,1623,24,,,0,100,,1617,24,,,0,100,,1618,24,,,0,100,,1621,24,,,0,100,,1622,24,,,0,100,,1619,24,,,0,100,,1624,24,,,0,100,,1625,24,,,0,100,,1626,24,,,0,110,,1628,9,,,0
1501,'5326',1928,,2038,19,0,7,0,124,,2040,19,0,7,0
1501,'5328',1928,,2043,19,0,7,0,124,,2044,19,0,7,0
3001,'5326',752,,2127,17,,,0,350,,2128,15,,,0,145,,2131,15,,,0,295,,2129,17,,,0,170,,2130,15,,,0
3001,'5328',852,,2132,17,,,0,250,,2133,15,,,0,145,,2134,15,,,0,295,,2135,17,,,0,170,,2136,15,,,0
4001,'5326',952,,2143,10,,,0,604,,2144,10,,,0
7000,'5326',606,,2157,22,,,0,305,,2158,5,,,0,324,,2159,5,,,0,300,,2160,5,,,0
