3000,'5414',1139,,3695,23,,,0,610,,3698,23,,,0
3000,'5475',1139,,3684,23,,,0,610,,3687,23,,,0
3000,'5501',1139,,3689,23,,,0,610,,3692,23,,,0
3000,'5505',1139,,3699,23,,,0,610,,3702,23,,,0
3000,'5506',1139,,3704,23,,,0,610,,3707,23,,,0
3000,'5508',1139,,3709,23,,,0,610,,3712,23,,,0
3001,'5414',834,,3724,8,,,0,690,,3727,8,,,0
3001,'5475',734,,3714,8,,,0,790,,3716,8,,,0
3001,'5501',734,,3719,8,,,0,790,,3721,8,,,0
3001,'5505',734,,3729,8,,,0,790,,3731,8,,,0
3001,'5506',734,,3734,8,,,0,790,,3736,8,,,0
3001,'5508',734,,3739,8,,,0,790,,3741,8,,,0
