300,'5414',808,,2898,14,0,11 12,0
300,'5475',808,,2872,20,0,11 12,0
300,'5501',808,,2885,20,0,11 12,0
300,'5505',808,,2909,20,0,11 12,0
300,'5506',808,,2922,20,0,11 12,0
300,'5508',808,,2935,20,0,11 12,0
400,'5414',825,,3052,34,,,0,100,,3055,34,,,0,100,,3049,34,,,0,100,,3050,34,,,0,100,,3053,34,,,0,100,,3054,34,,,0,100,,3051,34,,,0,100,,3056,34,,,0,100,,3057,34,,,0,100,,3058,34,,,0,110,,3060,19,,,0
400,'5475',725,,3023,34,,,0,100,,3028,34,,,0,100,,3029,34,,,0,100,,3030,34,,,0,100,,3032,34,,,0,100,,3033,34,,,0,100,,3034,34,,,0,100,,3035,34,,,0,100,,3031,34,,,0,100,,3026,34,,,0,100,,3027,34,,,0,110,,3024,19,,,0
400,'5501',725,,3036,34,,,0,100,,3041,34,,,0,100,,3042,34,,,0,100,,3043,34,,,0,100,,3045,34,,,0,100,,3046,34,,,0,100,,3047,34,,,0,100,,3048,34,,,0,100,,3044,34,,,0,100,,3039,34,,,0,100,,3040,34,,,0,110,,3037,19,,,0
400,'5505',725,,3061,34,,,0,100,,3066,34,,,0,100,,3067,34,,,0,100,,3068,34,,,0,100,,3070,34,,,0,100,,3071,34,,,0,100,,3072,34,,,0,100,,3073,34,,,0,100,,3069,34,,,0,100,,3064,34,,,0,100,,3065,34,,,0,110,,3062,19,,,0
400,'5506',725,,3074,34,,,0,100,,3079,34,,,0,100,,3080,34,,,0,100,,3081,34,,,0,100,,3083,34,,,0,100,,3084,34,,,0,100,,3085,34,,,0,100,,3086,34,,,0,100,,3082,34,,,0,100,,3077,34,,,0,100,,3078,34,,,0,110,,3075,19,,,0
400,'5508',725,,3087,34,,,0,100,,3092,34,,,0,100,,3093,34,,,0,100,,3094,34,,,0,100,,3096,34,,,0,100,,3097,34,,,0,100,,3098,34,,,0,100,,3099,34,,,0,100,,3095,34,,,0,100,,3090,34,,,0,100,,3091,34,,,0,110,,3088,19,,,0
